# lasilla.wfi.ESO873
# photon
# La Silla 2.2m WFI ESO873 http://svo2.cab.inta-csic.es/theory/fps/index.php?id=LaSilla/WFI.ESO873
4280.000 0.00028742237328
4285.000 0.00039746621524
4290.000 0.00054212499588
4295.000 0.00077651539558
4300.000 0.0011078882696
4305.000 0.00160554930282
4310.000 0.00237368444512
4315.000 0.0035930551384
4320.000 0.00550768109856
4325.000 0.0086054122386
4330.000 0.01358489621192
4335.000 0.02191280981772
4340.000 0.0357594997568
4345.000 0.05826845052984
4350.000 0.094846416588
4355.000 0.14810718458588
4360.000 0.2185939025
4365.000 0.30114364389426
4370.000 0.38235182485788
4375.000 0.4517752849948
4380.000 0.50089781915808
4385.000 0.52942534557066
4390.000 0.54374075725512
4395.000 0.54961206202764
4400.000 0.5524849976864
4405.000 0.5545124832339
4410.000 0.55713094368308
4415.000 0.5609307505407
4420.000 0.56552495963392
4425.000 0.5705108714345
4430.000 0.57564067072988
4435.000 0.57997492722052
4440.000 0.58317629612632
4445.000 0.5852342757033
4450.000 0.5856384679206
4455.000 0.58428391761762
4460.000 0.58204551268992
4465.000 0.5794434918503
4470.000 0.57669187385016
4475.000 0.574730301013
4480.000 0.573927446408
4485.000 0.57439457124018
4490.000 0.57631532873136
4495.000 0.57991009432826
4500.000 0.5847655053856
4505.000 0.59037995365882
4510.000 0.5958597072228
4515.000 0.59875986641886
4520.000 0.59496826847416
4525.000 0.5783423892527
4530.000 0.5424331136642
4535.000 0.48380856215692
4540.000 0.4057314920448
4545.000 0.31913733412416
4550.000 0.235484490959
4555.000 0.16458473429804
4560.000 0.11207817691272
4565.000 0.07447664378434
4570.000 0.04928704064284
4575.000 0.0330188233913
4580.000 0.02227777160544
4585.000 0.01532789262114
4590.000 0.01080069513472
4595.000 0.00762353388924
4600.000 0.0055282988224
4605.000 0.0040234921172525
4610.000 0.003024820964865
4615.000 0.00232694878331
4620.000 0.00179039052189
4625.000 0.0013785569851625
4630.000 0.001069529098025
4635.000 0.0008339584192825
4640.000 0.00064981516688
4645.000 0.0005245738097425
4650.000 0.0004139779714
