# lasilla.wfi.ESO852
# photon
# La Silla 2.2m WFI ESO852 http://svo2.cab.inta-csic.es/theory/fps/index.php?id=LaSilla/WFI.ESO852
8136.000 0.00023149300878
8139.000 0.000407592690888
8142.000 0.000675396483132
8144.999 0.0016082051503734
8147.999 0.0026089795391487
8151.000 0.004123988407968
8154.000 0.005329720956276
8157.000 0.006652036280448
8159.999 0.0077456206204499
8162.999 0.0083503873744407
8166.000 0.009433216006404
8169.000 0.011409041705424
8172.000 0.013299761805408
8174.999 0.015200502553395
8177.999 0.015737995281249
8181.000 0.015604565389632
8184.000 0.0152625435369
8187.000 0.016876783406832
8192.999 0.017459210808431
8196.000 0.018153673501716
8199.000 0.018167234649408
8202.000 0.019551769592214
8204.999 0.020146260397904
8207.999 0.02197137114953
8211.000 0.022281081075814
8214.000 0.024301569156954
8217.000 0.025832497723736
8219.999 0.026800077829465
8222.999 0.02650582112755
8226.000 0.03116523131218
8229.000 0.031938520105921
8232.000 0.035360293642436
8234.999 0.037619879502687
8237.999 0.042191818912413
8241.000 0.044986651302574
8244.000 0.050159179699264
8247.000 0.056222630136176
8249.999 0.063424838005213
8252.999 0.068640041407594
8256.000 0.077375530297256
8259.000 0.087418668225013
8262.000 0.097923868561814
8264.999 0.1096669719812
8267.999 0.12296523598238
8271.000 0.13593148685532
8274.000 0.1518201960312
8277.000 0.16787343740209
8279.999 0.18475315034493
8282.999 0.20001611207989
8286.000 0.21703567051491
8289.000 0.23127087380147
8292.000 0.2448881560959
8294.999 0.25865159379815
8297.999 0.26865856381064
8301.000 0.27710773934034
8304.000 0.28380503165753
8307.000 0.28924410638115
8309.999 0.29502760019785
8312.999 0.29753390517638
8316.000 0.30025676332271
8319.000 0.30191115172032
8322.000 0.30268791052707
8324.999 0.303939392099
8327.999 0.30378264736777
8331.000 0.30508715568903
8334.000 0.3048385255904
8337.000 0.30527819916027
8339.999 0.30573311089337
8342.999 0.30622518382129
8346.000 0.30672065280958
8349.000 0.30735747240145
8352.000 0.30771512878546
8354.999 0.30885147136901
8357.999 0.3091675597313
8361.000 0.3092918710105
8364.000 0.31179071183622
8367.000 0.31020254945379
8369.999 0.31261287449827
8372.999 0.31279476343997
8376.000 0.31288214652968
8379.000 0.31309863203968
8382.000 0.31360362056764
8384.999 0.31271529808405
8387.999 0.31331632504692
8391.000 0.31389091392592
8394.000 0.31196946216348
8397.000 0.31236326377157
8399.999 0.31193566956038
8402.999 0.3115675416116
8406.000 0.31110852285576
8409.000 0.31015483498714
8412.000 0.30895584735213
8414.999 0.30934334537386
8417.999 0.30954865671341
8421.000 0.30916065537567
8424.000 0.30804142594931
8427.000 0.3080885942201
8429.999 0.30694300417193
8432.999 0.30645146100875
8436.000 0.30609993519188
8439.000 0.30464865096566
8442.000 0.30207251358196
8444.999 0.29937862154748
8447.999 0.29661269906257
8451.000 0.29235086974204
8454.000 0.28497617497103
8457.000 0.27861065187133
8459.999 0.27060401610649
8462.999 0.25992637034953
8466.000 0.24749749815141
8469.000 0.23676889457847
8472.000 0.2221892785695
8474.999 0.20757882528449
8477.999 0.19318053167743
8481.000 0.17889111727063
8484.000 0.16180628767407
8487.000 0.14784881770712
8489.999 0.13428384421266
8492.999 0.12003649964496
8496.000 0.1083831953772
8499.000 0.097522392462552
8502.000 0.08671297834861
8504.999 0.078374061467096
8507.999 0.070233545643078
8511.000 0.062691332719018
8514.000 0.055940632511127
8517.000 0.051669942979471
8519.999 0.044641581870858
8522.999 0.040836159690034
8526.000 0.036917640665056
8529.000 0.033658777467422
8532.000 0.030532051342344
8534.999 0.028505626693811
8537.999 0.025451983038515
8541.000 0.023343274589861
8544.000 0.021344631414068
8547.000 0.020751316881939
8550.000 0.018087483478825
8582.999 0.0070337645897096
8601.000 0.0035135174364905
8621.000 0.00215605543545
8650.000 0.000334065086625
8700.000 0.0001617320068
