# lasilla.wfi.ESO858
# photon
# La Silla 2.2m WFI ESO858 http://svo2.cab.inta-csic.es/theory/fps/index.php?id=LaSilla/WFI.ESO858
6460.000 0.00038370032322
6465.000 0.000455740175205
6470.000 0.00053489518642
6475.000 0.000635593695
6480.000 0.00075056778368
6485.000 0.000901417526875
6490.000 0.00107364669399
6495.000 0.00131040451451
6500.000 0.0015899551291
6505.000 0.001933762827255
6510.000 0.00239195621277
6515.000 0.00297144110979
6520.000 0.0037293028656
6525.000 0.004708113623775
6530.000 0.00600759310993
6535.000 0.007748608507695
6540.000 0.0100802386986
6545.000 0.013036792152875
6550.000 0.01688087346825
6555.000 0.022173799460605
6560.000 0.02995969938656
6565.000 0.04148587946331
6570.000 0.0582020025014
6575.000 0.082491546194575
6580.000 0.1175330960019
6585.000 0.16445787409843
6590.000 0.22637932179038
6595.000 0.3024747285601
6600.000 0.384396566492
6605.000 0.46253852499315
6610.000 0.5265903975358
6615.000 0.56917916053695
6620.000 0.5934609738512
6625.000 0.6041328830615
6630.000 0.6070157245493
6635.000 0.6065614019177
6640.000 0.605215676374
6645.000 0.6040115413541
6655.000 0.6021378337289
6660.000 0.601711279302
6665.000 0.6013816015317
6670.000 0.6011762987331
6675.000 0.6007610897595
6680.000 0.5989002979358
6685.000 0.59320563332745
6690.000 0.5802333173735
6695.000 0.55527602715755
6700.000 0.514748607912
6705.000 0.4567060793925
6710.000 0.386570918234
6715.000 0.3116058273334
6720.000 0.2406477922672
6725.000 0.17957064505975
6730.000 0.1314676728043
6735.000 0.09457135887635
6740.000 0.0681699485564
6745.000 0.04959971836525
6750.000 0.036366947929
6755.000 0.02709489634885
6760.000 0.020706423136
6765.000 0.016054818866
6770.000 0.0125765367603
6775.000 0.00983294479125
6780.000 0.0077128942336
6785.000 0.0061057761413
6790.000 0.0048609570329
6795.000 0.003916325329
6800.000 0.003176353821
6805.000 0.0025931575901
6810.000 0.00213248991384
6815.000 0.00176030484436
6820.000 0.0014762756888
6825.000 0.0012465659178
6830.000 0.00105758730848
6835.000 0.00089581865188
6840.000 0.00076115942712
6845.000 0.000666846034
6850.000 0.0005794272732
6855.000 0.0004988780145
6860.000 0.0004318164578
6870.000 0.00033795540864
6880.000 0.0002643929264
