# lasilla.wfi.ESO865
# photon
# La Silla 2.2m WFI ESO865 http://svo2.cab.inta-csic.es/theory/fps/index.php?id=LaSilla/WFI.ESO865
3820.000 0.00022047876029
3825.000 0.0003044614782125
3830.000 0.00042585183369
3835.000 0.0005905680639325
3840.000 0.00084673394666
3845.000 0.001238367327795
3850.000 0.00184249119995
3855.000 0.0028022706531475
3860.000 0.00435594504072
3865.000 0.0069426842848
3870.000 0.01133948621219
3875.000 0.01899496442925
3880.000 0.03238032367856
3885.000 0.055429978424068
3890.000 0.091202438116065
3895.000 0.14038454657451
3900.000 0.19882241554315
3905.000 0.25496853088057
3910.000 0.29982447941998
3915.000 0.32807506044029
3920.000 0.3421228617675
3925.000 0.34833087931119
3930.000 0.35250955813563
3935.000 0.35726041363656
3940.000 0.3630838528335
3945.000 0.36983659177654
3950.000 0.37712643809873
3955.000 0.38367975867536
3960.000 0.3896529060622
3965.000 0.39482877780848
3970.000 0.39909587710502
3975.000 0.4032690813118
3980.000 0.40698796519572
3985.000 0.41031327983311
3990.000 0.41319476669348
3995.000 0.41505994665986
4000.000 0.4141690804307
4005.000 0.40515278868281
4010.000 0.38469641862567
4015.000 0.34934954992806
4020.000 0.29941426307085
4025.000 0.24090693332159
4030.000 0.18261297267125
4035.000 0.13079271570251
4040.000 0.0897565267712
4045.000 0.059930482116225
4050.000 0.03994859832795
4055.000 0.026819291702437
4060.000 0.0182400727641
4065.000 0.01258987241115
4070.000 0.008850348697925
4075.000 0.006313426542525
4080.000 0.0045706839465
4085.000 0.0033666633715
4090.000 0.0025157166407
4095.000 0.001909018120275
4100.000 0.00146311021125
4105.000 0.001146141073
4110.000 0.000893461710525
4115.000 0.00070535571795
4120.000 0.0005755661648
4125.000 0.000458498441625
4130.000 0.000373887559875
4135.000 0.0003087375485875
