# lasilla.wfi.ESO872
# photon
# La Silla 2.2m WFI ESO872 http://svo2.cab.inta-csic.es/theory/fps/index.php?id=LaSilla/WFI.ESO872
3935.000 0.0003236907411375
3940.000 0.00055631429774
3945.000 0.00090458060906
3950.000 0.00135241546485
3955.000 0.001937503054865
3960.000 0.00270436843428
3965.000 0.0036802103097375
3970.000 0.005131276390945
3975.000 0.0073356308551625
3980.000 0.0108800476752
3985.000 0.016593506060925
3990.000 0.026184308871435
3995.000 0.042162327637552
4000.000 0.0680043166103
4005.000 0.10617121302806
4010.000 0.15802892437413
4015.000 0.21675717377582
4020.000 0.2679681754515
4025.000 0.30358738960841
4030.000 0.3184419618325
4035.000 0.31754922351968
4040.000 0.3093494986248
4045.000 0.30126488992058
4050.000 0.2974677469335
4055.000 0.29954305819844
4060.000 0.30741399590545
4065.000 0.32005695585094
4070.000 0.3354237034561
4075.000 0.35184119309534
4080.000 0.367232151198
4085.000 0.380173986874
4090.000 0.3899879497547
4095.000 0.39680954540179
4100.000 0.4012693551814
4105.000 0.40464640825569
4110.000 0.4078359235722
4115.000 0.41115054177876
4120.000 0.4145776922956
4125.000 0.4178885796525
4130.000 0.42021026071425
4135.000 0.4211968428815
4140.000 0.4207767574626
4145.000 0.41910204251018
4150.000 0.41683363132177
4155.000 0.41494679100094
4160.000 0.4146208693996
4165.000 0.41669741365605
4170.000 0.42198292495403
4175.000 0.43031834365284
4180.000 0.440651996044
4185.000 0.45347207078093
4190.000 0.4680083068694
4195.000 0.48216960187935
4200.000 0.494455239972
4205.000 0.50282164802516
4210.000 0.50643841035956
4215.000 0.50540627844234
4220.000 0.50034487125744
4225.000 0.4937037195155
4230.000 0.48654926020224
4235.000 0.48099470538374
4240.000 0.47797403651464
4245.000 0.47816889965082
4250.000 0.4810702633012
4255.000 0.48621374945616
4260.000 0.49215233684736
4270.000 0.49694192337128
4275.000 0.4919256242637
4280.000 0.48050177422576
4285.000 0.46108822114152
4290.000 0.43598515649676
4295.000 0.40600760280578
4300.000 0.3724431348064
4305.000 0.33757190899506
4310.000 0.30189954024096
4315.000 0.26658396210502
4320.000 0.23232588975672
4325.000 0.1995319336934
4330.000 0.1694989859332
4335.000 0.14198166817848
4340.000 0.11756109472576
4345.000 0.09633382758568
4350.000 0.077971344381
4355.000 0.06286976046
4360.000 0.05059487029704
4365.000 0.04054893946698
4370.000 0.03256580123668
4375.000 0.0260850290478
4380.000 0.02093696902128
4385.000 0.01691580776116
4390.000 0.0136806094088
4395.000 0.01134050635476
4400.000 0.009439534554
4405.000 0.00783515628234
4410.000 0.0065180572528
4415.000 0.00544654929408
4420.000 0.00455747921376
4425.000 0.0038727119575
4430.000 0.00330039011008
4435.000 0.00283373052412
4440.000 0.00245166810304
4445.000 0.00212591959724
4450.000 0.0018495124214
4455.000 0.00161544592532
4460.000 0.001431001408
4465.000 0.00126051609376
4470.000 0.00111837015888
4475.000 0.0009902956866
4480.000 0.00088351784616
4485.000 0.00078371960726
4490.000 0.00071251333164
4500.000 0.0005624686704
4510.000 0.00046241083136
4520.000 0.00039091689072
4530.000 0.00031914230128
