# lasilla.wfi.ESO854
# photon
# La Silla 2.2m WFI ESO854 http://svo2.cab.inta-csic.es/theory/fps/index.php?id=LaSilla/WFI.ESO854
8859.000 0.0001276192517955
8862.000 0.000269468971452
8868.000 0.000580454003844
8871.000 0.0011303060812765
8874.000 0.001630067155843
8877.000 0.0021514561788125
8879.999 0.0026599363920645
8883.000 0.003563784528093
8886.000 0.003982125740738
8889.000 0.004271564237169
8892.000 0.004595541409438
8894.999 0.0047870815329248
8901.000 0.004887958455182
8904.000 0.005304018709568
8907.000 0.005450206526206
8909.999 0.0057405324615854
8913.000 0.005953079055185
8916.000 0.006412495366704
8919.000 0.0067157603511845
8922.000 0.007028787305649
8924.999 0.0077309966444717
8928.000 0.008087727886468
8931.000 0.008353629802986
8934.000 0.009193315560913
8937.000 0.009708297920174
8939.999 0.010485122829229
8943.000 0.011289035805935
8946.000 0.012126640926257
8949.000 0.013027258049801
8952.000 0.014215699483808
8954.999 0.015773170625777
8958.000 0.017014870073299
8961.000 0.018595672742358
8964.000 0.02033683424181
8967.000 0.022622178360551
8969.999 0.024724785647277
8973.000 0.02742553243648
8976.000 0.030452187238052
8979.000 0.033604470027705
8982.000 0.037469645902946
8984.999 0.041510886225035
8988.000 0.04634811506296
8991.000 0.051427508241806
8994.000 0.056998676701788
8997.000 0.063305742051788
8999.999 0.070574438069432
9003.000 0.07810578629308
9006.000 0.08690017612696
9009.000 0.09531778147773
9012.000 0.104288485266
9014.999 0.11388368023833
9018.000 0.12410332502358
9021.000 0.1331126017872
9024.000 0.14274526023268
9027.000 0.15169264602947
9029.999 0.15921162378413
9033.000 0.16691419745308
9036.000 0.17331615354368
9039.000 0.17765749415029
9042.000 0.18132663559178
9044.999 0.18413957904774
9048.000 0.1860127783766
9051.000 0.18723866898359
9054.000 0.1878761505215
9057.000 0.18794895777728
9059.999 0.18732820817428
9063.000 0.1864233628824
9066.000 0.18515477874894
9069.000 0.18367686235136
9072.000 0.1820920848278
9074.999 0.180507847166
9078.000 0.17874396033788
9081.000 0.17700973013332
9084.000 0.17547932139696
9087.000 0.17399463936022
9089.999 0.17276441491891
9093.000 0.17154207614138
9096.000 0.1705004725886
9099.000 0.16926683194036
9102.000 0.1687536091703
9104.999 0.16792616535829
9108.000 0.1674113721672
9111.000 0.16710075211186
9114.000 0.16677895734318
9117.000 0.16655708919325
9119.999 0.16660981859367
9123.000 0.16634065394604
9126.000 0.16628578522584
9129.000 0.16681678485612
9132.000 0.16679088005888
9134.999 0.16700166610281
9138.000 0.16729845234158
9141.000 0.16760261901593
9144.000 0.16776715765628
9147.000 0.16783229821694
9149.999 0.16802602933952
9153.000 0.16840153533938
9156.000 0.16830180524248
9159.000 0.16834656873951
9162.000 0.1684597161975
9164.999 0.16828908020072
9168.000 0.168051921506
9171.000 0.1675875229728
9174.000 0.16731412456962
9177.000 0.16668286619075
9179.999 0.16605386486382
9183.000 0.16560571572545
9186.000 0.16467408000722
9189.000 0.1637078865233
9192.000 0.1626970033052
9194.999 0.1616806163886
9198.000 0.16048223265228
9201.000 0.15921828407287
9204.000 0.15765503649288
9207.000 0.15619549640758
9209.999 0.154369964403
9213.000 0.1525943351135
9216.000 0.15093179511089
9219.000 0.14882223299898
9222.000 0.14668528077466
9224.999 0.14448615355792
9228.000 0.14208742940974
9231.000 0.13949705508738
9234.000 0.13675218282295
9237.000 0.13414699276635
9239.999 0.13093255645114
9243.000 0.12760000871265
9246.000 0.12454377374634
9249.000 0.12096601774996
9252.000 0.11730793579086
9254.999 0.11392461985667
9258.000 0.11005142735285
9261.000 0.1057076851055
9264.000 0.10193347478562
9267.000 0.097901383316581
9269.999 0.093498758095803
9273.000 0.089558804441863
9276.000 0.085696339379504
9279.000 0.081322678864144
9282.000 0.077048720849738
9284.999 0.073364990948881
9288.000 0.069355800459424
9291.000 0.065134026330919
9294.000 0.06136036053574
9297.000 0.057669142385132
9299.999 0.053775588008796
9303.000 0.050511616554956
9306.000 0.04745176423793
9309.000 0.043917693942032
9312.000 0.040697048423752
9314.999 0.038099023339018
9318.000 0.035203989012116
9321.000 0.032557705218161
9324.000 0.030172013948936
9327.000 0.027887909026893
9329.999 0.025531520025476
9333.000 0.023690223361553
9336.000 0.021943819930752
9339.000 0.020177008298815
9342.000 0.018486692804068
9344.999 0.017177363653966
9348.000 0.015641935143912
9351.000 0.014416355729476
9354.000 0.013341069241934
9357.000 0.012250874517959
9359.999 0.011153118620059
9363.000 0.010354957513801
9366.000 0.009544133980382
9369.000 0.008705686357288
9372.000 0.008068573828968
9374.999 0.0074835360643076
9378.000 0.006821698018172
9381.000 0.006270205417993
9384.000 0.005845153667808
9387.000 0.005370007089117
9389.999 0.0049646613068669
9393.000 0.004610845922251
9396.000 0.004306576636096
9399.000 0.003920542037123
9402.000 0.0036645689241588
9404.999 0.0034625403969979
9406.000 0.0002208510805644
9408.000 0.0031968684154704
9411.000 0.002991669643383
9414.000 0.0027001586012316
9417.000 0.002529380084913
9419.999 0.0023663395393956
9423.000 0.0022798794648588
9426.000 0.0020834709359244
9429.000 0.0019823057272044
9432.000 0.0018062909789376
9434.999 0.001737132987006
9438.000 0.0016210010730156
9441.000 0.0015468687999798
9444.000 0.0014324227227744
9447.000 0.0010721513146278
9449.999 0.00065106986701306
