# lasilla.wfi.ESO851
# photon
# La Silla 2.2m WFI ESO851 http://svo2.cab.inta-csic.es/theory/fps/index.php?id=LaSilla/WFI.ESO851
7844.999 0.00021763086654463
7854.000 0.000269818250632
7862.999 0.0003312088753161
7869.000 0.0003782590313555
7874.999 0.00043462085883302
7881.000 0.0005097494734435
7887.000 0.000589245043034
7889.999 0.00063595855307011
7892.999 0.00068255143815881
7896.000 0.00073375755784
7899.000 0.0007990152553955
7902.000 0.000864104426313
7904.999 0.00092902546582759
7907.999 0.0010220366905585
7911.000 0.001110102861778
7914.000 0.001202638560512
7917.000 0.0013183924472485
7919.999 0.001443217550011
7922.999 0.0015677170733528
7926.000 0.001705912049695
7929.000 0.001876420559469
7932.000 0.002041821983388
7934.999 0.0022114466812905
7937.999 0.002450369984847
7941.000 0.0026886661706895
7944.000 0.002930975076544
7947.000 0.0032374883884665
7949.999 0.0035802013823026
7952.999 0.0039220101524813
7956.000 0.004318276770288
7959.000 0.0048332934622255
7962.000 0.005346949903442
7964.999 0.0058592486519311
7967.999 0.0066042478052578
7971.000 0.0073472695733465
7974.000 0.008088320059269
7977.000 0.0091016810899135
7979.999 0.010249311991125
7982.999 0.011393881343136
7986.000 0.012767608746292
7989.000 0.014592403356381
7992.000 0.01641686404944
7994.999 0.018240980838261
7997.999 0.031021054097851
8001.000 0.033655210945776
8004.000 0.035287747728216
8007.000 0.0367482469188
8009.999 0.039226033917162
8012.999 0.043170317040509
8016.000 0.046963012500864
8019.000 0.052065647419896
8022.000 0.057554833874688
8024.999 0.062499558827364
8027.999 0.07059969272385
8031.000 0.079239689470704
8034.000 0.086718523384896
8037.000 0.098870183829504
8039.999 0.11206474265238
8042.999 0.12185401921677
8046.000 0.13709930771268
8049.000 0.15436039379789
8052.000 0.17034619297304
8054.999 0.18716893333734
8057.999 0.2060271611198
8061.000 0.22342608240922
8064.000 0.24068552854478
8067.000 0.25714600242271
8069.999 0.27381021274488
8072.999 0.28690043263469
8076.000 0.29889046132082
8079.000 0.30812289198602
8082.000 0.31680395964058
8084.999 0.32324859450614
8087.999 0.3292385740904
8091.000 0.33306347266531
8094.000 0.33530683523647
8097.000 0.33705962026406
8099.999 0.33623381362522
8102.999 0.33887587622705
8106.000 0.33938939631312
8109.000 0.33904527372346
8112.000 0.33877296865542
8114.999 0.33964953542016
8117.999 0.3392757355446
8121.000 0.33937646112206
8124.000 0.33948791998643
8127.000 0.33917841435499
8129.999 0.33955660810907
8136.000 0.33959182595267
8139.000 0.34091136705602
8142.000 0.3408780585487
8144.999 0.33984641494101
8147.999 0.34150873198344
8151.000 0.3411849073673
8154.000 0.3395519799853
8157.000 0.34162512027149
8159.999 0.34010957847179
8162.999 0.33892456084224
8166.000 0.33944676535901
8169.000 0.33822581406398
8172.000 0.33938731497913
8174.999 0.33691495906075
8177.999 0.33658260127619
8181.000 0.33645445880602
8184.000 0.33517365072457
8187.000 0.33609586499578
8189.999 0.33540841147385
8192.999 0.33518994329789
8196.000 0.33532410899236
8199.000 0.33453792623974
8202.000 0.33442407640397
8204.999 0.33426759464867
8207.999 0.33263427205005
8211.000 0.33267889417236
8214.000 0.3331244437726
8217.000 0.33149962871289
8219.999 0.32873049330426
8222.999 0.3258484744572
8226.000 0.32355431095925
8229.000 0.31738030708732
8232.000 0.31093056943203
8234.999 0.30255903512857
8237.999 0.29413089466505
8241.000 0.28104559613353
8244.000 0.26895425009885
8247.000 0.255345762755
8249.999 0.2379792727243
8252.999 0.22201071122783
8256.000 0.20409870289711
8259.000 0.18532553552044
8262.000 0.16900301608337
8264.999 0.15322944538972
8267.999 0.13638942248395
8271.000 0.12342348257365
8274.000 0.10966586086623
8277.000 0.096818240534043
8279.999 0.086372708447546
8282.999 0.077225207227888
8286.000 0.068182952030176
8289.000 0.061636751965166
8292.000 0.055814064974272
8294.999 0.049066406406781
8297.999 0.045204148153703
8301.000 0.041098807002361
8304.000 0.038804410583136
8307.000 0.033099311719825
8309.999 0.031813453448132
8312.999 0.02952452413176
8316.000 0.026959012735488
8319.000 0.024800345168981
8322.000 0.024025670928396
8324.999 0.021438204688087
8327.999 0.018656526109225
8351.000 0.012422579342448
8374.000 0.009379154546138
8391.000 0.004322757772471
8424.000 0.002049732273424
8457.000 0.000915660941316
8559.999 0.00044511477425998
9104.999 0.00011441754152969
