# lasilla.wfi.ESO863
# photon
# La Silla 2.2m WFI ESO863 http://svo2.cab.inta-csic.es/theory/fps/index.php?id=LaSilla/WFI.ESO863
5490.000 0.000401028399475
5495.000 0.0004917951390625
5500.000 0.00062794351765
5505.000 0.000801899543975
5510.000 0.0010590433735
5515.000 0.001437179192375
5520.000 0.0019892285095
5525.000 0.002798351435375
5530.000 0.0040535629666
5535.000 0.0059816392633375
5540.000 0.0091042006538
5545.000 0.014237615204312
5550.000 0.022379492698
5555.000 0.03547219992945
5560.000 0.0561379638704
5565.000 0.08674887296495
5570.000 0.13050028863937
5575.000 0.18686055934159
5580.000 0.25355234967015
5585.000 0.32313736715366
5590.000 0.3898341793701
5595.000 0.45209433284069
5600.000 0.5055061714472
5605.000 0.54780785350164
5610.000 0.57702198407044
5615.000 0.59125292129528
5620.000 0.59192942239152
5625.000 0.58174937655595
5630.000 0.56503476466061
5635.000 0.54569173651524
5640.000 0.52794344269112
5645.000 0.51434319055027
5650.000 0.50609943411675
5655.000 0.50415614221902
5660.000 0.50835432855552
5665.000 0.51814977156687
5670.000 0.53257528171295
5675.000 0.55184210044603
5680.000 0.57209014818234
5685.000 0.59229967434872
5690.000 0.61216100147491
5695.000 0.63091129399021
5700.000 0.647085355446
5705.000 0.65956552458608
5710.000 0.66701519816052
5715.000 0.66997843430055
5720.000 0.66919561081152
5725.000 0.66569403297555
5730.000 0.66094649952879
5735.000 0.65631997289966
5740.000 0.65207875768224
5745.000 0.64955191607173
5750.000 0.6482636095121
5755.000 0.64853092463156
5760.000 0.64968171854334
5765.000 0.65154981875973
5770.000 0.65343295069173
5775.000 0.65490071974583
5780.000 0.65553786467644
5785.000 0.6547781454864
5790.000 0.65289345272856
5795.000 0.64939308603465
5800.000 0.6442016351388
5805.000 0.63643244567427
5810.000 0.62432168869119
5815.000 0.60606468527805
5820.000 0.57804457357576
5825.000 0.5377164952396
5830.000 0.48465718940124
5835.000 0.42003656827681
5840.000 0.34965321650818
5845.000 0.28007617437954
5850.000 0.21690071559375
5855.000 0.16436318849259
5860.000 0.1224035540496
5865.000 0.09035767433699
5870.000 0.067206470053
5875.000 0.050193998099925
5880.000 0.03816509794412
5885.000 0.029413292255075
5890.000 0.02292677536644
5895.000 0.01829028108649
5900.000 0.0149223840688
5905.000 0.01241532574542
5910.000 0.01038398461375
5915.000 0.008677335685935
5920.000 0.00731049457776
5925.000 0.00617774158385
5930.000 0.00525642782568
5935.000 0.00448614124299
5940.000 0.00382157200304
5945.000 0.00324761857835
5950.000 0.0027491787414
5955.000 0.00229604401192
5960.000 0.00190332169272
5965.000 0.001563460932555
5970.000 0.00126891053016
5975.000 0.001019672060625
5980.000 0.0008308535268
5985.000 0.000672243823265
5990.000 0.00053629061119
5995.000 0.00043810163091
6000.000 0.0003550175033
