# lasilla.wfi.ESO877
# photon
# La Silla 2.2m WFI ESO877 http://svo2.cab.inta-csic.es/theory/fps/index.php?id=LaSilla/WFI.ESO877
3200.000 0.06894733852706
3205.000 0.072043920078767
3210.000 0.075204824082354
3215.000 0.078346079122001
3220.000 0.081526400690272
3225.000 0.084718475375325
3230.000 0.0879560373628
3235.000 0.091160716902045
3240.000 0.094223343457152
3245.000 0.097227641716023
3250.000 0.10010611225872
3255.000 0.10311109101482
3260.000 0.10585940290802
3265.000 0.10864209843544
3270.000 0.11140123306003
3275.000 0.11422667028032
3280.000 0.1172007917249
3285.000 0.12030189196755
3290.000 0.12336548236751
3295.000 0.12670694453078
3300.000 0.13002697746432
3305.000 0.13335039913548
3310.000 0.13654368344819
3315.000 0.13960770947447
3320.000 0.14250237905806
3325.000 0.14511946674211
3330.000 0.1473107167775
3335.000 0.14923866685285
3340.000 0.1507266788104
3345.000 0.15193601486655
3350.000 0.15306236112441
3355.000 0.1539518199172
3360.000 0.15478422663541
3365.000 0.15588111749693
3370.000 0.15698819530857
3375.000 0.15880199067086
3380.000 0.16087543211997
3385.000 0.16352313244031
3390.000 0.1665598055517
3395.000 0.17007742375462
3400.000 0.1736150865722
3405.000 0.1778179180137
3410.000 0.182147486431
3415.000 0.18648074107488
3420.000 0.19049819832
3425.000 0.1945259049713
3430.000 0.1983856832067
3435.000 0.20189704151835
3440.000 0.2053031644237
3445.000 0.20864828874305
3450.000 0.2118108034974
3455.000 0.21487356557817
3460.000 0.2183511615614
3465.000 0.22160516059402
3470.000 0.22508099773285
3475.000 0.22851153098402
3480.000 0.2321871735474
3485.000 0.23554392509918
3490.000 0.23898580428095
3495.000 0.24239167467795
3500.000 0.245449704496
3505.000 0.2483855174524
3510.000 0.2510604781656
3515.000 0.2534717662305
3520.000 0.2557884787705
3525.000 0.25780268148885
3530.000 0.25975998771905
3535.000 0.26184943327002
3540.000 0.2635543138404
3545.000 0.2653768294355
3550.000 0.2671316762288
3555.000 0.2687299088241
3560.000 0.2705990849913
3565.000 0.27245294455907
3570.000 0.27417016886355
3575.000 0.27604855446042
3580.000 0.2780439932604
3585.000 0.27986740738508
3590.000 0.281618846998
3595.000 0.2833040307097
3600.000 0.2849657394927
3605.000 0.28631079897454
3610.000 0.28752212656381
3615.000 0.28825303798196
3620.000 0.28897926927858
3625.000 0.28914427547389
3630.000 0.28917240442097
3635.000 0.28889701358427
3640.000 0.28856770106532
3645.000 0.28797758299641
3650.000 0.2870612094807
3655.000 0.28619966121713
3660.000 0.28523673796638
3665.000 0.2840028892701
3670.000 0.28298132741896
3675.000 0.28156097001581
3680.000 0.2798808011001
3685.000 0.27800812773519
3690.000 0.27560674005288
3695.000 0.27288107198947
3700.000 0.2697081961938
3705.000 0.26610146593285
3710.000 0.26192079355724
3715.000 0.25726610730401
3720.000 0.2523255339792
3725.000 0.24695087180422
3730.000 0.24147943730518
3735.000 0.23595710308065
3740.000 0.23050006547064
3745.000 0.22536218150341
3750.000 0.21998315343503
3755.000 0.21448209853741
3760.000 0.20888218362954
3765.000 0.20294038915595
3770.000 0.19687718358826
3775.000 0.19038782176838
3780.000 0.18362132875944
3785.000 0.17664280217423
3790.000 0.16942551860448
3795.000 0.16202646153376
3800.000 0.154099550823
3805.000 0.14574778325738
3810.000 0.13708596433026
3815.000 0.12848233220745
3820.000 0.11978149579383
3825.000 0.11126260901254
3830.000 0.10294189082199
3835.000 0.09461632061446
3840.000 0.08655619437348
3845.000 0.078742168676332
3850.000 0.0712074922709
3855.000 0.064200395728515
3860.000 0.05738741950305
3865.000 0.051120937018938
3870.000 0.04519423715561
3875.000 0.039642380966362
3880.000 0.03449556569952
3885.000 0.02984562935693
3890.000 0.025635491368245
3895.000 0.021845841261755
3900.000 0.0184567095456
3905.000 0.0154702180284
3910.000 0.012819710340765
3915.000 0.0105864071974
3920.000 0.0086507176041
3925.000 0.00700653856175
3930.000 0.0056182417872
3935.000 0.004461046941495
3940.000 0.00350359642832
3945.000 0.00273754658005
3950.000 0.002112401146425
3955.000 0.0016185972725425
3960.000 0.00125840857792
3965.000 0.000961112775105
3970.000 0.000727797247345
3975.000 0.0005349538008375
3980.000 0.00038945625201
3985.000 0.00027345103621
