# lasilla.wfi.ESO846
# photon
# La Silla 2.2m WFI ESO846 http://svo2.cab.inta-csic.es/theory/fps/index.php?id=LaSilla/WFI.ESO846
8302.000 0.000214307185904
8404.999 0.00064280102543399
8508.000 0.000733238101734
8601.000 0.0010293385900315
8704.000 0.001154218207244
8899.999 0.0012136090655423
9006.000 0.00148472014894
9009.000 0.00131323579093
9078.000 0.00134156791104
9084.000 0.00151554019904
9087.000 0.00141182549382
9093.000 0.00155011450713
9096.000 0.00150006732904
9099.000 0.00155376629716
9102.000 0.00145532598904
9104.999 0.0016968703192963
9108.000 0.0015560114836
9111.000 0.0016761322473
9114.000 0.00138833645538
9117.000 0.00162107273251
9119.999 0.0017053557031295
9123.000 0.0017491130804
9126.000 0.00169211457002
9129.000 0.0017752091854
9132.000 0.00185582522048
9134.999 0.0020165205447783
9138.000 0.00197043847588
9141.000 0.00207181333688
9144.000 0.00222629931524
9147.000 0.00229641096923
9149.999 0.0022498134861902
9153.000 0.00246627736894
9156.000 0.00262442176472
9159.000 0.00270475834902
9164.999 0.0029505640252735
9168.000 0.00308652051428
9171.000 0.00329883945027
9174.000 0.00340377727508
9177.000 0.00365978568704
9179.999 0.0038533528166652
9183.000 0.00410399121951
9186.000 0.00432445594084
9189.000 0.00463131425449
9192.000 0.0049411162402
9194.999 0.0053010324871422
9198.000 0.00560591724154
9201.000 0.005979670785228
9204.000 0.006425014051272
9207.000 0.006846264750948
9209.999 0.0072814400830871
9213.000 0.007824429207863
9216.000 0.008312082053792
9219.000 0.008936874786486
9222.000 0.009643089342886
9224.999 0.010313455693237
9228.000 0.011002018226836
9231.000 0.011890921385379
9234.000 0.012731134176804
9237.000 0.013518148564879
9239.999 0.014778545827452
9243.000 0.01577017658337
9246.000 0.016919593984414
9249.000 0.018182349898097
9252.000 0.019543992412952
9254.999 0.020755017983003
9258.000 0.02228085604011
9261.000 0.024046940687752
9264.000 0.025630105944176
9267.000 0.027249583089911
9269.999 0.029159393169774
9273.000 0.031000819855462
9276.000 0.032638858500136
9279.000 0.034850779946264
9282.000 0.036813715038474
9284.999 0.038574165698507
9288.000 0.040606396900864
9291.000 0.042743092967344
9294.000 0.044762406119168
9297.000 0.046611849920259
9299.999 0.048704379695081
9303.000 0.05050248684959
9306.000 0.052131024910666
9309.000 0.054044537126645
9312.000 0.055865087665688
9314.999 0.057334832813237
9318.000 0.059034404498054
9321.000 0.060560328860432
9324.000 0.06195590074178
9327.000 0.063338815379695
9329.999 0.064777992546564
9333.000 0.065893037077609
9336.000 0.066997556503552
9339.000 0.068223012295205
9342.000 0.06929270815479
9344.999 0.070235853638934
9348.000 0.071316208407004
9351.000 0.072198268711414
9354.000 0.073092314162238
9357.000 0.073910746689546
9359.999 0.074822750415652
9363.000 0.075585189807989
9366.000 0.076241948175696
9369.000 0.077090124808056
9372.000 0.077826914024452
9374.999 0.078462039508368
9378.000 0.07927053124875
9381.000 0.080016726209915
9384.000 0.080648527999104
9387.000 0.081379882037728
9389.999 0.082092930156416
9393.000 0.082714126199017
9396.000 0.083370974668856
9399.000 0.084114167125646
9402.000 0.084893437859412
9404.999 0.085508782955946
9408.000 0.086385822633288
9411.000 0.087019298442628
9414.000 0.087754508259845
9417.000 0.088557908947504
9419.999 0.089411998489915
9423.000 0.090055238861923
9426.000 0.090767638016318
9429.000 0.091601259031558
9432.000 0.092342687247725
9434.999 0.09297803488327
9438.000 0.093879333538602
9441.000 0.094429931248968
9444.000 0.095086351624169
9447.000 0.095827379294754
9449.999 0.096509437664429
9453.000 0.096988423802552
9456.000 0.097655750916374
9459.000 0.098294103120184
9462.000 0.098750440842997
9464.999 0.099313211288335
9468.000 0.099893114915662
9471.000 0.10038781262958
9474.000 0.10075312744299
9477.000 0.10118545000565
9479.999 0.10164044969843
9483.000 0.10188682684757
9486.000 0.10221536818222
9489.000 0.10239986303529
9492.000 0.10263370335583
9494.999 0.10284967941553
9498.000 0.10304975873018
9501.000 0.10314467913478
9504.000 0.10320927142255
9507.000 0.10326642620472
9509.999 0.10322885850826
9513.000 0.10324693079216
9516.000 0.1030225578732
9519.000 0.1029393052353
9522.000 0.1028322627953
9524.999 0.1026613774182
9528.000 0.10243792463493
9531.000 0.10219565128389
9534.000 0.10189147885506
9537.000 0.10159069640725
9539.999 0.10116521919696
9543.000 0.10080024341941
9546.000 0.10041603865945
9549.000 0.09996115688656
9552.000 0.099524581934635
9554.999 0.099006221076362
9558.000 0.098523890022173
9561.000 0.098048676038597
9564.000 0.097468533464155
9567.000 0.096943199824246
9569.999 0.096357336816333
9573.000 0.0957537905866
9576.000 0.095198616060682
9579.000 0.09462398179477
9582.000 0.093994449834899
9584.999 0.093427664571157
9588.000 0.092771787884827
9591.000 0.092207623055096
9594.000 0.091611064979239
9597.000 0.090967193562451
9599.999 0.09035003133506
9603.000 0.089837484483757
9606.000 0.089303166180096
9609.000 0.088773770843994
9612.000 0.088254908093184
9614.999 0.087796366879093
9618.000 0.08722955574504
9621.000 0.086758339552979
9624.000 0.086242328177573
9627.000 0.085743003916318
9629.999 0.085277709791667
9633.000 0.084769784102166
9636.000 0.084297486718925
9639.000 0.083825820387632
9642.000 0.083361984131066
9644.999 0.082868397139185
9648.000 0.082419063271632
9651.000 0.08199512251412
9654.000 0.081554601189526
9657.000 0.081119698247274
9659.999 0.080623203650956
9663.000 0.080229925511972
9669.000 0.079409739995916
9672.000 0.078980471459947
9674.999 0.07860609896012
9681.000 0.077785224945247
9684.000 0.077420227758778
9687.000 0.077047311346196
9689.999 0.076656771849804
9693.000 0.076265813451779
9696.000 0.07588058798148
9699.000 0.075526183494371
9702.000 0.075171235601417
9704.999 0.074823958094828
9708.000 0.074447657590982
9711.000 0.074051190973692
9714.000 0.073699917224854
9717.000 0.073340925835943
9719.999 0.072999620821475
9723.000 0.072615112983395
9726.000 0.072291106168229
9729.000 0.07189970151406
9732.000 0.071559596185382
9734.999 0.071206631290968
9738.000 0.07081781943258
9741.000 0.070479518375441
9744.000 0.070079580972432
9747.000 0.069712384269367
9749.999 0.06934409112892
9753.000 0.068941844978615
9759.000 0.068152671057845
9762.000 0.067732091795498
9764.999 0.067331226058103
9771.000 0.066534460869796
9774.000 0.066094219879195
9777.000 0.065652950418616
9779.999 0.065197547625099
9783.000 0.06476396171533
9786.000 0.064296342594607
9789.000 0.063809599263889
9792.000 0.063347681789309
9794.999 0.062847362392811
9798.000 0.062347300289527
9801.000 0.061828130531458
9804.000 0.061297010397696
9807.000 0.06079195048143
9809.999 0.060206561206207
9813.000 0.059683171010055
9816.000 0.059109890707584
9819.000 0.058502386215683
9822.000 0.057901542685125
9824.999 0.057313108404472
9828.000 0.05666422147983
9831.000 0.056046452024706
9834.000 0.055364273119134
9837.000 0.054713878481554
9839.999 0.054053869216679
9843.000 0.053350173119132
9846.000 0.05263190114262
9849.000 0.051919076166564
9852.000 0.051157664993844
9854.999 0.050435001227326
9858.000 0.049710206332842
9861.000 0.048892079578251
9864.000 0.04808240219772
9867.000 0.047292572293954
9869.999 0.046423661282452
9873.000 0.045577527090474
9876.000 0.044756408430942
9879.000 0.04384611900198
9882.000 0.04292979564972
9884.999 0.042076121201636
9888.000 0.041183322398148
9891.000 0.040307112103041
9894.000 0.039460512851898
9897.000 0.038552141593895
9899.999 0.037687588106642
9903.000 0.036812168599049
9906.000 0.036012228428721
9909.000 0.035139356376276
9912.000 0.034276173657744
9914.999 0.033408212437135
9918.000 0.032505192011943
9921.000 0.031589304757379
9924.000 0.03068749563621
9927.000 0.029824411500189
9929.999 0.028863906852741
9933.000 0.027936253747607
9936.000 0.027062852648628
9939.000 0.026093822046438
9942.000 0.025192365498498
9944.999 0.024349234444784
9948.000 0.023432951232432
9951.000 0.022525373232927
9954.000 0.021654628867833
9957.000 0.020817819642468
9959.999 0.019960643007166
9963.000 0.019134490679403
9966.000 0.018316317321267
9969.000 0.01749433196773
9972.000 0.016708058873106
9974.999 0.015980513028462
9978.000 0.015216001849803
9981.000 0.014521506262916
9984.000 0.01380425352708
9987.000 0.013100753523344
9989.999 0.012431456619499
9993.000 0.011810666801271
9996.000 0.011222278023528
9999.000 0.010592868097649
10002.000 0.010074444325317
10005.000 0.0096099875954775
10008.000 0.009121003690608
10011.000 0.008689823086077
10014.000 0.008283070083078
10017.000 0.0078319822021965
10020.000 0.0074495516355
10023.000 0.007089625317159
10026.000 0.006739463779047
10029.000 0.0063960516864585
10032.000 0.006087616189452
10035.000 0.005778353811375
10038.000 0.005459164131897
10041.000 0.005192733449952
10044.000 0.00494413903062
10047.000 0.0046864709824005
10050.000 0.00443821250115
10053.000 0.004232718459648
10056.000 0.004004033680944
10059.000 0.003797394246945
10062.000 0.003610471761486
10065.000 0.0034356387852225
10068.000 0.003243062770794
10071.000 0.0030847846770405
10074.000 0.002925672913422
10077.000 0.0027681983846775
10080.000 0.00262458788058
10083.000 0.0025086561516
10086.000 0.002371176244197
10089.000 0.0022473280178415
10092.000 0.00213802460739
10095.000 0.0020341893582675
10098.000 0.001914172144326
10101.000 0.0018229129328205
10104.000 0.001742423587776
10107.000 0.001638983097567
10110.000 0.0015503944635
10113.000 0.001492039934451
10116.000 0.001403428999518
10119.000 0.0013304509170435
10122.000 0.001267945389315
10125.000 0.0011991628973025
10128.000 0.001130807653236
10131.000 0.001086366882654
10134.000 0.001029668212197
10137.000 0.0009716810950665
10140.000 0.00092748716496
10143.000 0.000881936516601
10146.000 0.000833093865981
10149.000 0.0007900731250605
10152.000 0.000759926289024
10155.000 0.000720628743285
10158.000 0.000687679277229
10161.000 0.000654299441631
10164.000 0.000622089309888
10167.000 0.0005935797087255
10170.000 0.000573165173835
10173.000 0.0005390012203245
10176.000 0.000514804851288
10179.000 0.000503605534572
10182.000 0.000470626241436
10185.000 0.000449684617275
10188.000 0.000431668492794
10191.000 0.0004091373471375
10194.000 0.000392601911724
10197.000 0.000379546775991
10200.000 0.00036321505416
10203.000 0.0003432964679712
10206.000 0.0003317032514352
10209.000 0.0003168647596188
10212.000 0.0003072444674736
10215.000 0.000290193275856
10218.000 0.0002786384369592
10221.000 0.000269245864734
10227.000 0.0002503567729728
10230.000 0.000237921596196
10233.000 0.000231434327076
10242.000 0.0002064413395128
10254.000 0.0001735556501448
10263.000 0.0001554260043168
10272.000 0.000143248820544
10281.000 0.00012363176286
10299.000 0.000108501789546
10311.000 9.37530467088E-5
10332.000 7.96788899712E-5
10356.000 6.15680652E-5
10386.000 5.37889546392E-5
10801.000 9.214962143115E-6
