# lasilla.wfi.ESO868
# photon
# La Silla 2.2m WFI ESO868 http://svo2.cab.inta-csic.es/theory/fps/index.php?id=LaSilla/WFI.ESO868
6635.000 0.0003370643832
6640.000 0.000526030545
6645.000 0.00084764209255
6650.000 0.0014063713725
6655.000 0.00236908063455
6660.000 0.0041949826444
6665.000 0.0076268979629
6670.000 0.01462258623
6675.000 0.0294183905175
6680.000 0.0600921661982
6685.000 0.1195805094094
6690.000 0.2124969834666
6695.000 0.3262266557328
6700.000 0.426081559948
6705.000 0.48228576229725
6710.000 0.4913436355306
6715.000 0.47744343489155
6720.000 0.4671321439822
6725.000 0.47139613075275
6730.000 0.4893858216363
6735.000 0.5162873836418
6740.000 0.5448393639216
6745.000 0.569627640826
6750.000 0.5868762312335
6755.000 0.59546712174675
6760.000 0.5968898921888
6765.000 0.59463375519415
6770.000 0.5911447889212
6775.000 0.58861269720375
6780.000 0.5886944466048
6785.000 0.59131937341825
6790.000 0.596565853384
6795.000 0.60245912901615
6800.000 0.60768841361
6805.000 0.61076607042254
6810.000 0.61136534971512
6815.000 0.60917297568104
6820.000 0.60548776341728
6825.000 0.6011865727119
6830.000 0.597068277952
6835.000 0.59316565182096
6840.000 0.58937776272576
6845.000 0.58429716345114
6850.000 0.577562449792
6855.000 0.56856794727222
6860.000 0.5583386799354
6865.000 0.5472841295493
6870.000 0.53495027899392
6875.000 0.5163784289976
6880.000 0.48075887771944
6885.000 0.41789136272526
6890.000 0.32935020279472
6895.000 0.2307276406176
6900.000 0.1437056616024
6905.000 0.08205983561324
6910.000 0.04481493250304
6915.000 0.02428524642786
6920.000 0.01333424523112
6925.000 0.00760607943
6930.000 0.00449645241864
6935.000 0.00275697822546
6940.000 0.00176402091788
6945.000 0.0011701665972
6950.000 0.0007855984048
6955.000 0.00054467045304
6960.000 0.00039502351452
6965.000 0.00027809899894
