# lasilla.wfi.ESO860
# photon
# La Silla 2.2m WFI ESO860 http://svo2.cab.inta-csic.es/theory/fps/index.php?id=LaSilla/WFI.ESO860
4590.000 0.0003301842942
4595.000 0.00041128891888
4600.000 0.0004998993616
4605.000 0.0006105116009725
4610.000 0.000758045156645
4615.000 0.0009499252944525
4620.000 0.00120832940572
4625.000 0.0015554840848625
4630.000 0.00203579331762
4635.000 0.00268637933291
4640.000 0.00358875194436
4645.000 0.004861543194515
4650.000 0.0066827872526
4655.000 0.009304877552885
4660.000 0.01322498708623
4665.000 0.019089483003455
4670.000 0.028101824205365
4675.000 0.04213529341525
4680.000 0.06422436860588
4685.000 0.098449182551115
4690.000 0.14981216348696
4695.000 0.22150655004789
4700.000 0.31352131024395
4705.000 0.41483027753331
4710.000 0.50664356350293
4715.000 0.57348787530919
4720.000 0.60585301481112
4725.000 0.6110464510517
4730.000 0.60074736894225
4735.000 0.58629508957377
4740.000 0.57443975892858
4745.000 0.56790489647202
4750.000 0.56720754884255
4755.000 0.57142251409646
4760.000 0.57926337202816
4765.000 0.59000985955088
4770.000 0.60170412913538
4775.000 0.61419032400374
4780.000 0.62577493351009
4785.000 0.63599126037508
4790.000 0.6447769830887
4795.000 0.65147625060451
4800.000 0.6567996007995
4805.000 0.66056513470712
4810.000 0.66335631221985
4815.000 0.66523928074103
4820.000 0.66640084619327
4825.000 0.6672090899607
4830.000 0.66802535880894
4835.000 0.66871386875143
4840.000 0.66915363659848
4850.000 0.67022233310335
4855.000 0.67021637023149
4860.000 0.67024782854653
4865.000 0.66975667122186
4870.000 0.66902982184404
4875.000 0.66850637103776
4880.000 0.66739820402882
4885.000 0.66627327176132
4890.000 0.66516949681198
4895.000 0.66401857415739
4900.000 0.66272166015685
4905.000 0.66185625555346
4910.000 0.66073853336996
4915.000 0.65987034646413
4920.000 0.65875718484008
4925.000 0.6576652914975
4930.000 0.65651085784845
4935.000 0.65494296925726
4940.000 0.6537087533119
4945.000 0.65222088411685
4950.000 0.65099839076373
4955.000 0.65002641902888
4960.000 0.64929008181064
4965.000 0.64865204163602
4970.000 0.64749238733547
4975.000 0.64483754778912
4980.000 0.63925205876744
4985.000 0.62794022872138
4990.000 0.60882918830129
4995.000 0.57805319588338
5000.000 0.5348332416856
5005.000 0.47846634628724
5010.000 0.41320525574718
5015.000 0.34538716926406
5020.000 0.27934957734222
5025.000 0.21905103181328
5030.000 0.16925295981607
5035.000 0.13043327851866
5040.000 0.10106018399892
5045.000 0.07772421641068
5050.000 0.05902693995295
5055.000 0.044835679676655
5060.000 0.03412113477528
5065.000 0.026030950059445
5070.000 0.02005046014191
5075.000 0.01555044406825
5080.000 0.012254422912
5085.000 0.009702320299455
5090.000 0.00769469045205
5095.000 0.00615470478582
5100.000 0.0049520102175
5105.000 0.004017562261125
5110.000 0.00329766573029
5115.000 0.002715712240425
5120.000 0.0022563342506
5125.000 0.00188123278035
5130.000 0.00158271884739
5135.000 0.00134546399944
5140.000 0.001146506829
5145.000 0.00096290156403
5150.000 0.00083284425155
5155.000 0.000710470709535
5160.000 0.00061869153024
5170.000 0.00046576922893
5180.000 0.00035874889534
