# lasilla.wfi.ESO848
# photon
# La Silla 2.2m WFI ESO848 http://svo2.cab.inta-csic.es/theory/fps/index.php?id=LaSilla/WFI.ESO848
7235.000 0.0002638918117
7245.000 0.000328889595375
7255.000 0.000411383552775
7265.000 0.0004993254105
7270.000 0.0005698065552
7275.000 0.00065192817525
7280.000 0.0007338015704
7285.000 0.000833153408925
7290.000 0.00094400388
7295.000 0.001078082110725
7300.000 0.0012293994251
7305.000 0.001409622894
7310.000 0.00162448410335
7315.000 0.00187382348
7320.000 0.0021691751172
7325.000 0.00251032625075
7330.000 0.0029262096307
7335.000 0.0034222997529
7340.000 0.0040156583975
7345.000 0.0047348459772
7350.000 0.0056314201698
7355.000 0.006716126067975
7360.000 0.0080689487846
7365.000 0.00974630879625
7370.000 0.0117927556096
7375.000 0.014425034533975
7380.000 0.0177666961545
7385.000 0.0219634372646
7390.000 0.02731454613975
7395.000 0.034231708749825
7400.000 0.0431639573664
7405.000 0.054057021151417
7410.000 0.06757511911294
7415.000 0.084636081769547
7420.000 0.10577186514171
7425.000 0.13354769439909
7430.000 0.16831994933989
7435.000 0.20965291589881
7440.000 0.25720925335484
7445.000 0.30811315698952
7450.000 0.35910941762767
7455.000 0.40526153498854
7460.000 0.44380796281689
7465.000 0.47309453366405
7470.000 0.49360758325829
7475.000 0.50694889959755
7480.000 0.51455422637388
7485.000 0.51818258039775
7490.000 0.51966984786968
7495.000 0.52001612238623
7500.000 0.519999603354
7505.000 0.51945688105218
7510.000 0.51899547426574
7515.000 0.51823620540428
7520.000 0.5171860741476
7525.000 0.51603256734034
7530.000 0.5142082691514
7535.000 0.51210916254276
7540.000 0.50986185582615
7545.000 0.50771161838261
7550.000 0.50577186599962
7555.000 0.50444217657434
7560.000 0.503724802592
7565.000 0.50370288987189
7570.000 0.50453977393182
7580.000 0.50413998660157
7585.000 0.50070306190467
7590.000 0.49240796909148
7595.000 0.47735290542985
7600.000 0.4532712055326
7605.000 0.41993755815944
7610.000 0.37769011833385
7615.000 0.3307722414738
7620.000 0.28299868527035
7625.000 0.23818173513785
7630.000 0.19838156499262
7635.000 0.16107751304645
7640.000 0.1288281409884
7645.000 0.10224430228845
7650.000 0.080656075189375
7655.000 0.0637533379875
7660.000 0.0505353812733
7665.000 0.040149399751212
7670.000 0.03207592102715
7675.000 0.025804562232488
7680.000 0.021004538128
7685.000 0.017156703988025
7690.000 0.014101138029825
7695.000 0.0116739898604
7700.000 0.0096818902768
7705.000 0.0081018572210625
7710.000 0.006849774393525
7715.000 0.005801387568025
7720.000 0.004960605195
7725.000 0.0042500518806375
7730.000 0.003663903991125
7735.000 0.0031710904099875
7740.000 0.00275087689975
7745.000 0.002407877504725
7750.000 0.002116502025225
7755.000 0.0018613963414375
7760.000 0.0016373416143
7765.000 0.0014541505673625
7770.000 0.00128664627735
7775.000 0.0011546457097
7780.000 0.0010231692975
7785.000 0.000921957608775
7790.000 0.00082114911655
7795.000 0.000740490226875
7800.000 0.0006700069376
7805.000 0.0006047283010575
7810.000 0.000554429856265
7815.000 0.0005043320384225
7820.000 0.00045443484753
7830.000 0.00037957401417
7840.000 0.00032470014494
7855.000 0.0002552573692075
7870.000 0.000205801557605
