# lasilla.wfi.ESO861
# photon
# La Silla 2.2m WFI ESO861 http://svo2.cab.inta-csic.es/theory/fps/index.php?id=LaSilla/WFI.ESO861
4890.000 0.00040983014043
4895.000 0.0004935811918375
4900.000 0.000607813324
4905.000 0.0007677794065525
4910.000 0.000965947528985
4915.000 0.0012252093250075
4920.000 0.0015608916398
4925.000 0.0020188270578125
4930.000 0.00265256912262
4935.000 0.00353866575532
4940.000 0.00478435144539
4945.000 0.00662687995193
4950.000 0.0092581820589
4955.000 0.013214528847747
4960.000 0.01914039990074
4965.000 0.028477369383565
4970.000 0.04322127661791
4975.000 0.066865801071375
4980.000 0.10388535663004
4985.000 0.16053512465492
4990.000 0.23755239747167
4995.000 0.33407942341059
5000.000 0.43794410774
5005.000 0.53160197211064
5010.000 0.60069919420836
5015.000 0.64236210462847
5020.000 0.66306671704266
5025.000 0.67235399550015
5030.000 0.67685072634301
5035.000 0.67972736470089
5045.000 0.68082303455393
5050.000 0.67835363295195
5055.000 0.6742676047253
5060.000 0.66914059160498
5065.000 0.6643217996772
5070.000 0.65880740033724
5075.000 0.64764152401487
5080.000 0.62334419846184
5085.000 0.57640359215491
5090.000 0.50117318170178
5095.000 0.40568996869318
5100.000 0.30382534404
5105.000 0.21352004230459
5110.000 0.14478359307257
5115.000 0.096442209056445
5120.000 0.06441643070696
5125.000 0.04345188885345
5130.000 0.02986521651162
5135.000 0.02097700690036
5140.000 0.01501159608104
5145.000 0.01095873684777
5150.000 0.0081756270565
5155.000 0.006165052285965
5160.000 0.00472038723072
5165.000 0.0036656947608
5170.000 0.00287097098488
5175.000 0.002297911710675
5180.000 0.00184717516324
5185.000 0.00151106714847
5190.000 0.00123611658822
5195.000 0.00102229221157
5200.000 0.0008619350042
5205.000 0.000724511485075
5210.000 0.0006100103976
5215.000 0.00051841998134
5225.000 0.000388681701075
