# lasilla.wfi.ESO847
# photon
# La Silla 2.2m WFI ESO847 http://svo2.cab.inta-csic.es/theory/fps/index.php?id=LaSilla/WFI.ESO847
6920.000 0.00027479798808
6930.000 0.0003589330668
6940.000 0.00046216046188
6945.000 0.00053957681982
6950.000 0.000616792136
6955.000 0.00071974309866
6960.000 0.00082890180096
6965.000 0.00096364536842
6970.000 0.001130332322
6975.000 0.0013223863455
6980.000 0.00153326462968
6985.000 0.0018014952536
6990.000 0.0021204265104
6995.000 0.00252836030716
7000.000 0.0030569887278
7005.000 0.0037056299922
7010.000 0.0045122734732
7015.000 0.0055783859324
7020.000 0.006953884533
7025.000 0.008720232758
7030.000 0.0110156477854
7035.000 0.0139394925432
7040.000 0.017844129049
7045.000 0.02310528475
7050.000 0.0301977357558
7055.000 0.0400607483068
7060.000 0.0534455341236
7065.000 0.0713320057746
7070.000 0.095700409441
7075.000 0.1280239380982
7080.000 0.1700558181828
7085.000 0.2223498525294
7090.000 0.2834434958754
7095.000 0.348585868203
7100.000 0.4103904540126
7105.000 0.4619477935394
7110.000 0.4992780358224
7115.000 0.5204663543028
7120.000 0.528332870975
7125.000 0.5269017407196
7130.000 0.5207001897258
7135.000 0.5134090734918
7140.000 0.5063522512692
7145.000 0.501406271465
7150.000 0.49882039941
7155.000 0.4985846309826
7160.000 0.5004928201668
7165.000 0.5041991621296
7170.000 0.50884636665
7175.000 0.5146988910728
7180.000 0.5207398080152
7185.000 0.526298790576
7190.000 0.531225902689
7195.000 0.534898751742
7200.000 0.5377832096526
7205.000 0.53947723444877
7210.000 0.54045104948955
7215.000 0.54020102088937
7220.000 0.5388951726352
7225.000 0.5367065865466
7230.000 0.53373527466735
7235.000 0.53014665462295
7240.000 0.526242926148
7245.000 0.52247999102355
7250.000 0.51876172901765
7255.000 0.51515356344237
7260.000 0.511857451494
7265.000 0.50894336900225
7270.000 0.50614847911125
7275.000 0.50408271834285
7280.000 0.5020267937364
7285.000 0.49990977202327
7290.000 0.497678845536
7295.000 0.49454513086903
7300.000 0.4899656704005
7305.000 0.48288394262587
7310.000 0.47266622843935
7315.000 0.4579858813055
7320.000 0.4382669230056
7325.000 0.41326975648975
7330.000 0.38238331785715
7335.000 0.3472819415919
7340.000 0.309083657785
7345.000 0.26911448722617
7350.000 0.229080610611
7355.000 0.19220499977135
7360.000 0.1581848964666
7365.000 0.12911840688713
7370.000 0.10450523513605
7375.000 0.083991761461475
7380.000 0.0671690183211
7385.000 0.05391129721055
7390.000 0.04334960968125
7395.000 0.034917371418825
7400.000 0.0281997675472
7405.000 0.023072910408218
7410.000 0.019020428595825
7415.000 0.01578162903745
7420.000 0.0131485145544
7425.000 0.010891806622812
7430.000 0.009032270588445
7435.000 0.00751157123967
7440.000 0.0062492288934
7445.000 0.0052214947890925
7450.000 0.00438793675815
7455.000 0.0036915799510325
7460.000 0.00312615646889
7465.000 0.0026631038324925
7470.000 0.00228519448895
7475.000 0.0019419278873375
7480.000 0.00167757420696
7485.000 0.0014473754145225
7490.000 0.001245626519625
7495.000 0.0010887670033275
7500.000 0.000948984931
7505.000 0.0008317038388175
7510.000 0.000742309735725
7515.000 0.000647726641645
7520.000 0.00056442218306
7525.000 0.00050328095955
7535.000 0.0004088761198125
7545.000 0.00032597507895
7555.000 0.00025987940964
