# lasilla.wfi.ESO856
# photon
# La Silla 2.2m WFI ESO856 http://svo2.cab.inta-csic.es/theory/fps/index.php?id=LaSilla/WFI.ESO856
6445.000 0.00030477727791
6450.000 0.0003770490958
6455.000 0.00047818890537
6460.000 0.00060088918542
6465.000 0.000774034900745
6470.000 0.00099027892621
6475.000 0.00128563270125
6480.000 0.00170321150912
6485.000 0.00227878350794
6490.000 0.00307682643177
6495.000 0.004226414560535
6500.000 0.0059209641233
6505.000 0.008403601282755
6510.000 0.01233329975173
6515.000 0.01830235466175
6520.000 0.02755381078776
6525.000 0.0422511992782
6530.000 0.06605488252575
6535.000 0.10254922044395
6540.000 0.15683707558148
6545.000 0.22532577253596
6550.000 0.3043696433121
6555.000 0.39000639302163
6560.000 0.47420274902024
6565.000 0.54628059198546
6570.000 0.59654918016166
6575.000 0.62579254323355
6580.000 0.63964430524044
6585.000 0.64360673141928
6590.000 0.64106527286626
6595.000 0.63263077409394
6600.000 0.617687128777
6605.000 0.59198452533605
6610.000 0.5511955108225
6615.000 0.49211450223325
6620.000 0.41439163584
6625.000 0.32640745136025
6630.000 0.2404749399748
6635.000 0.16730331103625
6640.000 0.111834093867
6645.000 0.07303032078375
6650.000 0.0480615172025
6655.000 0.03195812903185
6660.000 0.0215123735608
6665.000 0.01481458699375
6670.000 0.0103889993596
6675.000 0.007399803194
6680.000 0.0054111429278
6685.000 0.0040100681387
6690.000 0.0030281478437
6695.000 0.00230468169465
6700.000 0.001790345788
6705.000 0.0013946277859
6710.000 0.0011102018879
6715.000 0.00088845265065
6720.000 0.000722273559
6725.000 0.000577110387
6730.000 0.000480334939
6735.000 0.0003975026317
6745.000 0.00028030164755
