# lasilla.wfi.ESO867
# photon
# La Silla 2.2m WFI ESO867 http://svo2.cab.inta-csic.es/theory/fps/index.php?id=LaSilla/WFI.ESO867
6240.000 0.000362880966
6245.000 0.0004589652207
6250.000 0.000591967656
6255.000 0.00077663528775
6260.000 0.0010424774934
6265.000 0.001389392991
6270.000 0.0019133156469
6275.000 0.0026878669818
6280.000 0.0038677387392
6285.000 0.0057844395336
6290.000 0.00893855151
6295.000 0.0142426525122
6300.000 0.0237573471408
6305.000 0.04118238376455
6310.000 0.0735024919797
6315.000 0.1314589033485
6320.000 0.2231044452252
6325.000 0.3445289204994
6330.000 0.465947516727
6335.000 0.56351038840425
6340.000 0.629741376495
6345.000 0.65923976884815
6350.000 0.6640788964992
6355.000 0.66182799708585
6360.000 0.6613384467312
6365.000 0.66269598371025
6370.000 0.6639642406152
6375.000 0.6640229292921
6380.000 0.661819518087
6385.000 0.658212909354
6390.000 0.653797277343
6395.000 0.6503939810781
6400.000 0.6489224976024
6405.000 0.64975632310258
6410.000 0.6522078355681
6420.000 0.65384076627614
6425.000 0.65078523884302
6430.000 0.64477332679062
6435.000 0.63733093288511
6440.000 0.62944908510344
6445.000 0.62139733004736
6450.000 0.6139084374039
6455.000 0.60724194752834
6460.000 0.60138148017432
6465.000 0.59665069699577
6470.000 0.5930831087265
6475.000 0.58998262472812
6480.000 0.58684296886688
6485.000 0.58287820689802
6490.000 0.57869556806061
6495.000 0.57526038184508
6500.000 0.5744846016692
6505.000 0.57655605960719
6510.000 0.58062043420608
6515.000 0.58378051716396
6520.000 0.58242387503508
6525.000 0.57349410227867
6530.000 0.55408052734147
6535.000 0.5234639374409
6540.000 0.483994439642
6545.000 0.44287947391449
6550.000 0.4040131924101
6555.000 0.36982245848528
6560.000 0.3436029747676
6565.000 0.3306907384614
6570.000 0.33714470495432
6575.000 0.36879117260632
6580.000 0.42792844787298
6585.000 0.49357237150652
6590.000 0.52372648285122
6595.000 0.47603927899626
6600.000 0.354478441567
6605.000 0.214729568922
6610.000 0.1107547993422
6615.000 0.0559251493971
6620.000 0.0298249218176
6625.000 0.01728084995125
6630.000 0.0106935558327
6635.000 0.00702919682465
6640.000 0.0048114260516
6645.000 0.00339757367675
6650.000 0.00249088661
6655.000 0.0018868783815
6660.000 0.0014588209196
6665.000 0.00115030910775
6670.000 0.0009330602642
6675.000 0.00077197194975
6680.000 0.0006390566744
6685.000 0.0005411510637
6690.000 0.0004711992068
6695.000 0.0004014160309
6705.000 0.0003037803098
