# lasilla.wfi.NB824
# photon
# La Silla 2.2m WFI NB824 http://svo2.cab.inta-csic.es/theory/fps/index.php?id=LaSilla/WFI.NB824
7800.000 0.00362050072384
7804.000 0.003334740641916
7808.000 0.0038311498206088
7812.000 0.0030625582448402
7816.000 0.0032533218301336
7820.000 0.003416568230032
7824.000 0.0035065731696816
7828.000 0.0032348838490668
7832.000 0.0030846564271744
7836.000 0.0032756788719704
7840.000 0.002984333570956
7844.000 0.0028676282512834
7848.000 0.0036994660065576
7852.000 0.003283915194066
7856.000 0.002943865265642
7860.000 0.00340755710987
7864.000 0.002874074090848
7868.000 0.0034028836826496
7872.000 0.002694696555446
7876.000 0.0033876624157328
7880.000 0.003026899327404
7884.000 0.0030651003545204
7888.000 0.0033354288525448
7892.000 0.0030855834852642
7896.000 0.0028015336950304
7900.000 0.00299905274489
7904.000 0.0030062264912784
7908.000 0.0033256211972134
7912.000 0.0028206214676584
7916.000 0.002729441407547
7920.000 0.002910799864312
7924.000 0.0032617910181086
7928.000 0.0029942238894848
7932.000 0.0030273041004844
7936.000 0.002950426113032
7940.000 0.002878440941852
7944.000 0.0035162425680944
7948.000 0.0026073871797248
7952.000 0.003024816672262
7956.000 0.0026384855608202
7960.000 0.003079249655728
7964.000 0.0027704495240452
7968.000 0.0026444516482888
7972.000 0.002888599966603
7976.000 0.0030934600488352
7980.000 0.002869806096374
7984.000 0.0029162597908788
7988.000 0.0028497084138576
7992.000 0.0029514024746144
7996.000 0.0026977625321878
8000.000 0.00349531677148
8004.000 0.003346329801204
8008.000 0.0032227137015788
8012.000 0.0032961140681028
8016.000 0.0033202634411448
8020.000 0.003624654333506
8024.000 0.0031161000965808
8028.000 0.003097571610906
8032.000 0.0030092151226772
8036.000 0.003093532746514
8040.000 0.00337514858211
8044.000 0.0029624812494632
8048.000 0.0030626185703292
8052.000 0.0027672392648076
8056.000 0.003234738338176
8060.000 0.002987553731032
8064.000 0.0034556202876384
8068.000 0.0028587139686408
8072.000 0.002873977470374
8076.000 0.003222245640276
8080.000 0.00295283007769
8084.000 0.0028547053933732
8088.000 0.0030291729881148
8092.000 0.0028364025673548
8096.000 0.0027636011742944
8100.000 0.00305253278343
8104.000 0.0028771518834948
8108.000 0.0023943425223176
8112.000 0.0035325190399356
8116.000 0.0027622314682316
8120.000 0.00281733778927
8124.000 0.0026556719738352
8128.000 0.0028273987544704
8132.000 0.0026794431043904
8136.000 0.0031373616135384
8140.000 0.003067432204496
8144.000 0.0030803319335084
8148.000 0.0036107587767408
8152.000 0.0032890089393648
8156.000 0.0035426599319676
8160.000 0.00335989467714
8164.000 0.0039383078207616
8168.000 0.0043768233537928
8172.000 0.0043917265564632
8176.000 0.005682045832298
8180.000 0.006820702065962
8184.000 0.0082798786521792
8188.000 0.010796062761181
8192.000 0.015004798858946
8196.000 0.02061811301587
8200.000 0.03074075395386
8204.000 0.046106517511469
8208.000 0.07001450725711
8212.000 0.10335072013236
8216.000 0.14474101608458
8220.000 0.19029409314372
8224.000 0.23538499203187
8228.000 0.26853305586843
8232.000 0.29046274448309
8236.000 0.30066108037304
8240.000 0.3037067428558
8244.000 0.30362102196662
8248.000 0.30229955274558
8252.000 0.29992904129367
8256.000 0.29759538049926
8260.000 0.29415875387466
8264.000 0.28836433882705
8268.000 0.27773993055987
8272.000 0.25814443440867
8276.000 0.22666557671657
8280.000 0.18642605849145
8284.000 0.14116278899608
8288.000 0.099171979944002
8292.000 0.064912242636963
8296.000 0.041346320910846
8300.000 0.02630392180632
8304.000 0.017932514997122
8308.000 0.012238453640392
8312.000 0.0087729028866648
8316.000 0.0065701208824536
8320.000 0.005403038013568
8324.000 0.0045538433412864
8328.000 0.0036766746327084
8332.000 0.003442626198304
8336.000 0.0029378577708432
8340.000 0.002675247235784
8344.000 0.0024545526283692
8348.000 0.0021839199753888
8352.000 0.002142170133068
8356.000 0.0021642989570688
8360.000 0.001791001303776
8364.000 0.002472745371448
8368.000 0.0021342968380936
8372.000 0.0019914793910544
8376.000 0.001936767554214
8380.000 0.002120192139156
8384.000 0.0016934308866684
8388.000 0.002067452259872
8392.000 0.0016570375828864
8396.000 0.0018739073805216
8400.000 0.00161912452002
8404.000 0.001771557794374
8408.000 0.001878010097664
8412.000 0.0017272244705728
8416.000 0.0016360331880308
8420.000 0.001574457047892
8424.000 0.0016305655697584
8428.000 0.0014974873973284
8432.000 0.0015774443556768
8436.000 0.0015605605182232
8440.000 0.001532517377664
8444.000 0.0014937554154762
8448.000 0.0014855401379412
8452.000 0.0014839598955376
8456.000 0.0014362051854576
8460.000 0.001702285325126
8464.000 0.0016493186743064
8468.000 0.0014179521597714
8472.000 0.0013570776381472
8476.000 0.0016351101382992
8480.000 0.001414487590038
8484.000 0.00139593842998
8488.000 0.0015166774259832
8492.000 0.0013953122111994
8496.000 0.0014981191211484
8500.000 0.001361273551625
8504.000 0.0009998795716704
8508.000 0.0016670285427094
8512.000 0.0011157883278168
8516.000 0.001353339971343
8520.000 0.00140428167732
8524.000 0.0012112680632222
8528.000 0.00127911629445
8532.000 0.0012339872842006
8536.000 0.0011529931976256
8540.000 0.001282547980467
8544.000 0.0012667766266536
8548.000 0.0012318778391676
8552.000 0.0012467985492312
8556.000 0.0011066599064642
8560.000 0.001126978176788
8564.000 0.001180283831346
8568.000 0.0010030236842368
8572.000 0.0010042287959034
8576.000 0.0012836980221084
8580.000 0.001046611921123
8584.000 0.0010469907915712
8588.000 0.0012072157369266
8592.000 0.0012124306752636
8596.000 0.001015969213177
8600.000 0.00101197772544
8604.000 0.0009648239035754
8608.000 0.0011130462862876
8612.000 0.0010447379327376
8616.000 0.000944676746468
8620.000 0.000922286893264
8624.000 0.0010158636347784
8628.000 0.00093423508669
8632.000 0.0009810394117776
8636.000 0.0009240436531656
8640.000 0.000917148012322
8644.000 0.0010022126667476
8648.000 0.0010116515436768
8652.000 0.000760197808766
8656.000 0.0010084207141372
8660.000 0.000831104905824
8664.000 0.0008679733909568
8668.000 0.0007678577360022
8672.000 0.0008294886446952
8676.000 0.0008700728017658
8680.000 0.000830493409424
8684.000 0.0007812054035406
8688.000 0.0007269755271856
8692.000 0.000716702536733
8696.000 0.0008235529001952
8700.000 0.000691115521915
8704.000 0.0007575816263008
8708.000 0.0008221487097108
8712.000 0.0007982065082944
8716.000 0.0007131507366778
8720.000 0.000797036989014
8724.000 0.0006879098217134
8728.000 0.0007467408214784
8732.000 0.0006938621569638
8736.000 0.0006984632543624
8740.000 0.000754088342798
8744.000 0.0006151860851808
8748.000 0.0006792722669778
8752.000 0.0007224572595552
8756.000 0.0006018547161942
8760.000 0.000702288422056
8764.000 0.0006096254471474
8768.000 0.0007136456566908
8772.000 0.0006109849948984
8776.000 0.0006674584324584
8780.000 0.000631387675992
8784.000 0.0005724783280692
8788.000 0.0005647888473216
8792.000 0.0006258834655488
8796.000 0.0005545763988734
8800.000 0.000581905258
8804.000 0.0005737157598746
8808.000 0.0005545429181952
8812.000 0.0005281710246786
8816.000 0.0005280423550792
8820.000 0.000527380811259
8824.000 0.0005254161026928
8828.000 0.0006618528705648
8832.000 0.0004400926533976
8836.000 0.000512871277141
8840.000 0.000529279392676
8844.000 0.000498837705627
8848.000 0.0005320891182304
8852.000 0.0005068765352888
8856.000 0.0005297751819392
8860.000 0.000486734398689
8864.000 0.0004699094707716
8868.000 0.000519679973527
8872.000 0.0004131343235008
8876.000 0.0004919989698538
8880.000 0.000386364573136
8884.000 0.0005232945106894
8888.000 0.00044995786136
8892.000 0.0004280612372418
8896.000 0.00045241077225
8900.000 0.000430890864305
8904.000 0.0003824829376304
8908.000 0.0004336198859074
8912.000 0.0003637217783408
8916.000 0.0004241894058948
8920.000 0.000411621808832
8924.000 0.0003967980666696
8928.000 0.0003722737005784
8932.000 0.000375615897991
8936.000 0.0003691897562608
8940.000 0.000385868721959
8944.000 0.0003576077472996
8948.000 0.0003320870108952
8952.000 0.0002899164601552
8956.000 0.0003632940982044
8960.000 0.000306873047538
8964.000 0.0003397341795398
8968.000 0.0003270788351976
8972.000 0.0003807232795912
8976.000 0.0003286909795172
8980.000 0.00030273051797
8984.000 0.0003302257350208
8988.000 0.0003257072169122
8992.000 0.0002869789361264
8996.000 0.0003523561243446
9000.000 0.00030410107266
9004.000 0.000327668969152
9008.000 0.000325309199684
9012.000 0.000335560082648
9016.000 0.000267852909716
9020.000 0.00030980446672
9024.000 0.000259813131676
9028.000 0.000298081512176
9032.000 0.00030148800192
9036.000 0.000251475969024
9040.000 0.00026873111356
9044.000 0.000298247094992
9048.000 0.000277870813388
9052.000 0.00029949979808
9056.000 0.000253116405276
9060.000 0.00026163016712
9064.000 0.000241497955552
9068.000 0.000249366698112
9072.000 0.000227225848668
9076.000 0.00025107663532
9080.000 0.0002787019249
9084.000 0.000285453186704
9088.000 0.000249669289408
9092.000 0.000222638599456
9096.000 0.000185452188068
9100.000 0.00027239443616
9104.000 0.000237626522784
9108.000 0.000217068434296
9112.000 0.000214001495456
9116.000 0.000199073879536
9120.000 0.00025790138192
9124.000 0.000219725286872
9128.000 0.000149171126748
9132.000 0.000255411239776
9136.000 0.000205734021192
9140.000 0.00020760303732
9144.000 0.000192364144336
9148.000 0.000176885862384
9152.000 0.000213609775428
9156.000 0.0001739846948
9160.000 0.00016917052096
9164.000 0.000196510194048
9168.000 0.000179339664756
9172.000 0.000194498078096
9176.000 0.000177659580252
9180.000 0.00017005303
9184.000 0.000173498415244
9188.000 0.00017020097948
9192.000 0.000176581276648
9196.000 0.000165249308224
9200.000 0.00018530936788
9204.000 0.0001828551387236
9208.000 0.0001568311366656
9212.000 0.0001548651479776
9216.000 0.0001544451669552
9220.000 0.000158092880328
9224.000 0.0001498818159744
9228.000 0.0001597148425236
9232.000 0.0001430396359104
9236.000 0.000144646768284
9240.000 0.000150696643408
9244.000 0.0001584878462964
9248.000 0.0001483443427056
9252.000 0.0001435093958644
9256.000 0.0001299657258144
9260.000 0.000148635898444
9264.000 0.0001517086736528
9268.000 0.000141181263666
9272.000 0.0001331368210496
9276.000 0.00015389731617
9280.000 0.000145854557004
9284.000 0.0001307058788196
9288.000 0.000137456629656
9292.000 0.0001218819588156
9296.000 0.0001253659765632
9300.000 0.00011444199445
9304.000 0.0001242961836864
9308.000 0.000135243091642
9312.000 0.0001280282289888
9316.000 0.000138966318756
9320.000 0.000120204799016
9324.000 0.0001053405442444
9328.000 0.0001253065304808
9332.000 0.0001129037990132
9336.000 0.000121982719488
9340.000 0.000126617574846
9344.000 0.0001044928049984
9348.000 0.000116294263294
9352.000 0.0001151827053888
9356.000 0.000107166761872
9360.000 0.000117600257308
9364.000 0.0001113210319932
9368.000 0.0001181266145248
9372.000 0.0001058466952316
9376.000 0.0001098506177736
9380.000 0.00010740725134
9384.000 0.000124307475136
9388.000 0.000112119704826
9392.000 9.50045597248E-5
9396.000 0.000104084441482
9400.000 8.866769616E-5
9404.000 0.00010889206430904
9408.000 9.422486198064E-5
9412.000 9.254318614128E-5
9416.000 8.533164599232E-5
9420.000 0.0001117792638624
9424.000 9.917530962912E-5
9428.000 0.00010039562508096
9432.000 9.64279552608E-5
9436.000 9.224808834816E-5
9440.000 8.89819204176E-5
9444.000 8.6738400168E-5
9448.000 9.202999817376E-5
9452.000 8.745566367888E-5
9456.000 8.633803950384E-5
9460.000 9.10385093952E-5
9464.000 8.472591384576E-5
9468.000 8.266900895448E-5
9472.000 8.514975091392E-5
9476.000 7.872898884336E-5
9480.000 8.13094165056E-5
9484.000 8.128348657344E-5
9488.000 8.101970817504E-5
9492.000 7.775367952368E-5
9496.000 7.715877979968E-5
9500.000 8.317362018E-5
9504.000 7.07649549E-5
9508.000 7.391998301976E-5
9512.000 7.647041443968E-5
9516.000 6.909568690992E-5
9520.000 8.50981806792E-5
9524.000 7.764015582432E-5
9528.000 7.691778140928E-5
9532.000 7.100292143232E-5
9536.000 7.333111058592E-5
9540.000 7.16702376324E-5
9544.000 6.41896204752E-5
9548.000 6.944937932472E-5
9552.000 6.500222482032E-5
9556.000 6.695084005344E-5
9560.000 7.1241391584E-5
9564.000 6.172658497488E-5
9568.000 6.048305046432E-5
9572.000 6.157646448408E-5
9576.000 6.847160033472E-5
9580.000 5.56246221624E-5
9584.000 6.373871802816E-5
9588.000 5.964420027336E-5
9592.000 5.306616004608E-5
9596.000 5.3259552588E-5
9600.000 5.6328085032E-5
9604.000 5.292844237056E-5
9608.000 4.405884033792E-5
9612.000 6.124618835808E-5
9616.000 5.186353775568E-5
9620.000 5.8250922E-5
9624.000 5.010588780144E-5
9628.000 5.807273496288E-5
9632.000 5.614941161568E-5
9636.000 5.36099049984E-5
9640.000 5.00150858736E-5
9644.000 5.462463930336E-5
9648.000 5.177367905808E-5
9652.000 4.860133195968E-5
9656.000 5.153442745056E-5
9660.000 5.59967354256E-5
9664.000 4.781252592624E-5
9668.000 4.688724406272E-5
9672.000 4.383000551424E-5
9676.000 4.650658117152E-5
9680.000 4.7706828612E-5
9684.000 4.603505403456E-5
9688.000 4.87119262968E-5
9692.000 4.721253129312E-5
9696.000 4.613999507232E-5
9700.000 3.9697964736E-5
9704.000 4.580695768224E-5
9708.000 4.073578363296E-5
9712.000 4.355027363232E-5
9716.000 4.283535132096E-5
9720.000 4.34623665336E-5
9724.000 4.360730146656E-5
9728.000 3.724150988688E-5
9732.000 3.80362302144E-5
9736.000 3.271406499504E-5
9740.000 4.24521347184E-5
9744.000 4.189907444832E-5
9748.000 3.889089991296E-5
9752.000 3.925116546192E-5
9756.000 3.989425357824E-5
9760.000 3.60843559296E-5
9764.000 3.28357166592E-5
9768.000 3.700794718896E-5
9772.000 3.592488453312E-5
9776.000 3.647418686688E-5
9780.000 3.2121423168E-5
9784.000 3.39299879856E-5
9788.000 3.9479825496E-5
9792.000 3.274468044432E-5
9796.000 3.57707342208E-5
9800.000 3.0710608596E-5
9804.000 3.17044353468E-5
9808.000 3.05065603008E-5
9812.000 2.8347437853E-5
9816.000 3.6168244224E-5
9820.000 3.6419287113E-5
9824.000 2.89854094452E-5
9828.000 2.90344039524E-5
9832.000 3.28134741336E-5
9836.000 2.62775047284E-5
9840.000 2.884104552E-5
9844.000 3.02617683E-5
9848.000 2.92522636416E-5
9852.000 3.09280134858E-5
9856.000 2.82743422884E-5
9860.000 3.0032254188E-5
9864.000 2.32215328488E-5
9868.000 2.44707160698E-5
9872.000 2.60284854108E-5
9876.000 2.91137662374E-5
