# lasilla.wfi.ESO853
# photon
# La Silla 2.2m WFI ESO853 http://svo2.cab.inta-csic.es/theory/fps/index.php?id=LaSilla/WFI.ESO853
8106.000 0.000243887992812
8209.000 0.002391406704976
8302.000 0.00405652887604
8354.999 0.0071150271768634
8387.999 0.010186610526286
8391.000 0.010757978060743
8394.000 0.011142670649838
8397.000 0.010515106055037
8399.999 0.012555969143196
8402.999 0.011963175271694
8406.000 0.013425349621107
8409.000 0.012936847706286
8412.000 0.013486792068442
8414.999 0.013788311074246
8417.999 0.014209572921525
8421.000 0.015520926633576
8424.000 0.016546800670928
8427.000 0.017405655378737
8429.999 0.019423016765532
8432.999 0.019793008115903
8436.000 0.022124357752718
8439.000 0.024277660348582
8442.000 0.025784413341951
8444.999 0.027763951727892
8447.999 0.031797629519025
8451.000 0.034139583023589
8454.000 0.038835111214282
8457.000 0.04314705344686
8459.999 0.047451495373487
8462.999 0.054035033640464
8466.000 0.061452956245319
8469.000 0.067539646460046
8472.000 0.076491390982944
8474.999 0.08597100250353
8477.999 0.096186837714373
8481.000 0.10737970617471
8484.000 0.12087124439688
8487.000 0.13360586139715
8489.999 0.14736130380433
8492.999 0.16225245381443
8496.000 0.1759217952878
8499.000 0.19011206026489
8502.000 0.20396546745102
8504.999 0.21676925335865
8507.999 0.22799368470758
8511.000 0.23807604918417
8514.000 0.24790045121863
8517.000 0.25577137442932
8519.999 0.2623717928473
8522.999 0.26865667871683
8526.000 0.27270064171416
8529.000 0.27505923918815
8532.000 0.27876460675785
8534.999 0.28034310017862
8537.999 0.28121393312127
8541.000 0.28303965711374
8544.000 0.28419914984162
8547.000 0.28526629855795
8549.999 0.28383756131164
8552.999 0.28518079244455
8556.000 0.28431551937778
8559.000 0.28422296555264
8562.000 0.28413775302001
8564.999 0.28340443669873
8567.999 0.28268742646393
8571.000 0.28267131395259
8574.000 0.28192484294173
8577.000 0.28050998218218
8579.999 0.2791020165835
8582.999 0.2775007232584
8586.000 0.27539100645179
8589.000 0.27283354438021
8592.000 0.26982173754671
8594.999 0.26675491369709
8597.999 0.26228156975253
8601.000 0.25599244004549
8604.000 0.24930288047449
8607.000 0.242417571022
8609.999 0.23323495572505
8612.999 0.22316583139031
8616.000 0.21345983792286
8619.000 0.20086662281891
8622.000 0.18723183734741
8624.999 0.17489997097481
8627.999 0.16145739255388
8631.000 0.14732499674684
8634.000 0.13366988254015
8637.000 0.12147735605211
8639.999 0.10794018565241
8642.999 0.097081578957962
8646.000 0.086793294559626
8649.000 0.077035573177964
8652.000 0.068090286736942
8654.999 0.060776203396272
8657.999 0.053616451257027
8661.000 0.046759315452746
8664.000 0.042220344341056
8667.000 0.037168768031289
8669.999 0.03271595945574
8672.999 0.029282950531011
8676.000 0.026364413918728
8679.000 0.023730386707181
8682.000 0.020877491124367
8684.999 0.019354547004948
8691.000 0.015905763953241
8702.999 0.011312833077685
8754.999 0.0057346561633371
8806.000 0.002801496874305
8849.999 0.0013226316977419
8871.000 0.000123665873225
