# lasilla.wfi.ESO879
# photon
# La Silla 2.2m WFI ESO879 http://svo2.cab.inta-csic.es/theory/fps/index.php?id=LaSilla/WFI.ESO879
6965.000 0.0002636119813208
6970.000 0.0003469797276448
6975.000 0.000454255836342
6980.000 0.0005915309172152
6985.000 0.00074633374792
6990.000 0.0009443608613136
6995.000 0.0012012278322266
7000.000 0.001528045749202
7005.000 0.001915663504776
7010.000 0.002397257130776
7015.000 0.002984755603464
7020.000 0.00370270449396
7025.000 0.00453929488421
7030.000 0.005523842030276
7035.000 0.00666601006113
7040.000 0.007967989972754
7045.000 0.0094891188893
7050.000 0.011238905677806
7055.000 0.013165946624038
7060.000 0.015367576828788
7065.000 0.01777539947976
7070.000 0.02041198012364
7075.000 0.02332404929222
7080.000 0.02653964096052
7085.000 0.030008684675226
7090.000 0.033815729925774
7095.000 0.03783177699405
7100.000 0.042120303210796
7105.000 0.046722200308196
7110.000 0.051664198494402
7115.000 0.05687273509672
7120.000 0.062401861886
7125.000 0.06814919405604
7130.000 0.07419348704242
7135.000 0.08040871681254
7140.000 0.08695004272878
7145.000 0.0936867353731
7150.000 0.10069471954276
7155.000 0.10783648927116
7160.000 0.1152302982429
7165.000 0.12258914415156
7170.000 0.130232740905
7175.000 0.13788940267312
7180.000 0.14569793252112
7185.000 0.15361619810316
7190.000 0.16131789826964
7195.000 0.168614534022
7200.000 0.17574407955324
7205.000 0.18305401214937
7210.000 0.19097616721004
7215.000 0.198915311421
7220.000 0.20712909698344
7225.000 0.21528235718968
7230.000 0.22331338296792
7235.000 0.23157945886557
7240.000 0.2396422599484
7245.000 0.24749659629268
7250.000 0.255303902819
7255.000 0.26281208458628
7260.000 0.27032062373475
7265.000 0.27755121829645
7270.000 0.28482077435919
7275.000 0.29200870494809
7280.000 0.29888921513312
7285.000 0.30554571772204
7290.000 0.31208355271103
7295.000 0.31846309904454
7300.000 0.32469909390366
7305.000 0.33074686773369
7310.000 0.33674851714819
7315.000 0.34258002102149
7320.000 0.348135065811
7325.000 0.35364367006641
7330.000 0.35902726855777
7335.000 0.3640226912165
7340.000 0.36899890826
7345.000 0.37377373159647
7350.000 0.37841289575568
7355.000 0.38295802052197
7360.000 0.3873153175726
7365.000 0.39161187777529
7370.000 0.39576211433108
7375.000 0.40006559806425
7380.000 0.40392282333573
7385.000 0.40786423969174
7390.000 0.41150768687477
7395.000 0.41508303824588
7400.000 0.41842510440048
7405.000 0.42155534392615
7410.000 0.42460022062148
7415.000 0.42728022629049
7420.000 0.42986234604026
7425.000 0.43248733091355
7430.000 0.43494930086504
7435.000 0.43769113551801
7440.000 0.44012643503903
7445.000 0.44235053750225
7450.000 0.44449406577997
7455.000 0.44657137898079
7460.000 0.44886126332725
7465.000 0.45090535154275
7470.000 0.45271820811236
7475.000 0.45449848457059
7480.000 0.45618408727019
7485.000 0.45758357817653
7490.000 0.45905710781295
7495.000 0.4602184962649
7500.000 0.46123040108927
7505.000 0.46198614578989
7510.000 0.46302367061489
7515.000 0.46381454232579
7520.000 0.46431341516243
7525.000 0.46477340161017
7530.000 0.46535741867465
7535.000 0.46562594456984
7540.000 0.46593378884119
7545.000 0.466113395266
7550.000 0.46632214856991
7555.000 0.46653605760116
7560.000 0.46663401042174
7565.000 0.46650005201618
7570.000 0.46633896688851
7575.000 0.46589549471865
7580.000 0.46560316513217
7585.000 0.4651107745247
7590.000 0.46447124454952
7595.000 0.46403291898062
7600.000 0.46345576384989
7605.000 0.46236646037912
7610.000 0.46147866460414
7615.000 0.46059621265914
7620.000 0.45954029263677
7625.000 0.45857639025916
7630.000 0.45745632816345
7635.000 0.45649076891803
7640.000 0.45535128700544
7645.000 0.45434641561966
7650.000 0.45337760286256
7655.000 0.45203287670188
7660.000 0.45086029538162
7665.000 0.44947364793086
7670.000 0.44799144861949
7675.000 0.44654580034764
7680.000 0.4452434902307
7685.000 0.44382783808829
7690.000 0.44233504139633
7695.000 0.44077430078635
7700.000 0.43919115799745
7705.000 0.43788721375665
7710.000 0.43619577872288
7715.000 0.43455400633774
7720.000 0.43306235986356
7725.000 0.43169356122645
7730.000 0.43033135154406
7735.000 0.42870310109172
7740.000 0.42748425122893
7745.000 0.42598375498968
7750.000 0.4246532570521
7755.000 0.42294085739172
7760.000 0.42120087275973
7765.000 0.42012658577547
7770.000 0.41841836679444
7775.000 0.41693609577516
7780.000 0.41539829115487
7785.000 0.41425290228729
7790.000 0.41264276577879
7795.000 0.41136256109526
7800.000 0.40982698620864
7805.000 0.40857115626131
7810.000 0.40723314523966
7815.000 0.4059951252142
7820.000 0.40474166399316
7825.000 0.40371034587448
7830.000 0.40254018856069
7835.000 0.4010348898828
7840.000 0.40010908815336
7845.000 0.39876438772183
7850.000 0.39788707644937
7855.000 0.39652209512139
7860.000 0.39541408050422
7865.000 0.39455520266531
7870.000 0.39331405725474
7875.000 0.39240563565353
7880.000 0.39122828702348
7885.000 0.39011187489779
7890.000 0.38910158429144
7895.000 0.38812144890272
7900.000 0.38725540307334
7905.000 0.38628956752502
7910.000 0.38575539809597
7915.000 0.38515989658849
7920.000 0.38420730758907
7925.000 0.38351945351836
7930.000 0.38270598070609
7935.000 0.3822020701704
7940.000 0.38134929117863
7945.000 0.38070385046158
7950.000 0.38009556910269
7955.000 0.37949650703183
7960.000 0.3787933022875
7965.000 0.37802247377588
7970.000 0.37775535011524
7975.000 0.37690562100594
7980.000 0.37625139304064
7985.000 0.37567384986136
7990.000 0.37528611312925
7995.000 0.37505063650216
8000.000 0.37481299020759
8005.000 0.37416531677981
8010.000 0.37351601764299
8015.000 0.37285566299653
8020.000 0.37219373148208
8025.000 0.37155568570416
8030.000 0.3709159304897
8035.000 0.37026157862741
8040.000 0.36960514155203
8045.000 0.36897137815878
8050.000 0.3683358471849
8055.000 0.36770558439146
8060.000 0.36707395537735
8065.000 0.36642695955618
8070.000 0.36577822871507
8075.000 0.3651329838565
8080.000 0.36448640998947
8085.000 0.3638644690919
8090.000 0.36324105266275
8095.000 0.36256622709997
8100.000 0.36189018881694
8105.000 0.36122363698121
8110.000 0.3605549534171
8115.000 0.35986029790615
8120.000 0.35916407250451
8125.000 0.35844002301952
8130.000 0.35771412554936
8135.000 0.35697122294027
8140.000 0.3562265630508
8145.000 0.3554801493696
8150.000 0.35473282066594
8155.000 0.35393209729524
8160.000 0.35313032965651
8165.000 0.35231467904816
8170.000 0.35149805627046
8175.000 0.350632689519
8180.000 0.3497662097238
8185.000 0.34887486936561
8190.000 0.34798296617253
8195.000 0.34706362663601
8200.000 0.34614387776503
8205.000 0.34521990445219
8210.000 0.34429604907919
8215.000 0.34333567324863
8220.000 0.34237481367296
8225.000 0.34137824775274
8230.000 0.3403818052918
8235.000 0.33938190420465
8240.000 0.33838254401969
8245.000 0.33731288685173
8250.000 0.33624338381162
8255.000 0.33516892364865
8260.000 0.33409465419405
8265.000 0.33298224611349
8270.000 0.33187064966341
8275.000 0.3307225338645
8280.000 0.32957544917923
8285.000 0.32842127746782
8290.000 0.32726779944704
8295.000 0.3261088698775
8300.000 0.32495144373528
8305.000 0.32374738489564
8310.000 0.32254511069614
8315.000 0.32134917433818
8320.000 0.32015460975001
8325.000 0.31891838957507
8330.000 0.31768417809599
8335.000 0.31645759908341
8340.000 0.31523261361008
8345.000 0.31401220455909
8350.000 0.31279374247433
8355.000 0.31153979594193
8360.000 0.31028765100053
8365.000 0.3090527757386
8370.000 0.30781997318846
8375.000 0.30656984183921
8380.000 0.30532116779912
8385.000 0.30407686421963
8390.000 0.30283400651789
8395.000 0.3016334395971
8400.000 0.30043406706291
8405.000 0.29920392994588
8410.000 0.29797505532552
8415.000 0.29677348932831
8420.000 0.29557337628753
8425.000 0.29436514769771
8430.000 0.2931584357491
8435.000 0.29199689221077
8440.000 0.29083622198436
8445.000 0.28968621941551
8450.000 0.28853737968355
8455.000 0.28745152450331
8460.000 0.28636641231215
8465.000 0.28527100457218
8470.000 0.28417607152459
8475.000 0.28314636727842
8480.000 0.28211635759099
8485.000 0.28109251403985
8490.000 0.28006867344198
8495.000 0.27909585894707
8500.000 0.27812337171625
8505.000 0.27717704321508
8510.000 0.27623085328236
8515.000 0.27529979061748
8520.000 0.27436842132219
8525.000 0.27348173448701
8530.000 0.27259442023883
8535.000 0.27170746390796
8540.000 0.27081987308801
8545.000 0.27000045166022
8550.000 0.26917989805858
8555.000 0.2683659817083
8560.000 0.26755119912219
8565.000 0.26676446982409
8570.000 0.26597665493148
8575.000 0.26521135754706
8580.000 0.26444447511926
8585.000 0.26367632429805
8590.000 0.26290627060416
8595.000 0.26216574670239
8600.000 0.2614234042464
8605.000 0.26068012763983
8610.000 0.25993473651871
8615.000 0.25914854760738
8620.000 0.25836085624202
8625.000 0.25758547538471
8630.000 0.25680816959002
8635.000 0.25601645004259
8640.000 0.25522290520732
8645.000 0.25441846984092
8650.000 0.25361198114143
8655.000 0.2527836596308
8660.000 0.25195345248996
8665.000 0.2511079842426
8670.000 0.25026074702789
8675.000 0.24934716503873
8680.000 0.24843264731611
8685.000 0.24751690140717
8690.000 0.24660022219526
8695.000 0.24563968636617
8700.000 0.24467828813747
8705.000 0.24366800330477
8710.000 0.24265726925348
8715.000 0.24158563540396
8720.000 0.24051435883448
8725.000 0.23940922909844
8730.000 0.23830446921438
8735.000 0.23714206062714
8740.000 0.2359808113772
8745.000 0.23473736046132
8750.000 0.23349579802568
8755.000 0.23220874847039
8760.000 0.2309240054373
8765.000 0.22958915118732
8770.000 0.22825679831721
8775.000 0.22686579971332
8780.000 0.22547812843175
8785.000 0.22404149559209
8790.000 0.22260866401767
8795.000 0.22109619837323
8800.000 0.21958856166605
8805.000 0.21806178938966
8810.000 0.21654034422464
8815.000 0.21494778260254
8820.000 0.21336098250716
8825.000 0.2117641744712
8830.000 0.21017275373482
8835.000 0.20853321198607
8840.000 0.20689957023781
8845.000 0.20521426047121
8850.000 0.2035356593476
8855.000 0.20187230770734
8860.000 0.20021583247644
8865.000 0.19848711710111
8870.000 0.1967660399313
8875.000 0.19506885738889
8880.000 0.19337914618236
8885.000 0.19169861030601
8890.000 0.19002527884475
8895.000 0.188339105009
8900.000 0.18666057663397
8905.000 0.18501049259113
8910.000 0.18336759845297
8915.000 0.18171863953558
8920.000 0.18007700595331
8925.000 0.17846471931023
8930.000 0.17685976373579
8935.000 0.17528810324853
8940.000 0.17372326506908
8945.000 0.17218727501339
8950.000 0.17065787509905
8955.000 0.16916639369723
8960.000 0.16768116869751
8965.000 0.16624667065866
8970.000 0.16481795017861
8975.000 0.16342700123225
8980.000 0.16204126062383
8985.000 0.16070885985474
8990.000 0.15938114504909
8995.000 0.15809115605866
9000.000 0.15680614109314
9005.000 0.1556855829305
9010.000 0.15456871358446
9015.000 0.1534945019314
9020.000 0.15242316191256
9025.000 0.15140572169972
9030.000 0.1503906476576
9035.000 0.14940236462539
9040.000 0.14841620666418
9045.000 0.14747288055146
9050.000 0.1465312692172
9055.000 0.1455950568765
9060.000 0.14466073103552
9065.000 0.14375095909034
9070.000 0.14284303810497
9075.000 0.14193956845026
9080.000 0.1410379159168
9085.000 0.14012163024769
9090.000 0.13920713379244
9095.000 0.13827560644849
9100.000 0.13734626633504
9105.000 0.13638536683818
9110.000 0.13542701622142
9115.000 0.13441999726411
9120.000 0.13341589476768
9125.000 0.13235817872666
9130.000 0.1313040093897
9135.000 0.13013633490554
9140.000 0.12897334030364
9145.000 0.12772414934573
9150.000 0.12648068092072
9155.000 0.12509790576045
9160.000 0.12372253237162
9165.000 0.12221664153083
9170.000 0.12071994843363
9175.000 0.11905368787193
9180.000 0.117398557668
9185.000 0.11561454723511
9190.000 0.11384334639853
9195.000 0.11191216341924
9200.000 0.10999588591208
9205.000 0.10784850457225
9210.000 0.1057191677164
9215.000 0.10348737546891
9220.000 0.10127511335038
9225.000 0.098840812816175
9230.000 0.096428890368215
9235.000 0.093886528707395
9240.000 0.091368814042944
9245.000 0.088719594785469
9250.000 0.08609685199416
9255.000 0.083425782675648
9260.000 0.080781998701294
9265.000 0.07806892786583
9270.000 0.075384576694189
9275.000 0.072702076034847
9280.000 0.07004865277254
9285.000 0.067437874515463
9290.000 0.064855990580189
9295.000 0.062233155242967
9300.000 0.05963986399955
9305.000 0.057180520897605
9310.000 0.054749588125473
9315.000 0.052377142635834
9320.000 0.050032981677944
9325.000 0.047746900456897
9330.000 0.045488226630162
9335.000 0.043394974483028
9340.000 0.041327427801702
9345.000 0.039329440464015
9350.000 0.03735650835942
9355.000 0.035509317712668
9360.000 0.033685535443728
9365.000 0.032006748076147
9370.000 0.030349529916816
9375.000 0.028828832945132
9380.000 0.027327803704546
9385.000 0.025930222219406
9390.000 0.024551275708394
9395.000 0.023281532031215
9400.000 0.02202898187376
9405.000 0.020914579199722
9410.000 0.019813449260621
9415.000 0.018783803518194
9420.000 0.017766493592662
9425.000 0.016864884287902
9430.000 0.015974290753457
9435.000 0.015151317677514
9440.000 0.014338551641074
9445.000 0.013603053727327
9450.000 0.012876669176646
9455.000 0.012224154777311
9460.000 0.01157979574045
9465.000 0.010992021316751
9470.000 0.010411637195531
9475.000 0.0098932816191163
9480.000 0.0093816144254549
9485.000 0.0089031510478223
9490.000 0.0084309220158566
9495.000 0.0080126492211999
9500.000 0.0075998585170116
9505.000 0.0072271306114623
9510.000 0.0068593398828236
9515.000 0.0065259825362339
9520.000 0.0061970790945118
9525.000 0.0059007560338912
9530.000 0.0056084406441517
9535.000 0.0053422764065527
9540.000 0.0050797535952205
9545.000 0.0048408805759251
9550.000 0.0046053124867503
9555.000 0.0043890346743732
9560.000 0.0041757986804371
9565.000 0.003986382855083
9570.000 0.0037996365539454
9575.000 0.0036258587978754
9580.000 0.0034545781248232
9585.000 0.0032970766600243
9590.000 0.0031418585237591
9595.000 0.0030036309906282
9600.000 0.0028674263463696
9605.000 0.002743797231937
9610.000 0.0026217371000725
9615.000 0.0025125551275328
9620.000 0.0024047658228154
9625.000 0.002305211827539
9630.000 0.0022069327909222
9635.000 0.0021173278521922
9640.000 0.0020288791116509
9645.000 0.001947810263315
9650.000 0.001867804971681
9655.000 0.0017927301153301
9660.000 0.0017186542497178
9665.000 0.0016501597778491
9670.000 0.0015825779940768
9675.000 0.0015203375953488
9680.000 0.0014589508121333
9685.000 0.0014024267466205
9690.000 0.0013466688541334
9695.000 0.0012946708785963
9700.000 0.0012433859041152
9705.000 0.0011956737177007
9710.000 0.0011486228211408
9715.000 0.0011057869374935
9720.000 0.0010635469012766
9725.000 0.0010231485270021
9730.000 0.00098332262786352
9735.000 0.00094739271864
9740.000 0.00091197174112704
9745.000 0.00087799646870214
9750.000 0.0008445044472342
9755.000 0.00081313452440862
9760.000 0.00078222299070696
9765.000 0.00075399527443128
9770.000 0.00072618080953596
9775.000 0.000700134339669
9780.000 0.00067447307442912
9785.000 0.00064939740032646
9790.000 0.00062470953146376
9795.000 0.0006020122699941
9800.000 0.0005796610645584
9805.000 0.00055874964965085
9810.000 0.0005381588910468
9815.000 0.00051847136994
9820.000 0.0004990914467352
9825.000 0.00048199979514323
9830.000 0.0004651703272347
9835.000 0.0004487328847008
9840.000 0.000432560689281
9845.000 0.0004174324052532
9850.000 0.00040254425071965
9855.000 0.0003885208572837
9860.000 0.0003747222134469
9865.000 0.0003616656083955
9870.000 0.0003488150194308
9875.000 0.00033663567702765
9880.000 0.0003246562732608
9885.000 0.0003134116402809
9890.000 0.00030235811171325
9895.000 0.00029166015362265
9900.000 0.0002811431269395
9905.000 0.00027187665949838
9910.000 0.0002627661838788
9915.000 0.00025393201502175
9920.000 0.0002452449708216
9925.000 0.00023707083359272
9930.000 0.0002290329390195
9935.000 0.0002210603070393
9940.000 0.000213226094115
9945.000 0.0002057871672528
9950.000 0.00019848304858305
9955.000 0.0001918332131103
9960.000 0.0001852964053572
9965.000 0.0001783484249805
9970.000 0.00017153117371215
9975.000 0.00016514356896795
9980.000 0.0001588762466109
9985.000 0.00015323002381912
9990.000 0.000147682012755
9995.000 0.00014232124427228
10000.000 0.0001370557856502
10005.000 0.000133778930391
10010.000 0.00013052751180075
10015.000 0.00012760023705345
10020.000 0.0001246991780502
10025.000 0.00012183167400232
10030.000 0.0001189865233908
10035.000 0.00011626621823812
10040.000 0.0001135635967008
10045.000 0.00011083885287008
10050.000 0.00010813591189845
10055.000 0.000106032283857
10060.000 0.0001039445491455
10065.000 0.00010145022040687
10070.000 9.897615291105E-5
10075.000 9.682803062145E-5
10080.000 9.46969762266E-5
10085.000 9.265948160625E-5
10090.000 9.06347888163E-5
10095.000 8.8739919662625E-5
10100.000 8.68567144797E-5
10105.000 8.499884229855E-5
10110.000 8.315598252375E-5
10115.000 8.13281351553E-5
10120.000 7.95153001932E-5
10125.000 7.76841768072E-5
10130.000 7.58651211486E-5
10135.000 7.44171664635E-5
10140.000 7.29806637852E-5
10145.000 7.1519789713725E-5
10150.000 7.00707714057E-5
10155.000 6.850159019055E-5
10160.000 6.694576965E-5
10165.000 6.5826683686575E-5
10170.000 6.47160766128E-5
10175.000 6.3399982533975E-5
10180.000 6.20917350903E-5
10185.000 6.0701203627875E-5
10190.000 5.932278486495E-5
10195.000 5.832218329155E-5
10200.000 5.73293265048E-5
10205.000 5.598351494334E-5
10210.000 5.46500761642E-5
10215.000 5.393757664464E-5
10220.000 5.322974538344E-5
10225.000 5.18398830054E-5
10230.000 5.046349405596E-5
10235.000 4.967036030222E-5
10240.000 4.888039609856E-5
10245.000 4.772162179962E-5
10250.000 4.65738919168E-5
10255.000 4.582996150742E-5
10260.000 4.5091837956E-5
10265.000 4.42135001759E-5
10270.000 4.33429428264E-5
10275.000 4.23361183935E-5
10280.000 4.1336296796E-5
10285.000 4.05457171112E-5
10290.000 3.97621587906E-5
10295.000 3.918230119798E-5
10300.000 3.8604019116E-5
10305.000 3.786799240224E-5
10310.000 3.713593225828E-5
10315.000 3.630839902774E-5
10320.000 3.548898780768E-5
10325.000 3.47938156036E-5
10330.000 3.410249610936E-5
10335.000 3.355237718226E-5
10340.000 3.30066987936E-5
10345.000 3.234775079416E-5
10350.000 3.16975126338E-5
10355.000 3.10287956852E-5
10360.000 3.036419711968E-5
10365.000 2.980820214588E-5
10370.000 2.925721701032E-5
10375.000 2.87399290486E-5
10380.000 2.822719548528E-5
10385.000 2.760138342136E-5
10390.000 2.698202342184E-5
10395.000 2.648485071972E-5
10400.000 2.5992232416E-5
10405.000 2.5630097734687E-5
10410.000 2.5268184574875E-5
10415.000 2.4541395792812E-5
10420.000 2.382319527375E-5
10425.000 2.3496936696562E-5
10430.000 2.3172825185125E-5
10435.000 2.2833531429938E-5
10440.000 2.24966808875E-5
10445.000 2.1866322359375E-5
10450.000 2.1243552598125E-5
10455.000 2.0933822136625E-5
10460.000 2.06242021415E-5
10465.000 2.0187331409437E-5
10470.000 1.9757050536875E-5
10475.000 1.9488696940688E-5
10480.000 1.9221972153E-5
10485.000 1.8871690085875E-5
10490.000 1.8524628617375E-5
10495.000 1.8052480220625E-5
10500.000 1.7584070091E-5
10505.000 1.7195735158562E-5
10510.000 1.6813545865125E-5
10515.000 1.6611358235062E-5
10520.000 1.64099109725E-5
10525.000 1.6090059187125E-5
10530.000 1.5773353963625E-5
10535.000 1.532330082675E-5
10540.000 1.48774301775E-5
10545.000 1.4757687509375E-5
10550.000 1.4638944926125E-5
10555.000 1.4242192103812E-5
10560.000 1.3850621854E-5
10565.000 1.3578809063938E-5
10570.000 1.33113280125E-5
10575.000 1.3104151991E-5
10580.000 1.289993802825E-5
10585.000 1.2608420865187E-5
10590.000 1.2318642977E-5
10595.000 1.1994460888438E-5
10600.000 1.1674535913E-5
10605.000 1.1517592284776E-5
10610.000 1.1359634547712E-5
10615.000 1.111664764827E-5
10620.000 1.0876258756796E-5
10625.000 1.063846787329E-5
10630.000 1.0401827887584E-5
10635.000 1.0243562620928E-5
10640.000 1.0084607996428E-5
10645.000 9.82750918911E-6
10650.000 9.57373005864E-6
10655.000 9.357193143968E-6
10660.000 9.143073820044E-6
10665.000 8.96835499406E-6
10670.000 8.793740646E-6
10675.000 8.59615967697E-6
10680.000 8.400707631136E-6
10685.000 8.193649345012E-6
10690.000 7.989116899968E-6
10695.000 7.77862232153E-6
10700.000 7.57090616828E-6
10705.000 7.360086018528E-6
10710.000 7.152224711184E-6
10715.000 7.072766344588E-6
10720.000 6.991175282388E-6
10725.000 6.84676819E-6
10730.000 6.70232124176E-6
10735.000 6.42542754609E-6
10740.000 6.15412678424E-6
10745.000 6.088656165238E-6
10750.000 6.02076418308E-6
10755.000 5.791134224052E-6
10760.000 5.565942528636E-6
10765.000 5.49110661528E-6
10770.000 5.414282340096E-6
10775.000 5.24682940617E-6
10780.000 5.082772088388E-6
10785.000 4.916729360868E-6
10790.000 4.754190499824E-6
10795.000 4.662388314108E-6
10800.000 4.57113115246E-6
10805.000 4.4209077838102E-6
10810.000 4.2730042163915E-6
10815.000 4.1539733916053E-6
10820.000 4.036067318931E-6
10825.000 3.9274900223425E-6
10830.000 3.8196508443275E-6
10835.000 3.6976256758733E-6
10840.000 3.577769842172E-6
10845.000 3.4336852096528E-6
10850.000 3.29237730891E-6
10855.000 3.2108395016605E-6
10860.000 3.128950209376E-6
10865.000 3.009185398527E-6
10870.000 2.89124830986E-6
10875.000 2.7996522906562E-6
10880.000 2.708372607984E-6
10885.000 2.593337441532E-6
10890.000 2.4807176493575E-6
10895.000 2.3604648919702E-6
10900.000 2.242742826835E-6
10905.000 2.135450203617E-6
10910.000 2.030537806173E-6
10915.000 1.972189746212E-6
10920.000 1.912496170654E-6
10925.000 1.8001407643313E-6
10930.000 1.690903702356E-6
10935.000 1.6098753395655E-6
10940.000 1.528716255225E-6
10945.000 1.4098907270568E-6
10950.000 1.2954236133225E-6
10955.000 1.216803903939E-6
10960.000 1.138711422108E-6
10965.000 1.0756094226278E-6
10970.000 1.0110311860005E-6
10975.000 9.25959137865E-7
10980.000 8.4226775383E-7
10985.000 7.627614212295E-7
10990.000 6.842139706875E-7
10995.000 6.03267321519E-7
11000.000 5.241934155E-7
