# lasilla.wfi.NB817
# photon
# La Silla 2.2m WFI NB817 http://svo2.cab.inta-csic.es/theory/fps/index.php?id=LaSilla/WFI.NB817
7800.000 0.00312242939008
7804.000 0.0028030511678878
7808.000 0.0035787515883872
7812.000 0.0027277211580424
7816.000 0.0036531960493632
7820.000 0.003369658826416
7824.000 0.0033260734377976
7828.000 0.0035728858652144
7832.000 0.0029358694053088
7836.000 0.0028417048186892
7840.000 0.003059935395748
7844.000 0.002706998492649
7848.000 0.003113077217948
7852.000 0.0032665552899564
7856.000 0.0027041195743436
7860.000 0.003276829954174
7864.000 0.0032157002599104
7868.000 0.0027581368587692
7872.000 0.003306801540534
7876.000 0.0025760747456728
7880.000 0.003311430723792
7884.000 0.0030793743394064
7888.000 0.0027312326833
7892.000 0.0031211480713092
7896.000 0.0030552717924512
7900.000 0.0034499030945
7904.000 0.00284251641713
7908.000 0.0027872859715492
7912.000 0.0036598962334144
7916.000 0.0029317439435148
7920.000 0.002923451441314
7924.000 0.0028501495300926
7928.000 0.0031072310918016
7932.000 0.0030869737840172
7936.000 0.0029839325294576
7940.000 0.002681930206151
7944.000 0.0028665121753352
7948.000 0.0031073833008368
7952.000 0.0031204831430272
7956.000 0.002696616209651
7960.000 0.002550075582376
7964.000 0.0033465154473158
7968.000 0.0032603582973696
7972.000 0.002716795844878
7976.000 0.0032087101866688
7980.000 0.002578990556541
7984.000 0.0021734088049228
7988.000 0.0031590637333696
7992.000 0.0027829195821568
7996.000 0.0027938683390814
8000.000 0.00266266751468
8004.000 0.0033549101340276
8008.000 0.0028603781099036
8012.000 0.0033653733894956
8016.000 0.0031824801380316
8020.000 0.00289103468711
8024.000 0.00338560789323
8028.000 0.0035605347976764
8032.000 0.0031004574093432
8036.000 0.003260090503864
8040.000 0.003239522125626
8044.000 0.0034459079448444
8048.000 0.0030105377241988
8052.000 0.0039392309381568
8056.000 0.0036905024219652
8060.000 0.003544540407252
8064.000 0.0041952350655144
8068.000 0.0036600797083988
8072.000 0.0040597383038672
8076.000 0.0046215960411408
8080.000 0.004775730761948
8084.000 0.005849699660924
8088.000 0.006303756082812
8092.000 0.007971588914788
8096.000 0.009645071346152
8100.000 0.01218952621548
8104.000 0.016161223844612
8108.000 0.020588695759115
8112.000 0.028219636889231
8116.000 0.038254203605794
8120.000 0.053864016666506
8124.000 0.075261269208718
8128.000 0.10318525804349
8132.000 0.13861815433031
8136.000 0.18026823579716
8140.000 0.22549868360393
8144.000 0.26887304368655
8148.000 0.30354832894197
8152.000 0.32863974228807
8156.000 0.34516146955771
8160.000 0.35339280844958
8164.000 0.35805989129211
8168.000 0.36003527296991
8172.000 0.36029483755425
8176.000 0.35983834431057
8180.000 0.35803285627614
8184.000 0.35522105287688
8188.000 0.35064617640863
8192.000 0.34221407396513
8196.000 0.32846551196931
8200.000 0.30737871272281
8204.000 0.2781444454346
8208.000 0.23987865450443
8212.000 0.1974996721725
8216.000 0.15622539024258
8220.000 0.11874884523059
8224.000 0.086011415646068
8228.000 0.061551912527328
8232.000 0.043991251323927
8236.000 0.032234172897692
8240.000 0.023188504431582
8244.000 0.017545022194933
8248.000 0.013376754122639
8252.000 0.0098838120398352
8256.000 0.0080069007187876
8260.000 0.00668076327776
8264.000 0.005416689218592
8268.000 0.0048097449826608
8272.000 0.0042192187837444
8276.000 0.003651232769784
8280.000 0.003344871016702
8284.000 0.0029563637059304
8288.000 0.0028899466828044
8292.000 0.002808412222288
8296.000 0.0024057717169248
8300.000 0.0025536858189
8304.000 0.0023962258662892
8308.000 0.0023046958654784
8312.000 0.002341393516062
8316.000 0.002208635333904
8320.000 0.002289249640418
8324.000 0.0020737397401728
8328.000 0.0021161882787092
8332.000 0.0023173835304304
8336.000 0.0018153531554904
8340.000 0.002147902261304
8344.000 0.002007218899624
8348.000 0.0019021838776776
8352.000 0.001936120839506
8356.000 0.0021005995353344
8360.000 0.001853804567316
8364.000 0.0019196021817992
8368.000 0.0017372867476456
8372.000 0.0017938348703808
8376.000 0.001850810920552
8380.000 0.001849102350928
8384.000 0.0017785937552436
8388.000 0.001865970959744
8392.000 0.0015013281946344
8396.000 0.0020241667232928
8400.000 0.00142745245846
8404.000 0.0017650896320416
8408.000 0.00163967484672
8412.000 0.001719360451874
8416.000 0.0014998456356604
8420.000 0.001841488945581
8424.000 0.0015135393326944
8428.000 0.0019049284652836
8432.000 0.00153441031914
8436.000 0.001517993380553
8440.000 0.001653210138176
8444.000 0.0016844550410172
8448.000 0.0014244714219112
8452.000 0.0015264184103724
8456.000 0.0015680944968336
8460.000 0.001393187969425
8464.000 0.0016134188957112
8468.000 0.0014117557191606
8472.000 0.0015132806043392
8476.000 0.0014108645058482
8480.000 0.001501890154134
8484.000 0.0014088763959164
8488.000 0.0015027567242896
8492.000 0.001306941309204
8496.000 0.0014292400810956
8500.000 0.0012754153385
8504.000 0.0013376495008512
8508.000 0.0011591188621932
8512.000 0.001287062837742
8516.000 0.0013353620233842
8520.000 0.001165586990324
8524.000 0.0014410084392474
8528.000 0.0011992334187708
8532.000 0.0013192374059952
8536.000 0.0012370143358528
8540.000 0.001189604978055
8544.000 0.0012739556801792
8548.000 0.001392614144648
8552.000 0.0011163762185544
8556.000 0.0011988546078212
8560.000 0.001163748500816
8564.000 0.0010509993353784
8568.000 0.001301878567136
8572.000 0.001136591330607
8576.000 0.0010446184302084
8580.000 0.001037712700415
8584.000 0.00127546547702
8588.000 0.0010356590383788
8592.000 0.0012152656651512
8596.000 0.0010046632188418
8600.000 0.00111843577824
8604.000 0.001293819178363
8608.000 0.0009773772393708
8612.000 0.0009839396444904
8616.000 0.000977145178016
8620.000 0.000944172711921
8624.000 0.0010468987911948
8628.000 0.0007712799830444
8632.000 0.0009355445868928
8636.000 0.0009855248184948
8640.000 0.001032739607656
8644.000 0.000913301826668
8648.000 0.0009604057861008
8652.000 0.0010116940798874
8656.000 0.0007700177178636
8660.000 0.000902751880464
8664.000 0.0008530955474368
8668.000 0.0008974652410748
8672.000 0.0009013224795708
8676.000 0.0008945279465496
8680.000 0.000906553449396
8684.000 0.0007835469708798
8688.000 0.0007558561761388
8692.000 0.0008109060344618
8696.000 0.0007554547539792
8700.000 0.000837251942345
8704.000 0.000723904935466
8708.000 0.000839073613365
8712.000 0.0008396606428584
8716.000 0.000729391085056
8720.000 0.00064881707157
8724.000 0.0006873438736906
8728.000 0.0008688476098848
8732.000 0.0006952673051148
8736.000 0.0006654164764896
8740.000 0.00074236676234
8744.000 0.0007111350903288
8748.000 0.000698394986856
8752.000 0.0006760609217856
8756.000 0.0007328482438158
8760.000 0.000541318760304
8764.000 0.0005836664971344
8768.000 0.0006526549557756
8772.000 0.000606372763587
8776.000 0.000650156958308
8780.000 0.000574552010619
8784.000 0.0007047951662024
8788.000 0.0005150489204268
8792.000 0.0006466663137024
8796.000 0.000574752466999
8800.000 0.00057767321976
8804.000 0.0006032316832122
8808.000 0.0005981291513488
8812.000 0.0006152839277088
8816.000 0.000532994381114
8820.000 0.000519850509178
8824.000 0.0005580120795216
8828.000 0.0005520595205412
8832.000 0.0004963238617372
8836.000 0.000514150257882
8840.000 0.000515518638124
8844.000 0.0005656032611384
8848.000 0.0004908673852116
8852.000 0.0005401308606656
8856.000 0.000500663897664
8860.000 0.000407986922784
8864.000 0.0004275752842156
8868.000 0.0004901611588016
8872.000 0.0004684824625344
8876.000 0.0004678789603262
8880.000 0.00038734519388
8884.000 0.000428549634279
8888.000 0.0004480120976352
8892.000 0.0004333908055606
8896.000 0.0004676117741976
8900.000 0.00037249349675
8904.000 0.0003956472439944
8908.000 0.0004536441137338
8912.000 0.000405981880524
8916.000 0.0003738257807802
8920.000 0.00035675459976
8924.000 0.000464338163124
8928.000 0.00037951365335
8932.000 0.0004202711626438
8936.000 0.0003640942891104
8940.000 0.00031367690488
8944.000 0.0003895329090688
8948.000 0.0003462670347764
8952.000 0.0003728148038288
8956.000 0.0003467394982238
8960.000 0.000352486259902
8964.000 0.000355248182444
8968.000 0.0003870768693064
8972.000 0.000337702440621
8976.000 0.0003337955659648
8980.000 0.000330351915595
8984.000 0.0003066853261952
8988.000 0.0002961372947312
8992.000 0.0003301566180056
8996.000 0.0003295604416236
9000.000 0.00028378444094
9004.000 0.000310661184288
9008.000 0.000301506087512
9012.000 0.000299462276176
9016.000 0.000287851458972
9020.000 0.00030387113904
9024.000 0.000313844132252
9028.000 0.000298922362704
9032.000 0.000246633934904
9036.000 0.000284005198848
9040.000 0.00026250087136
9044.000 0.000241576010368
9048.000 0.000267365689976
9052.000 0.000244933396512
9056.000 0.000308683525724
9060.000 0.00025654404412
9064.000 0.000253248695
9068.000 0.000268936738336
9072.000 0.000279461675948
9076.000 0.00025407755128
9080.000 0.0002283005046
9084.000 0.000252127171856
9088.000 0.00023801542226
9092.000 0.000224802048744
9096.000 0.000208951937348
9100.000 0.0002700546128
9104.000 0.000190062390364
9108.000 0.00024548255704
9112.000 0.000226318128288
9116.000 0.000202522705168
9120.000 0.00020906798416
9124.000 0.000224473024272
9128.000 0.000210427711116
9132.000 0.000248635407328
9136.000 0.000191493779288
9140.000 0.0002061108322
9144.000 0.000180480645072
9148.000 0.000205904755168
9152.000 0.000209010081728
9156.000 0.000178380097616
9160.000 0.00019669718978
9164.000 0.000192155397504
9168.000 0.00019505220336
9172.000 0.000212473870896
9176.000 0.000177659580252
9180.000 0.000168806568
9184.000 0.000177042815964
9188.000 0.00015697292408
9192.000 0.00017465046746
9196.000 0.000159659479616
9200.000 0.00016966411168
9204.000 0.0001757623660768
9208.000 0.0001664716895232
9212.000 0.0001569208800304
9216.000 0.0001373982390352
9220.000 0.000159619528314
9224.000 0.0001441430977952
9228.000 0.000164585221528
9232.000 0.0001405331002344
9236.000 0.0001684220416916
9240.000 0.000154501278752
9244.000 0.0001278764865756
9248.000 0.0001511278458248
9252.000 0.0001415546708356
9256.000 0.0001513565934048
9260.000 0.000142993537874
9264.000 0.0001589252596088
9268.000 0.000148359971988
9272.000 0.000127741526752
9276.000 0.000150740448146
9280.000 0.000132823417896
9284.000 0.000118681562608
9288.000 0.0001166439874256
9292.000 0.000118946905308
9296.000 0.000135198602176
9300.000 0.0001188729929
9304.000 0.0001262715509088
9308.000 0.0001251187484688
9312.000 0.0001283287647376
9316.000 0.0001228282946424
9320.000 0.000101631746016
9324.000 0.0001029766610636
9328.000 0.0001251596295072
9332.000 0.0001018032961348
9336.000 0.0001123983629568
9340.000 0.000106404963126
9344.000 0.000111956576784
9348.000 0.0001015969514912
9352.000 0.0001087994273808
9356.000 0.000106461717386
9360.000 0.00010582621486
9364.000 0.0001200985351416
9368.000 0.0001069094330752
9372.000 0.0001028185713108
9376.000 9.8496195264E-5
9380.000 0.000107679168432
9384.000 9.82299287216E-5
9388.000 0.0001063458757152
9392.000 8.4730190204E-5
9396.000 0.0001055429495792
9400.000 0.00010026168912
9404.000 0.00010522301761752
9408.000 9.174868995072E-5
9412.000 8.800675544808E-5
9416.000 9.048763668672E-5
9420.000 8.93464987524E-5
9424.000 8.145632757456E-5
9428.000 9.177579868512E-5
9432.000 9.239436758976E-5
9436.000 8.547988621392E-5
9440.000 0.0001066786048704
9444.000 7.856020815216E-5
9448.000 8.155804389696E-5
9452.000 8.133131748288E-5
9456.000 8.012754583008E-5
9460.000 8.45011696248E-5
9464.000 8.520731108352E-5
9468.000 7.860135873096E-5
9472.000 7.456549416624E-5
9476.000 8.676738410064E-5
9480.000 7.88419342128E-5
9484.000 7.147341060768E-5
9488.000 8.032326369216E-5
9492.000 7.694614872744E-5
9496.000 7.899316386624E-5
9500.000 7.2691465308E-5
9504.000 8.106833233344E-5
9508.000 7.391998301976E-5
9512.000 6.897989138784E-5
9516.000 6.709613326944E-5
9520.000 7.31778129576E-5
9524.000 6.546775851288E-5
9528.000 7.430301263616E-5
9532.000 6.504993259272E-5
9536.000 7.04279727768E-5
9540.000 6.47275171464E-5
9544.000 6.376522629024E-5
9548.000 6.565548303384E-5
9552.000 6.59442860496E-5
9556.000 6.362409023712E-5
9560.000 6.88666785312E-5
9564.000 6.285447938472E-5
9568.000 6.048305046432E-5
9572.000 6.005980279728E-5
9576.000 6.22469093952E-5
9580.000 6.21041928444E-5
9584.000 5.582086485696E-5
9588.000 6.33781040796E-5
9592.000 5.921168961024E-5
9596.000 5.442157918992E-5
9600.000 5.6904823104E-5
9604.000 5.980722910464E-5
9608.000 5.98212702864E-5
9612.000 4.407083199264E-5
9616.000 5.608389797088E-5
9620.000 5.84373249504E-5
9624.000 5.00132706336E-5
9628.000 5.38392233808E-5
9632.000 4.929077013168E-5
9636.000 5.197434857472E-5
9640.000 5.34457235328E-5
9644.000 5.1574987848E-5
9648.000 5.008056390816E-5
9652.000 5.187683156352E-5
9656.000 5.065500036096E-5
9660.000 5.1978248952E-5
9664.000 4.659768860688E-5
9668.000 4.292251386624E-5
9672.000 5.084965483488E-5
9676.000 4.786691992608E-5
9680.000 4.39916065608E-5
9684.000 4.48611182304E-5
9688.000 4.5797537544E-5
9692.000 4.936231380384E-5
9696.000 4.548319798944E-5
9700.000 3.7252504896E-5
9704.000 4.062737236128E-5
9708.000 4.70028272688E-5
9712.000 3.685023153504E-5
9716.000 4.164767984256E-5
9720.000 3.8510957688E-5
9724.000 4.298322559584E-5
9728.000 3.971911553424E-5
9732.000 4.103302411008E-5
9736.000 3.77469980712E-5
9740.000 3.88198665072E-5
9744.000 3.521624716176E-5
9748.000 3.605976160512E-5
9752.000 4.124698743456E-5
9756.000 3.99675886032E-5
9760.000 3.40473358368E-5
9764.000 3.723786768384E-5
9768.000 3.65068724688E-5
9772.000 3.83388095808E-5
9776.000 3.6967081284E-5
9780.000 3.71491241856E-5
9784.000 3.559186494816E-5
9788.000 3.336903511488E-5
9792.000 3.444658691232E-5
9796.000 2.915652298752E-5
9800.000 3.4256713728E-5
9804.000 3.647999883E-5
9808.000 3.81989472732E-5
9812.000 3.23225958048E-5
9816.000 3.08075937408E-5
9820.000 2.9954703636E-5
9824.000 3.0444193728E-5
9828.000 2.9851389345E-5
9832.000 3.11945930568E-5
9836.000 3.15206688174E-5
9840.000 2.804669469E-5
