# special.dn4000.lo
# photon
# Dn4000 lower wavelength band https://ui.adsabs.harvard.edu/abs/1999ApJ...527...54B/abstract
3849.99 0.0
3850.0 0.9746835443037974
3851.0 0.9749367088607594
3852.0 0.9751898734177216
3853.0 0.9754430379746836
3854.0 0.9756962025316456
3855.0 0.9759493670886076
3856.0 0.9762025316455696
3857.0 0.9764556962025317
3858.0 0.9767088607594937
3859.0 0.9769620253164557
3860.0 0.9772151898734177
3861.0 0.9774683544303797
3862.0 0.9777215189873417
3863.0 0.9779746835443038
3864.0 0.9782278481012658
3865.0 0.9784810126582278
3866.0 0.9787341772151898
3867.0 0.9789873417721519
3868.0 0.979240506329114
3869.0 0.979493670886076
3870.0 0.979746835443038
3871.0 0.98
3872.0 0.980253164556962
3873.0 0.9805063291139241
3874.0 0.9807594936708861
3875.0 0.9810126582278481
3876.0 0.9812658227848101
3877.0 0.9815189873417721
3878.0 0.9817721518987341
3879.0 0.9820253164556962
3880.0 0.9822784810126582
3881.0 0.9825316455696202
3882.0 0.9827848101265823
3883.0 0.9830379746835443
3884.0 0.9832911392405064
3885.0 0.9835443037974684
3886.0 0.9837974683544304
3887.0 0.9840506329113924
3888.0 0.9843037974683544
3889.0 0.9845569620253165
3890.0 0.9848101265822785
3891.0 0.9850632911392405
3892.0 0.9853164556962025
3893.0 0.9855696202531645
3894.0 0.9858227848101265
3895.0 0.9860759493670886
3896.0 0.9863291139240506
3897.0 0.9865822784810127
3898.0 0.9868354430379747
3899.0 0.9870886075949367
3900.0 0.9873417721518988
3901.0 0.9875949367088608
3902.0 0.9878481012658228
3903.0 0.9881012658227848
3904.0 0.9883544303797468
3905.0 0.9886075949367089
3906.0 0.9888607594936709
3907.0 0.9891139240506329
3908.0 0.9893670886075949
3909.0 0.9896202531645569
3910.0 0.9898734177215189
3911.0 0.990126582278481
3912.0 0.990379746835443
3913.0 0.9906329113924051
3914.0 0.9908860759493671
3915.0 0.9911392405063291
3916.0 0.9913924050632912
3917.0 0.9916455696202532
3918.0 0.9918987341772152
3919.0 0.9921518987341772
3920.0 0.9924050632911392
3921.0 0.9926582278481013
3922.0 0.9929113924050633
3923.0 0.9931645569620253
3924.0 0.9934177215189873
3925.0 0.9936708860759493
3926.0 0.9939240506329113
3927.0 0.9941772151898735
3928.0 0.9944303797468355
3929.0 0.9946835443037975
3930.0 0.9949367088607595
3931.0 0.9951898734177215
3932.0 0.9954430379746836
3933.0 0.9956962025316456
3934.0 0.9959493670886076
3935.0 0.9962025316455696
3936.0 0.9964556962025316
3937.0 0.9967088607594937
3938.0 0.9969620253164557
3939.0 0.9972151898734177
3940.0 0.9974683544303797
3941.0 0.9977215189873417
3942.0 0.9979746835443037
3943.0 0.9982278481012659
3944.0 0.9984810126582279
3945.0 0.9987341772151899
3946.0 0.9989873417721519
3947.0 0.9992405063291139
3948.0 0.999493670886076
3949.0 0.999746835443038
3950.0 1.0
3950.01 0.0
