# special.dn4000.hi
# photon
# Dn4000 upper wavelength band https://ui.adsabs.harvard.edu/abs/1999ApJ...527...54B/abstract
3999.99 0.0
4000.0 0.975609756097561
4001.0 0.9758536585365853
4002.0 0.9760975609756097
4003.0 0.9763414634146341
4004.0 0.9765853658536585
4005.0 0.9768292682926829
4006.0 0.9770731707317073
4007.0 0.9773170731707317
4008.0 0.9775609756097561
4009.0 0.9778048780487805
4010.0 0.9780487804878049
4011.0 0.9782926829268292
4012.0 0.9785365853658536
4013.0 0.978780487804878
4014.0 0.9790243902439024
4015.0 0.9792682926829268
4016.0 0.9795121951219512
4017.0 0.9797560975609756
4018.0 0.98
4019.0 0.9802439024390244
4020.0 0.9804878048780488
4021.0 0.9807317073170732
4022.0 0.9809756097560975
4023.0 0.9812195121951219
4024.0 0.9814634146341463
4025.0 0.9817073170731707
4026.0 0.9819512195121951
4027.0 0.9821951219512195
4028.0 0.9824390243902439
4029.0 0.9826829268292683
4030.0 0.9829268292682927
4031.0 0.9831707317073171
4032.0 0.9834146341463414
4033.0 0.9836585365853658
4034.0 0.9839024390243902
4035.0 0.9841463414634146
4036.0 0.984390243902439
4037.0 0.9846341463414634
4038.0 0.9848780487804878
4039.0 0.9851219512195122
4040.0 0.9853658536585366
4041.0 0.985609756097561
4042.0 0.9858536585365854
4043.0 0.9860975609756097
4044.0 0.9863414634146341
4045.0 0.9865853658536585
4046.0 0.9868292682926829
4047.0 0.9870731707317073
4048.0 0.9873170731707317
4049.0 0.9875609756097561
4050.0 0.9878048780487805
4051.0 0.9880487804878049
4052.0 0.9882926829268293
4053.0 0.9885365853658536
4054.0 0.988780487804878
4055.0 0.9890243902439024
4056.0 0.9892682926829268
4057.0 0.9895121951219512
4058.0 0.9897560975609756
4059.0 0.99
4060.0 0.9902439024390244
4061.0 0.9904878048780488
4062.0 0.9907317073170732
4063.0 0.9909756097560976
4064.0 0.9912195121951219
4065.0 0.9914634146341463
4066.0 0.9917073170731707
4067.0 0.9919512195121951
4068.0 0.9921951219512195
4069.0 0.9924390243902439
4070.0 0.9926829268292683
4071.0 0.9929268292682927
4072.0 0.9931707317073171
4073.0 0.9934146341463415
4074.0 0.9936585365853658
4075.0 0.9939024390243902
4076.0 0.9941463414634146
4077.0 0.994390243902439
4078.0 0.9946341463414634
4079.0 0.9948780487804878
4080.0 0.9951219512195122
4081.0 0.9953658536585366
4082.0 0.995609756097561
4083.0 0.9958536585365854
4084.0 0.9960975609756098
4085.0 0.9963414634146341
4086.0 0.9965853658536585
4087.0 0.9968292682926829
4088.0 0.9970731707317073
4089.0 0.9973170731707317
4090.0 0.9975609756097561
4091.0 0.9978048780487805
4092.0 0.9980487804878049
4093.0 0.9982926829268293
4094.0 0.9985365853658537
4095.0 0.998780487804878
4096.0 0.9990243902439024
4097.0 0.9992682926829268
4098.0 0.9995121951219512
4099.0 0.9997560975609756
4100.0 1.0
4100.01 0.0
