# cfht.megaprime.z
# photon
# CFHT Megaprime z http://svo2.cab.inta-csic.es/theory/fps/index.php?id=CFHT/Megaprime.z
8201.430000 0.000600926
8204.130000 0.0006132
8206.820000 0.000610389
8209.520000 0.000626658
8212.210000 0.000609388
8214.910000 0.000643316
8217.600000 0.000675354
8220.290000 0.000651685
8222.990000 0.000671898
8225.680000 0.000690075
8228.380000 0.000699599
8231.070000 0.00069122
8233.760000 0.000706255
8236.460000 0.000726102
8239.150000 0.000767703
8241.850000 0.000777867
8244.540000 0.000796169
8247.230000 0.000790748
8249.930000 0.000810424
8252.620000 0.000850459
8255.310000 0.000882046
8258.010000 0.000890539
8260.700000 0.000881288
8263.390000 0.000939804
8266.090000 0.000956948
8268.780000 0.000977835
8271.470000 0.00100206
8274.160000 0.00100373
8276.860000 0.00106096
8279.550000 0.00107675
8282.240000 0.00111186
8284.930000 0.00113403
8287.630000 0.00117515
8290.320000 0.00122562
8293.010000 0.0012754
8295.700000 0.00127219
8298.400000 0.00130461
8301.090000 0.00136245
8303.780000 0.00139677
8306.470000 0.00144116
8309.160000 0.00148975
8311.860000 0.00154598
8314.550000 0.00159205
8317.240000 0.00163877
8319.930000 0.00172594
8322.620000 0.00173361
8325.310000 0.00179678
8328.000000 0.00183123
8330.690000 0.00194763
8333.390000 0.00194904
8336.080000 0.00204102
8338.770000 0.00209282
8341.460000 0.00220619
8344.150000 0.00226682
8346.840000 0.00234104
8349.530000 0.0024926
8352.220000 0.00256688
8354.910000 0.00267026
8357.600000 0.00274961
8360.290000 0.00291932
8362.980000 0.00303123
8365.670000 0.00316377
8368.360000 0.00331192
8371.050000 0.00350845
8373.740000 0.00365929
8376.430000 0.00386383
8379.120000 0.00411149
8381.810000 0.00430909
8384.500000 0.0045713
8387.190000 0.00487408
8389.880000 0.00513539
8392.570000 0.00547286
8395.260000 0.00593064
8397.940000 0.00628097
8400.630000 0.00676677
8403.320000 0.00733982
8406.010000 0.00793466
8408.700000 0.00856935
8411.390000 0.00923059
8414.080000 0.0101062
8416.760000 0.0109844
8419.450000 0.0120862
8422.140000 0.0131649
8424.830000 0.0145109
8427.520000 0.0160074
8430.200000 0.017589
8432.890000 0.0195024
8435.580000 0.0214812
8438.270000 0.0239028
8440.950000 0.026527
8443.640000 0.0294679
8446.330000 0.0327455
8449.020000 0.0363466
8451.700000 0.040508
8454.390000 0.0451766
8457.080000 0.0502689
8459.760000 0.055813
8462.450000 0.0619075
8465.140000 0.0687842
8467.820000 0.0761189
8470.510000 0.0839389
8473.190000 0.0924867
8475.880000 0.101582
8478.570000 0.111239
8481.250000 0.120951
8483.940000 0.131041
8486.620000 0.141839
8489.310000 0.152545
8491.990000 0.163755
8494.680000 0.17399
8497.360000 0.185289
8500.050000 0.19457
8502.730000 0.204426
8505.420000 0.213734
8508.100000 0.222505
8510.790000 0.229785
8513.470000 0.236336
8516.160000 0.242688
8518.840000 0.248716
8521.530000 0.253438
8524.210000 0.257955
8526.900000 0.259958
8529.580000 0.264696
8532.260000 0.265421
8534.950000 0.266806
8537.630000 0.268404
8540.310000 0.269189
8543.000000 0.269162
8545.680000 0.269826
8548.360000 0.269255
8551.050000 0.268779
8553.730000 0.269387
8556.410000 0.268469
8559.090000 0.267134
8561.780000 0.26712
8564.460000 0.266595
8567.140000 0.265521
8569.820000 0.264723
8572.510000 0.264076
8575.190000 0.26359
8577.870000 0.262545
8580.550000 0.261305
8583.230000 0.26091
8585.920000 0.260752
8588.600000 0.259581
8591.280000 0.259171
8593.960000 0.259311
8596.640000 0.257423
8599.320000 0.256864
8602.000000 0.256322
8604.680000 0.257006
8607.360000 0.256027
8610.040000 0.256084
8612.720000 0.255626
8615.400000 0.25487
8618.080000 0.254334
8620.760000 0.253888
8623.440000 0.254415
8626.120000 0.25286
8628.800000 0.253546
8631.480000 0.252987
8634.160000 0.252459
8636.840000 0.252344
8639.520000 0.252241
8642.200000 0.251864
8644.880000 0.249795
8647.560000 0.249945
8650.240000 0.250015
8652.910000 0.249886
8655.590000 0.248537
8658.270000 0.248464
8660.950000 0.248651
8663.630000 0.24792
8666.300000 0.247148
8668.980000 0.246273
8671.660000 0.245878
8674.340000 0.245101
8677.020000 0.244367
8679.690000 0.243921
8682.370000 0.243994
8685.050000 0.243495
8687.720000 0.242064
8690.400000 0.242221
8693.080000 0.240616
8695.750000 0.239656
8698.430000 0.239237
8701.110000 0.239096
8703.780000 0.238935
8706.460000 0.238545
8709.130000 0.236814
8711.810000 0.236593
8714.480000 0.235459
8717.160000 0.235558
8719.830000 0.234587
8722.510000 0.23358
8725.180000 0.233169
8727.860000 0.233427
8730.530000 0.232738
8733.210000 0.232264
8735.880000 0.231457
8738.560000 0.23103
8741.230000 0.231036
8743.910000 0.229899
8746.580000 0.229513
8749.250000 0.229243
8751.930000 0.228566
8754.600000 0.228755
8757.270000 0.227709
8759.950000 0.227752
8762.620000 0.227162
8765.290000 0.227071
8767.970000 0.226012
8770.640000 0.226079
8773.310000 0.225502
8775.980000 0.225156
8778.650000 0.224063
8781.330000 0.223806
8784.000000 0.224518
8786.670000 0.223443
8789.340000 0.223381
8792.010000 0.222712
8794.680000 0.222167
8797.360000 0.221856
8800.030000 0.221177
8802.700000 0.22175
8805.370000 0.220509
8808.040000 0.219682
8810.710000 0.219196
8813.380000 0.218529
8816.050000 0.217353
8818.720000 0.218453
8821.390000 0.217379
8824.060000 0.216728
8826.730000 0.216012
8829.400000 0.215324
8832.070000 0.214817
8834.740000 0.21327
8837.410000 0.213387
8840.070000 0.213241
8842.740000 0.212964
8845.410000 0.212021
8848.080000 0.211103
8850.750000 0.210835
8853.420000 0.209778
8856.080000 0.209938
8858.750000 0.209396
8861.420000 0.208658
8864.090000 0.208115
8866.750000 0.208235
8869.420000 0.206774
8872.090000 0.206211
8874.750000 0.205601
8877.420000 0.205398
8880.090000 0.205171
8882.750000 0.204449
8885.420000 0.203325
8888.090000 0.202909
8890.750000 0.202035
8893.420000 0.201799
8896.080000 0.201663
8898.750000 0.20117
8901.410000 0.200004
8904.080000 0.199942
8906.740000 0.199055
8909.410000 0.198519
8912.070000 0.198235
8914.740000 0.197256
8917.400000 0.197122
8920.070000 0.196319
8922.730000 0.19585
8925.390000 0.195614
8928.060000 0.194976
8930.720000 0.194194
8933.380000 0.193858
8936.050000 0.193589
8938.710000 0.192624
8941.370000 0.191864
8944.040000 0.191549
8946.700000 0.19099
8949.360000 0.190469
8952.020000 0.189547
8954.690000 0.189649
8957.350000 0.188662
8960.010000 0.188223
8962.670000 0.187496
8965.330000 0.187321
8967.990000 0.186858
8970.650000 0.186151
8973.310000 0.185291
8975.970000 0.184998
8978.640000 0.184802
8981.300000 0.184049
8983.960000 0.183578
8986.620000 0.182807
8989.280000 0.18314
8991.940000 0.181674
8994.590000 0.181616
8997.250000 0.180967
8999.910000 0.180747
9002.570000 0.179204
9005.230000 0.179354
9007.890000 0.17811
9010.550000 0.178136
9013.210000 0.177311
9015.860000 0.176971
9018.520000 0.176201
9021.180000 0.175273
9023.840000 0.174817
9026.490000 0.174793
9029.150000 0.173656
9031.810000 0.173044
9034.470000 0.172727
9037.120000 0.172121
9039.780000 0.17142
9042.440000 0.17053
9045.090000 0.170423
9047.750000 0.169278
9050.400000 0.16875
9053.060000 0.168643
9055.710000 0.167921
9058.370000 0.167122
9061.020000 0.166484
9063.680000 0.165473
9066.330000 0.165538
9068.990000 0.164866
9071.640000 0.164285
9074.300000 0.163356
9076.950000 0.163262
9079.610000 0.162377
9082.260000 0.161925
9084.910000 0.16135
9087.570000 0.160864
9090.220000 0.160358
9092.870000 0.159653
9095.520000 0.158856
9098.180000 0.158377
9100.830000 0.157885
9103.480000 0.15758
9106.130000 0.156948
9108.780000 0.156851
9111.440000 0.156676
9114.090000 0.15642
9116.740000 0.155731
9119.390000 0.155603
9122.040000 0.155257
9124.690000 0.154796
9127.340000 0.154313
9129.990000 0.154131
9132.640000 0.15387
9135.290000 0.153391
9137.940000 0.152798
9140.590000 0.15237
9143.240000 0.151828
9145.890000 0.151598
9148.540000 0.151286
9151.190000 0.150643
9153.840000 0.150076
9156.480000 0.149969
9159.130000 0.149431
9161.780000 0.148818
9164.430000 0.148764
9167.080000 0.14816
9169.720000 0.147975
9172.370000 0.147233
9175.020000 0.146622
9177.660000 0.146583
9180.310000 0.146414
9182.960000 0.145745
9185.600000 0.145073
9188.250000 0.145005
9190.900000 0.144644
9193.540000 0.144204
9196.190000 0.143556
9198.830000 0.143025
9201.480000 0.142167
9204.120000 0.141642
9206.770000 0.141462
9209.410000 0.140759
9212.050000 0.140262
9214.700000 0.139658
9217.340000 0.139082
9219.990000 0.138286
9222.630000 0.137411
9225.270000 0.137274
9227.920000 0.13651
9230.560000 0.135956
9233.200000 0.135594
9235.840000 0.135503
9238.490000 0.134798
9241.130000 0.133981
9243.770000 0.133318
9246.410000 0.133103
9249.050000 0.132495
9251.690000 0.131731
9254.330000 0.131371
9256.980000 0.130836
9259.620000 0.130033
9262.260000 0.12973
9264.900000 0.129171
9267.540000 0.129042
9270.180000 0.128187
9272.820000 0.127455
9275.460000 0.127284
9278.090000 0.126495
9280.730000 0.126322
9283.370000 0.125509
9286.010000 0.124708
9288.650000 0.124326
9291.290000 0.124026
9293.920000 0.123202
9296.560000 0.122719
9299.200000 0.121904
9301.840000 0.121687
9304.470000 0.121225
9307.110000 0.121078
9309.750000 0.12088
9312.380000 0.119909
9315.020000 0.119584
9317.660000 0.119266
9320.290000 0.118706
9322.930000 0.118724
9325.560000 0.11807
9328.200000 0.117623
9330.830000 0.117236
9333.470000 0.117065
9336.100000 0.116463
9338.740000 0.115891
9341.370000 0.115789
9344.000000 0.11545
9346.640000 0.115187
9349.270000 0.114109
9351.900000 0.11417
9354.540000 0.113817
9357.170000 0.113195
9359.800000 0.11293
9362.430000 0.112977
9365.070000 0.11204
9367.700000 0.111597
9370.330000 0.111314
9372.960000 0.111137
9375.590000 0.110716
9378.220000 0.11059
9380.850000 0.109971
9383.480000 0.109644
9386.110000 0.109196
9388.740000 0.108914
9391.370000 0.10862
9394.000000 0.10809
9396.630000 0.107493
9399.260000 0.107502
9401.890000 0.107306
9404.520000 0.106535
9407.150000 0.106437
9409.780000 0.105941
9412.400000 0.105525
9415.030000 0.105308
9417.660000 0.10432
9420.290000 0.104421
9422.910000 0.104166
9425.540000 0.103907
9428.170000 0.10346
9430.790000 0.103373
9433.420000 0.102554
9436.040000 0.102027
9438.670000 0.101611
9441.300000 0.101306
9443.920000 0.100733
9446.550000 0.100438
9449.170000 0.100276
9451.800000 0.0997931
9454.420000 0.0992278
9457.040000 0.0991465
9459.670000 0.0984696
9462.290000 0.0983103
9464.910000 0.0977112
9467.540000 0.0971738
9470.160000 0.0971353
9472.780000 0.0965751
9475.410000 0.0962157
9478.030000 0.0958146
9480.650000 0.0953187
9483.270000 0.0954872
9485.890000 0.0946251
9488.510000 0.0942546
9491.140000 0.0938897
9493.760000 0.0934679
9496.380000 0.0930984
9499.000000 0.0927324
9501.620000 0.0924723
9504.240000 0.0921242
9506.860000 0.0914826
9509.480000 0.0912899
9512.090000 0.0906391
9514.710000 0.0902297
9517.330000 0.0899149
9519.950000 0.0897137
9522.570000 0.0890928
9525.190000 0.0887399
9527.800000 0.0880449
9530.420000 0.0882111
9533.040000 0.0876101
9535.660000 0.087206
9538.270000 0.0864122
9540.890000 0.0862839
9543.510000 0.0858241
9546.120000 0.0853641
9548.740000 0.0852184
9551.350000 0.0843793
9553.970000 0.0842738
9556.580000 0.0839937
9559.200000 0.0832292
9561.810000 0.0830599
9564.430000 0.0824061
9567.040000 0.0824459
9569.650000 0.0817386
9572.270000 0.0813119
9574.880000 0.0809846
9577.490000 0.0804283
9580.110000 0.0799835
9582.720000 0.0795687
9585.330000 0.079322
9587.940000 0.0786365
9590.550000 0.0782611
9593.170000 0.0782093
9595.780000 0.0777665
9598.390000 0.0771465
9601.000000 0.0767454
9603.610000 0.0761957
9606.220000 0.0760951
9608.830000 0.0749987
9611.440000 0.0751367
9614.050000 0.0747031
9616.660000 0.0746458
9619.270000 0.0739923
9621.870000 0.073646
9624.480000 0.0732084
9627.090000 0.0728233
9629.700000 0.0724246
9632.310000 0.0719851
9634.910000 0.071831
9637.520000 0.0715056
9640.130000 0.0709194
9642.730000 0.0709594
9645.340000 0.070469
9647.950000 0.0696892
9650.550000 0.0694941
9653.160000 0.0695159
9655.760000 0.0687075
9658.370000 0.0685387
9660.970000 0.0680346
9663.580000 0.067665
9666.180000 0.0673001
9668.790000 0.0669888
9671.390000 0.0667364
9673.990000 0.0663304
9676.600000 0.0658761
9679.200000 0.0657172
9681.800000 0.0653915
9684.410000 0.0648511
9687.010000 0.0644137
9689.610000 0.0642522
9692.210000 0.0634842
9694.810000 0.0633735
9697.410000 0.0629258
9700.010000 0.0626255
9702.620000 0.0622647
9705.220000 0.0622014
9707.820000 0.0617821
9710.420000 0.0615763
9713.010000 0.0614907
9715.610000 0.061473
9718.210000 0.0610408
9720.810000 0.0609548
9723.410000 0.0607303
9726.010000 0.0605417
9728.610000 0.0602666
9731.200000 0.0600614
9733.800000 0.0598023
9736.400000 0.0598
9739.000000 0.0595031
9741.590000 0.0591846
9744.190000 0.0588912
9746.780000 0.0587185
9749.380000 0.058374
9751.980000 0.0586163
9754.570000 0.0581627
9757.170000 0.0579557
9759.760000 0.0575481
9762.350000 0.0576118
9764.950000 0.0573823
9767.540000 0.0571937
9770.140000 0.0570852
9772.730000 0.0567338
9775.320000 0.0563995
9777.910000 0.0563574
9780.510000 0.0561324
9783.100000 0.0557557
9785.690000 0.0557179
9788.280000 0.0554403
9790.870000 0.0552036
9793.470000 0.0551183
9796.060000 0.0549534
9798.650000 0.054557
9801.240000 0.0544984
9803.830000 0.0542655
9806.420000 0.0536232
9809.010000 0.0533388
9811.590000 0.0529723
9814.180000 0.0525446
9816.770000 0.0521769
9819.360000 0.0518292
9821.950000 0.0514043
9824.540000 0.0512291
9827.120000 0.0509109
9829.710000 0.0504898
9832.300000 0.050034
9834.880000 0.0497203
9837.470000 0.0494272
9840.060000 0.0488308
9842.640000 0.0484379
9845.230000 0.0480975
9847.810000 0.0477095
9850.400000 0.0475147
9852.980000 0.0472136
9855.570000 0.0468726
9858.150000 0.0462426
9860.730000 0.0459225
9863.320000 0.0454958
9865.900000 0.0451162
9868.480000 0.0450596
9871.070000 0.0443568
9873.650000 0.0441768
9876.230000 0.0438206
9878.810000 0.0433913
9881.390000 0.0431184
9883.970000 0.0425098
9886.550000 0.0421881
9889.130000 0.0419982
9891.720000 0.0414481
9894.300000 0.0411657
9896.870000 0.0407933
9899.450000 0.0403228
9902.030000 0.0401598
9904.610000 0.0397274
9907.190000 0.0395029
9909.770000 0.0394521
9912.350000 0.0392478
9914.920000 0.0391418
9917.500000 0.0387879
9920.080000 0.038749
9922.650000 0.038398
9925.230000 0.0381124
9927.810000 0.0380833
9930.380000 0.0375642
9932.960000 0.037738
9935.530000 0.0373469
9938.110000 0.0374129
9940.680000 0.0370804
9943.260000 0.0367678
9945.830000 0.0364793
9948.410000 0.0364242
9950.980000 0.0362356
9953.550000 0.0360675
9956.120000 0.0357373
9958.700000 0.0355073
9961.270000 0.0354678
9963.840000 0.0349375
9966.410000 0.0348591
9968.980000 0.0345652
9971.560000 0.0342184
9974.130000 0.0339525
9976.700000 0.0335059
9979.270000 0.0331253
9981.840000 0.0327856
9984.410000 0.0321212
9986.970000 0.0316374
9989.540000 0.0311892
9992.110000 0.0303833
9994.680000 0.0295684
9997.250000 0.0286694
9999.820000 0.0276559
10002.400000 0.0267952
10005.000000 0.0257129
10007.500000 0.0245965
10010.100000 0.0235407
10012.600000 0.0223008
10015.200000 0.0208395
10017.800000 0.0197425
10020.400000 0.0182494
10022.900000 0.0170971
10025.500000 0.0156534
10028.000000 0.01442
10030.600000 0.0132692
10033.200000 0.0121637
10035.700000 0.0110838
10038.300000 0.0100449
10040.900000 0.00910793
10043.400000 0.008248
10046.000000 0.00743691
10048.500000 0.00673993
10051.100000 0.00605675
10053.700000 0.00543558
10056.200000 0.00488774
10058.800000 0.00439002
10061.400000 0.00393487
10063.900000 0.00354437
10066.500000 0.00319537
10069.000000 0.0028796
10071.600000 0.00260659
10074.100000 0.00234237
10076.700000 0.00211491
10079.300000 0.00191106
10081.800000 0.00173449
10084.400000 0.00157124
10086.900000 0.00142
10089.500000 0.00129666
10092.000000 0.00119281
10094.600000 0.00108877
10097.200000 0.000994655
10099.700000 0.000915295
10102.300000 0.000830636
10104.800000 0.00075652
10107.400000 0.00071554
10109.900000 0.000664086
10112.500000 0.000599338
10115.000000 0.000554024
10117.600000 0.000533202
10120.100000 0.000486953
10122.700000 0.00045831
10125.200000 0.000432374
10127.800000 0.000407784
10130.400000 0.000376362
10132.900000 0.000348359
10135.400000 0.00033719
10138.000000 0.000316568
10140.500000 0.000307657
10143.100000 0.000288147
10145.700000 0.000279228
10148.200000 0.000266361
10150.800000 0.000259994
10153.300000 0.000229876
10155.900000 0.000232823
10158.400000 0.000222965
10161.000000 0.000215673
10163.500000 0.000213789
10166.000000 0.000203639
10168.600000 0.000194553
10171.100000 0.000196092
10173.700000 0.000182958
10176.200000 0.000183004
10178.800000 0.000170874
10181.300000 0.000166133
10183.900000 0.000163607
10186.400000 0.000167686
10189.000000 0.00015742
10191.500000 0.000159109
10194.000000 0.000161577
10196.600000 0.000148777
10199.100000 0.000153832
10201.700000 0.000141637
10204.200000 0.00014961
10206.800000 0.000139509
10209.300000 0.000144529
10211.800000 0.000138903
10214.400000 0.000137551
10216.900000 0.000136243
10219.500000 0.000136798
10222.000000 0.000130572
10224.500000 0.000127485
10227.100000 0.000126867
10229.600000 0.000130024
10232.100000 0.00012513
10234.700000 0.000119481
10237.200000 0.000119191
10239.800000 0.00012836
10242.300000 0.000123255
10244.800000 0.000131077
10247.400000 0.000117679
10249.900000 0.00011661
10252.400000 0.000118044
10255.000000 0.000115524
10257.500000 0.000109696
10260.100000 0.000128925
10262.600000 0.000114922
10265.100000 0.000108325
10267.700000 0.000108998
10270.200000 0.000110635
10272.700000 0.000110224
10275.200000 0.000111315
10277.800000 0.000103904
10280.300000 0.000101333
10282.800000 0.000102743
10285.400000 0.000107805
10287.900000 9.63674e-05
10290.400000 0.000102853
10293.000000 0.000107589
10295.500000 9.7416e-05
10298.000000 0.000107634
10300.600000 9.86798e-05
