# cfht.megaprime.r
# photon
# CFHT Megaprime r http://svo2.cab.inta-csic.es/theory/fps/index.php?id=CFHT/Megaprime.r
5534.370000 0.00350861
5535.050000 0.00355337
5535.730000 0.00347012
5536.410000 0.00352581
5537.090000 0.00347366
5537.770000 0.00347822
5538.450000 0.00346592
5539.130000 0.00337771
5539.810000 0.0034174
5540.490000 0.00341998
5541.170000 0.00339269
5541.850000 0.00329927
5542.530000 0.00331683
5543.200000 0.00330208
5543.880000 0.00334033
5544.560000 0.00327066
5545.240000 0.00322766
5545.920000 0.00318801
5546.600000 0.0032184
5547.270000 0.00317753
5547.950000 0.00317132
5548.630000 0.00314157
5549.310000 0.00314819
5549.980000 0.00315303
5550.660000 0.00310227
5551.340000 0.00310355
5552.010000 0.00315055
5552.690000 0.00310622
5553.370000 0.00308418
5554.040000 0.00309826
5554.720000 0.00305947
5555.400000 0.00306175
5556.070000 0.00303856
5556.750000 0.00303222
5557.420000 0.00303321
5558.100000 0.00306229
5558.770000 0.0030237
5559.450000 0.00305749
5560.120000 0.00307658
5560.800000 0.00303827
5561.470000 0.00306126
5562.150000 0.00304994
5562.820000 0.00303468
5563.500000 0.0030489
5564.170000 0.00304236
5564.850000 0.00301147
5565.520000 0.00306259
5566.190000 0.0030908
5566.870000 0.00310354
5567.540000 0.00308998
5568.210000 0.00306906
5568.890000 0.00306965
5569.560000 0.00308446
5570.230000 0.00308154
5570.910000 0.00313036
5571.580000 0.00312899
5572.250000 0.00307743
5572.920000 0.00311036
5573.600000 0.00308945
5574.270000 0.00311316
5574.940000 0.00315955
5575.610000 0.0031526
5576.280000 0.00317207
5576.960000 0.00315285
5577.630000 0.00317959
5578.300000 0.00316579
5578.970000 0.00319651
5579.640000 0.0032261
5580.310000 0.00327626
5580.980000 0.00325849
5581.650000 0.00330008
5582.320000 0.00328467
5582.990000 0.00331219
5583.660000 0.0032676
5584.330000 0.00328029
5585.000000 0.00329862
5585.670000 0.00333887
5586.340000 0.00337324
5587.010000 0.00339684
5587.680000 0.00337992
5588.350000 0.00338764
5589.020000 0.00337734
5589.690000 0.00347128
5590.360000 0.00345053
5591.030000 0.00343361
5591.690000 0.00346144
5592.360000 0.00354123
5593.030000 0.00349448
5593.700000 0.00348586
5594.370000 0.00364999
5595.030000 0.00360483
5595.700000 0.0036503
5596.370000 0.00366209
5597.040000 0.00371781
5597.700000 0.00372191
5598.370000 0.00374283
5599.040000 0.00381833
5599.700000 0.00385777
5600.370000 0.00386465
5601.040000 0.0039376
5601.700000 0.00401158
5602.370000 0.00405739
5603.040000 0.00402359
5603.700000 0.00414457
5604.370000 0.00415864
5605.030000 0.00428625
5605.700000 0.00434108
5606.360000 0.00435428
5607.030000 0.0044525
5607.690000 0.00455709
5608.360000 0.00460307
5609.020000 0.00471303
5609.690000 0.00481464
5610.350000 0.00488741
5611.020000 0.00498532
5611.680000 0.00508017
5612.340000 0.00522142
5613.010000 0.00527046
5613.670000 0.00538234
5614.330000 0.00549222
5615.000000 0.00565604
5615.660000 0.00584205
5616.320000 0.00595741
5616.990000 0.00609895
5617.650000 0.00626821
5618.310000 0.00646191
5618.980000 0.00663028
5619.640000 0.00685495
5620.300000 0.00702463
5620.960000 0.00724131
5621.620000 0.00749217
5622.280000 0.00771551
5622.950000 0.00802998
5623.610000 0.00826096
5624.270000 0.0085576
5624.930000 0.00879431
5625.590000 0.00913356
5626.250000 0.0094849
5626.910000 0.00990409
5627.570000 0.0102268
5628.230000 0.0106537
5628.890000 0.011068
5629.550000 0.0114858
5630.210000 0.0119774
5630.870000 0.0125591
5631.530000 0.0130865
5632.190000 0.0137061
5632.850000 0.0142887
5633.510000 0.0149921
5634.170000 0.0155766
5634.830000 0.0163628
5635.490000 0.0171104
5636.150000 0.0180187
5636.800000 0.0188977
5637.460000 0.019948
5638.120000 0.0209035
5638.780000 0.0219736
5639.440000 0.0230775
5640.090000 0.0243434
5640.750000 0.0257054
5641.410000 0.0270686
5642.070000 0.0284973
5642.720000 0.0302449
5643.380000 0.0318063
5644.040000 0.0337931
5644.690000 0.0356693
5645.350000 0.0376013
5646.010000 0.0397936
5646.660000 0.0421102
5647.320000 0.0444327
5647.970000 0.0471545
5648.630000 0.0500467
5649.280000 0.0531343
5649.940000 0.056394
5650.600000 0.0593638
5651.250000 0.0632075
5651.910000 0.0667707
5652.560000 0.0709468
5653.210000 0.0749707
5653.870000 0.0794142
5654.670000 0.145856
5655.370000 0.154644
5656.070000 0.162931
5656.770000 0.172099
5657.460000 0.181609
5658.160000 0.19156
5658.860000 0.201038
5659.560000 0.211954
5660.260000 0.222514
5660.960000 0.232747
5661.660000 0.244717
5662.360000 0.254081
5663.050000 0.266389
5663.750000 0.277437
5664.450000 0.288545
5665.150000 0.300016
5665.850000 0.31034
5666.550000 0.322373
5667.240000 0.333469
5667.940000 0.343327
5668.640000 0.354825
5669.340000 0.364348
5670.040000 0.376059
5670.730000 0.384421
5671.430000 0.395112
5672.130000 0.404932
5672.830000 0.414462
5673.520000 0.421255
5674.220000 0.429823
5674.920000 0.43924
5675.620000 0.445595
5676.310000 0.453621
5677.010000 0.457741
5677.710000 0.465168
5678.400000 0.473197
5679.100000 0.479391
5679.800000 0.483253
5680.490000 0.48786
5681.190000 0.494247
5681.890000 0.498643
5682.580000 0.50314
5683.280000 0.506493
5683.980000 0.511284
5684.670000 0.514878
5685.370000 0.519118
5686.060000 0.522101
5686.760000 0.524438
5687.460000 0.527862
5688.150000 0.529752
5688.850000 0.533065
5689.540000 0.533275
5690.240000 0.537646
5690.930000 0.538138
5691.630000 0.541365
5692.330000 0.542427
5693.020000 0.543667
5693.720000 0.546126
5694.410000 0.546941
5695.110000 0.548015
5695.800000 0.548088
5696.500000 0.549878
5697.190000 0.550163
5697.880000 0.550737
5698.580000 0.552189
5699.270000 0.55292
5699.970000 0.553366
5700.660000 0.552949
5701.360000 0.554999
5702.050000 0.554035
5702.750000 0.554871
5703.440000 0.553221
5704.130000 0.556166
5704.830000 0.554122
5705.520000 0.554137
5706.210000 0.553238
5706.910000 0.553553
5707.600000 0.552788
5708.290000 0.553843
5708.990000 0.552329
5709.680000 0.553133
5710.370000 0.552906
5711.070000 0.552103
5711.760000 0.55112
5712.450000 0.550028
5713.150000 0.551652
5713.840000 0.550072
5714.530000 0.54887
5715.220000 0.548052
5715.920000 0.54857
5716.610000 0.550054
5717.300000 0.548032
5717.990000 0.548772
5718.690000 0.546945
5719.380000 0.546161
5720.070000 0.546368
5720.760000 0.547449
5721.450000 0.545759
5722.150000 0.545967
5722.840000 0.546053
5723.530000 0.545586
5724.220000 0.54579
5724.910000 0.546165
5725.600000 0.545118
5726.290000 0.545182
5726.990000 0.544915
5727.680000 0.544555
5728.370000 0.546885
5729.060000 0.545669
5729.750000 0.548247
5730.440000 0.546509
5731.130000 0.547002
5731.820000 0.545366
5732.510000 0.546878
5733.200000 0.547046
5733.890000 0.548994
5734.580000 0.547765
5735.270000 0.549609
5735.960000 0.548121
5736.650000 0.549637
5737.340000 0.550253
5738.030000 0.551342
5738.720000 0.551256
5739.410000 0.551403
5740.100000 0.550941
5740.790000 0.551764
5741.480000 0.553359
5742.170000 0.554905
5742.860000 0.55402
5743.550000 0.553751
5744.240000 0.554411
5744.930000 0.556455
5745.610000 0.556757
5746.300000 0.556553
5746.990000 0.558632
5747.680000 0.55518
5748.370000 0.559038
5749.060000 0.556706
5749.740000 0.559625
5750.430000 0.557608
5751.120000 0.557863
5751.810000 0.556978
5752.500000 0.558951
5753.180000 0.560458
5753.870000 0.557845
5754.560000 0.560136
5755.250000 0.557992
5755.940000 0.557846
5756.620000 0.558249
5757.310000 0.55912
5758.000000 0.558782
5758.680000 0.557994
5759.370000 0.557849
5760.060000 0.55872
5760.740000 0.559443
5761.430000 0.55662
5762.120000 0.555499
5762.800000 0.556874
5763.490000 0.555695
5764.180000 0.555934
5764.860000 0.553832
5765.550000 0.553293
5766.240000 0.551897
5766.920000 0.55202
5767.610000 0.552039
5768.290000 0.549772
5768.980000 0.549817
5769.670000 0.548786
5770.350000 0.547985
5771.040000 0.547477
5771.720000 0.546465
5772.410000 0.544656
5773.090000 0.545
5773.780000 0.545436
5774.460000 0.540732
5775.150000 0.540058
5775.830000 0.540881
5776.520000 0.54057
5777.200000 0.538336
5777.890000 0.538166
5778.570000 0.536647
5779.250000 0.536581
5779.940000 0.537184
5780.620000 0.536582
5781.310000 0.535061
5781.990000 0.535414
5782.670000 0.533609
5783.360000 0.532391
5784.040000 0.532418
5784.730000 0.533997
5785.410000 0.532322
5786.090000 0.532283
5786.780000 0.531401
5787.460000 0.530311
5788.140000 0.529119
5788.830000 0.531346
5789.510000 0.530066
5790.190000 0.530784
5790.870000 0.530171
5791.560000 0.530371
5792.240000 0.531522
5792.920000 0.528728
5793.600000 0.530553
5794.290000 0.53199
5794.970000 0.529961
5795.650000 0.530477
5796.330000 0.531078
5797.010000 0.530672
5797.700000 0.531219
5798.380000 0.531434
5799.060000 0.533127
5799.740000 0.532457
5800.420000 0.534466
5801.100000 0.534381
5801.780000 0.534092
5802.470000 0.533719
5803.150000 0.532946
5803.830000 0.535307
5804.510000 0.535566
5805.190000 0.534751
5805.870000 0.537959
5806.550000 0.538506
5807.230000 0.537952
5807.910000 0.538239
5808.590000 0.538894
5809.270000 0.539766
5809.950000 0.541094
5810.630000 0.541713
5811.310000 0.541955
5811.990000 0.542254
5812.670000 0.542276
5813.350000 0.542343
5814.030000 0.543846
5814.710000 0.541344
5815.390000 0.545239
5816.070000 0.545473
5816.750000 0.546312
5817.420000 0.547354
5818.100000 0.546491
5818.780000 0.547472
5819.460000 0.547238
5820.140000 0.547299
5820.820000 0.547254
5821.500000 0.548693
5822.170000 0.549077
5822.850000 0.550625
5823.530000 0.549999
5824.210000 0.549909
5824.890000 0.551637
5825.560000 0.550318
5826.240000 0.551079
5826.920000 0.550986
5827.600000 0.550866
5828.270000 0.550773
5828.950000 0.552277
5829.630000 0.551635
5830.300000 0.55225
5830.980000 0.551802
5831.660000 0.55295
5832.340000 0.552814
5833.010000 0.551507
5833.690000 0.55256
5834.360000 0.555145
5835.040000 0.551447
5835.720000 0.55147
5836.390000 0.554551
5837.070000 0.55275
5837.750000 0.551909
5838.420000 0.552223
5839.100000 0.554032
5839.770000 0.554295
5840.450000 0.55314
5841.120000 0.553089
5841.800000 0.553305
5842.470000 0.553097
5843.150000 0.552387
5843.820000 0.554208
5844.500000 0.554036
5845.170000 0.552464
5845.850000 0.555545
5846.520000 0.55238
5847.200000 0.553959
5847.870000 0.554102
5848.550000 0.553595
5849.220000 0.55392
5849.890000 0.554381
5850.570000 0.55404
5851.240000 0.553578
5851.910000 0.553202
5852.590000 0.553875
5853.260000 0.55363
5853.940000 0.555035
5854.610000 0.552785
5855.280000 0.55489
5855.950000 0.554505
5856.630000 0.554442
5857.300000 0.554018
5857.970000 0.553282
5858.650000 0.553713
5859.320000 0.552767
5859.990000 0.554572
5860.660000 0.554222
5861.340000 0.553847
5862.010000 0.553681
5862.680000 0.554307
5863.350000 0.556206
5864.020000 0.553997
5864.700000 0.554711
5865.370000 0.554283
5866.040000 0.554307
5866.710000 0.552415
5867.380000 0.554358
5868.050000 0.554435
5868.720000 0.554321
5869.390000 0.554735
5870.060000 0.555232
5870.740000 0.55442
5871.410000 0.554541
5872.080000 0.552522
5872.750000 0.553255
5873.420000 0.552923
5874.090000 0.55191
5874.760000 0.55324
5875.430000 0.552702
5876.100000 0.553138
5876.770000 0.551851
5877.440000 0.552655
5878.110000 0.551127
5878.780000 0.551823
5879.440000 0.551232
5880.110000 0.550886
5880.780000 0.551325
5881.450000 0.550444
5882.120000 0.55184
5882.790000 0.550115
5883.460000 0.550339
5884.130000 0.549482
5884.800000 0.550955
5885.460000 0.550417
5886.130000 0.551096
5886.800000 0.550008
5887.470000 0.551575
5888.140000 0.549426
5888.800000 0.549668
5889.470000 0.551761
5890.140000 0.550944
5890.810000 0.552048
5891.470000 0.550924
5892.140000 0.550653
5892.810000 0.550622
5893.470000 0.549087
5894.140000 0.5515
5894.810000 0.549411
5895.480000 0.552356
5896.140000 0.550804
5896.810000 0.552472
5897.470000 0.551578
5898.140000 0.551305
5898.810000 0.549862
5899.470000 0.551444
5900.140000 0.550978
5900.800000 0.551111
5901.470000 0.553234
5902.140000 0.550395
5902.800000 0.550725
5903.470000 0.550019
5904.130000 0.553234
5904.800000 0.551375
5905.460000 0.551306
5906.130000 0.552447
5906.790000 0.552601
5907.460000 0.551026
5908.120000 0.551186
5908.780000 0.549896
5909.450000 0.549848
5910.110000 0.5527
5910.780000 0.552048
5911.440000 0.551153
5912.100000 0.549845
5912.770000 0.549682
5913.430000 0.551391
5914.100000 0.551901
5914.760000 0.549513
5915.420000 0.547757
5916.090000 0.547954
5916.750000 0.548762
5917.410000 0.548249
5918.070000 0.547784
5918.740000 0.548172
5919.400000 0.548674
5920.060000 0.547049
5920.720000 0.545854
5921.390000 0.54551
5922.050000 0.545937
5922.710000 0.543109
5923.370000 0.5446
5924.030000 0.543031
5924.700000 0.54427
5925.360000 0.542238
5926.020000 0.542556
5926.680000 0.54162
5927.340000 0.541526
5928.000000 0.540428
5928.660000 0.540331
5929.320000 0.539414
5929.980000 0.53871
5930.640000 0.53614
5931.310000 0.537059
5931.970000 0.536043
5932.630000 0.536689
5933.290000 0.534615
5933.950000 0.534072
5934.610000 0.532747
5935.270000 0.533185
5935.930000 0.532329
5936.580000 0.530989
5937.240000 0.530754
5937.900000 0.531248
5938.560000 0.530525
5939.220000 0.529443
5939.880000 0.529508
5940.540000 0.528859
5941.200000 0.527417
5941.860000 0.527171
5942.510000 0.526
5943.170000 0.525889
5943.830000 0.525471
5944.490000 0.526831
5945.150000 0.525884
5945.810000 0.525945
5946.460000 0.525001
5947.120000 0.525313
5947.780000 0.523801
5948.440000 0.52502
5949.090000 0.523847
5949.750000 0.52489
5950.410000 0.52442
5951.060000 0.524097
5951.720000 0.523299
5952.380000 0.523794
5953.030000 0.52556
5953.690000 0.525856
5954.350000 0.524896
5955.000000 0.526514
5955.660000 0.524876
5956.310000 0.526659
5956.970000 0.525441
5957.630000 0.527326
5958.280000 0.526277
5958.940000 0.525518
5959.590000 0.526359
5960.250000 0.52727
5960.900000 0.52735
5961.560000 0.529289
5962.210000 0.528707
5962.870000 0.529683
5963.520000 0.530448
5964.180000 0.529283
5964.830000 0.529405
5965.480000 0.531027
5966.140000 0.531328
5966.790000 0.532084
5967.450000 0.531672
5968.100000 0.533412
5968.750000 0.532916
5969.410000 0.535349
5970.060000 0.533445
5970.710000 0.535485
5971.370000 0.535613
5972.020000 0.536877
5972.670000 0.538453
5973.330000 0.536958
5973.980000 0.537275
5974.630000 0.539373
5975.280000 0.537289
5975.940000 0.539135
5976.590000 0.539365
5977.240000 0.539587
5977.890000 0.540834
5978.540000 0.541307
5979.190000 0.541076
5979.850000 0.541731
5980.500000 0.542007
5981.150000 0.541571
5981.800000 0.541594
5982.450000 0.543559
5983.100000 0.545639
5983.750000 0.54348
5984.400000 0.541829
5985.050000 0.544981
5985.700000 0.543523
5986.350000 0.543629
5987.000000 0.545148
5987.650000 0.545487
5988.300000 0.543862
5988.950000 0.546064
5989.600000 0.545798
5990.250000 0.546132
5990.900000 0.545582
5991.550000 0.546493
5992.200000 0.545284
5992.850000 0.546955
5993.500000 0.545825
5994.150000 0.546355
5994.800000 0.544463
5995.440000 0.545777
5996.090000 0.545834
5996.740000 0.54484
5997.390000 0.544479
5998.040000 0.545381
5998.680000 0.54471
5999.330000 0.544813
5999.980000 0.545012
6000.630000 0.544078
6001.270000 0.543249
6001.920000 0.545094
6002.570000 0.545267
6003.210000 0.545155
6003.860000 0.545302
6004.510000 0.543521
6005.150000 0.542694
6005.800000 0.543459
6006.450000 0.544674
6007.090000 0.544615
6007.740000 0.545308
6008.390000 0.543975
6009.030000 0.542743
6009.680000 0.544078
6010.320000 0.543248
6010.970000 0.543955
6011.610000 0.545087
6012.260000 0.54364
6012.900000 0.542988
6013.550000 0.542463
6014.190000 0.543155
6014.840000 0.54418
6015.480000 0.543225
6016.130000 0.544554
6016.770000 0.54373
6017.410000 0.543
6018.060000 0.542989
6018.700000 0.543469
6019.350000 0.543752
6019.990000 0.542258
6020.630000 0.543267
6021.280000 0.542237
6021.920000 0.544337
6022.560000 0.543215
6023.200000 0.544034
6023.850000 0.543699
6024.490000 0.543716
6025.130000 0.54549
6025.770000 0.544329
6026.420000 0.544524
6027.060000 0.543525
6027.700000 0.54439
6028.340000 0.544565
6028.980000 0.543336
6029.630000 0.543757
6030.270000 0.544109
6030.910000 0.544484
6031.550000 0.543951
6032.190000 0.543578
6032.830000 0.544714
6033.470000 0.545358
6034.110000 0.544563
6034.750000 0.545463
6035.390000 0.543113
6036.030000 0.543909
6036.670000 0.543757
6037.310000 0.543629
6037.950000 0.544122
6038.590000 0.54416
6039.230000 0.544519
6039.870000 0.541868
6040.510000 0.542875
6041.150000 0.543759
6041.790000 0.544119
6042.430000 0.54314
6043.070000 0.542402
6043.710000 0.541915
6044.340000 0.540637
6044.980000 0.541753
6045.620000 0.541722
6046.260000 0.543323
6046.900000 0.540326
6047.530000 0.542032
6048.170000 0.541982
6048.810000 0.538694
6049.450000 0.540598
6050.080000 0.540337
6050.720000 0.541203
6051.360000 0.542093
6052.000000 0.539484
6052.630000 0.538987
6053.270000 0.539268
6053.900000 0.539996
6054.540000 0.541097
6055.180000 0.540218
6055.810000 0.539396
6056.450000 0.540307
6057.080000 0.538091
6057.720000 0.538211
6058.360000 0.538141
6058.990000 0.538218
6059.630000 0.537802
6060.260000 0.537233
6060.900000 0.536732
6061.530000 0.536179
6062.170000 0.536427
6062.800000 0.536751
6063.430000 0.535739
6064.070000 0.536134
6064.700000 0.536162
6065.340000 0.535362
6065.970000 0.535895
6066.600000 0.535169
6067.240000 0.534614
6067.870000 0.536933
6068.500000 0.533218
6069.140000 0.534338
6069.770000 0.536062
6070.400000 0.534613
6071.040000 0.534571
6071.670000 0.534575
6072.300000 0.533511
6072.930000 0.534172
6073.570000 0.534828
6074.200000 0.534888
6074.830000 0.533906
6075.460000 0.534211
6076.090000 0.532824
6076.720000 0.534753
6077.360000 0.533155
6077.990000 0.531829
6078.620000 0.532869
6079.250000 0.532637
6079.880000 0.531572
6080.510000 0.533874
6081.140000 0.532679
6081.770000 0.532058
6082.400000 0.533388
6083.030000 0.530911
6083.660000 0.534348
6084.290000 0.532397
6084.920000 0.53181
6085.550000 0.530933
6086.180000 0.532167
6086.810000 0.531019
6087.440000 0.531802
6088.070000 0.531429
6088.690000 0.529596
6089.320000 0.531105
6089.950000 0.531144
6090.580000 0.53094
6091.210000 0.529184
6091.840000 0.531328
6092.460000 0.530241
6093.090000 0.529904
6093.720000 0.530227
6094.350000 0.529454
6094.970000 0.531091
6095.600000 0.529715
6096.230000 0.530862
6096.850000 0.531285
6097.480000 0.530314
6098.110000 0.530091
6098.730000 0.5289
6099.360000 0.531172
6099.990000 0.528934
6100.610000 0.529821
6101.240000 0.529301
6101.860000 0.527585
6102.490000 0.529816
6103.120000 0.528952
6103.740000 0.531722
6104.370000 0.530569
6104.990000 0.531738
6105.620000 0.5311
6106.240000 0.532843
6106.870000 0.531606
6107.490000 0.532474
6108.110000 0.532833
6108.740000 0.533662
6109.360000 0.532293
6109.990000 0.53315
6110.610000 0.533441
6111.230000 0.532714
6111.860000 0.534839
6112.480000 0.53281
6113.100000 0.534264
6113.730000 0.532815
6114.350000 0.531769
6114.970000 0.533057
6115.590000 0.533292
6116.220000 0.532686
6116.840000 0.530497
6117.460000 0.531022
6118.080000 0.529981
6118.700000 0.529888
6119.330000 0.529252
6119.950000 0.530359
6120.570000 0.528704
6121.190000 0.529318
6121.810000 0.528934
6122.430000 0.528266
6123.050000 0.529576
6123.670000 0.528327
6124.290000 0.527456
6124.910000 0.527072
6125.530000 0.527533
6126.150000 0.527779
6126.770000 0.528957
6127.390000 0.527305
6128.010000 0.528481
6128.630000 0.529313
6129.250000 0.529883
6129.870000 0.531058
6130.490000 0.529335
6131.110000 0.529168
6131.730000 0.530359
6132.350000 0.530302
6132.970000 0.530484
6133.580000 0.531412
6134.200000 0.530606
6134.820000 0.53172
6135.440000 0.531794
6136.060000 0.532491
6136.670000 0.531722
6137.290000 0.532034
6137.910000 0.531491
6138.520000 0.533197
6139.140000 0.534858
6139.760000 0.532609
6140.370000 0.534089
6140.990000 0.533418
6141.610000 0.534987
6142.220000 0.533858
6142.840000 0.536273
6143.460000 0.535455
6144.070000 0.536048
6144.690000 0.5364
6145.300000 0.536128
6145.920000 0.534466
6146.530000 0.536602
6147.150000 0.538247
6147.760000 0.536883
6148.380000 0.536827
6148.990000 0.537361
6149.610000 0.539085
6150.220000 0.537558
6150.830000 0.538048
6151.450000 0.538233
6152.060000 0.538812
6152.680000 0.539072
6153.290000 0.538049
6153.900000 0.539111
6154.510000 0.539107
6155.130000 0.537702
6155.740000 0.536978
6156.350000 0.538005
6156.970000 0.538753
6157.580000 0.537887
6158.190000 0.536833
6158.800000 0.538711
6159.410000 0.536847
6160.030000 0.537708
6160.640000 0.537228
6161.250000 0.539038
6161.860000 0.538676
6162.470000 0.536656
6163.080000 0.538289
6163.690000 0.538213
6164.300000 0.536984
6164.910000 0.537003
6165.530000 0.537419
6166.140000 0.53593
6166.750000 0.536841
6167.360000 0.536214
6167.970000 0.535335
6168.570000 0.53725
6169.180000 0.536781
6169.790000 0.536935
6170.400000 0.535302
6171.010000 0.535999
6171.620000 0.536753
6172.230000 0.535077
6172.840000 0.536084
6173.450000 0.533544
6174.050000 0.534752
6174.660000 0.53612
6175.270000 0.534603
6175.880000 0.535674
6176.490000 0.534743
6177.090000 0.533884
6177.700000 0.533964
6178.310000 0.533533
6178.910000 0.533534
6179.520000 0.533198
6180.130000 0.530652
6180.730000 0.533417
6181.340000 0.532872
6181.950000 0.534177
6182.550000 0.533347
6183.160000 0.533758
6183.760000 0.532199
6184.370000 0.532979
6184.980000 0.531998
6185.580000 0.531489
6186.190000 0.530855
6186.790000 0.531292
6187.400000 0.532795
6188.000000 0.530411
6188.600000 0.532003
6189.210000 0.532915
6189.810000 0.530483
6190.420000 0.531642
6191.020000 0.531902
6191.620000 0.532427
6192.230000 0.532271
6192.830000 0.532054
6193.430000 0.532181
6194.040000 0.532745
6194.640000 0.53233
6195.240000 0.532021
6195.850000 0.531949
6196.450000 0.531901
6197.050000 0.531512
6197.650000 0.532456
6198.250000 0.532052
6198.860000 0.533056
6199.460000 0.532216
6200.060000 0.533599
6200.660000 0.533466
6201.260000 0.533122
6201.860000 0.530316
6202.460000 0.532449
6203.060000 0.533549
6203.660000 0.534292
6204.260000 0.533197
6204.860000 0.532143
6205.460000 0.533083
6206.060000 0.533474
6206.660000 0.532889
6207.260000 0.533277
6207.860000 0.534367
6208.460000 0.533917
6209.060000 0.533899
6209.660000 0.533632
6210.260000 0.534524
6210.860000 0.534748
6211.460000 0.534621
6212.050000 0.534164
6212.650000 0.534914
6213.250000 0.533782
6213.850000 0.534274
6214.450000 0.533502
6215.040000 0.533186
6215.640000 0.534341
6216.240000 0.533674
6216.830000 0.53238
6217.430000 0.53483
6218.030000 0.533643
6218.620000 0.533115
6219.220000 0.534223
6219.820000 0.533328
6220.410000 0.532228
6221.010000 0.532864
6221.600000 0.533334
6222.200000 0.532752
6222.790000 0.533006
6223.390000 0.532214
6223.980000 0.532163
6224.580000 0.532024
6225.170000 0.532206
6225.770000 0.531033
6226.360000 0.531471
6226.960000 0.530862
6227.550000 0.530475
6228.150000 0.531729
6228.740000 0.529568
6229.330000 0.528819
6229.930000 0.529184
6230.520000 0.530312
6231.110000 0.530089
6231.710000 0.528374
6232.300000 0.52817
6232.890000 0.5307
6233.480000 0.527347
6234.070000 0.526851
6234.670000 0.528155
6235.260000 0.527894
6235.850000 0.527044
6236.440000 0.526962
6237.030000 0.526888
6237.620000 0.525915
6238.220000 0.527136
6238.810000 0.526505
6239.400000 0.525816
6239.990000 0.525928
6240.580000 0.525715
6241.170000 0.526
6241.760000 0.525381
6242.350000 0.52502
6242.940000 0.525985
6243.530000 0.524191
6244.120000 0.525526
6244.710000 0.524052
6245.300000 0.524342
6245.880000 0.524064
6246.470000 0.523858
6247.060000 0.523459
6247.650000 0.524213
6248.240000 0.523127
6248.830000 0.524845
6249.410000 0.524033
6250.000000 0.52319
6250.590000 0.524303
6251.180000 0.525348
6251.760000 0.523102
6252.350000 0.522381
6252.940000 0.523548
6253.530000 0.52321
6254.110000 0.522901
6254.700000 0.525508
6255.280000 0.5241
6255.870000 0.525061
6256.460000 0.524683
6257.040000 0.524148
6257.630000 0.524982
6258.210000 0.526527
6258.800000 0.526609
6259.380000 0.523562
6259.970000 0.525693
6260.550000 0.524664
6261.140000 0.525429
6261.720000 0.526177
6262.310000 0.525268
6262.890000 0.524688
6263.470000 0.526322
6264.060000 0.528544
6264.640000 0.526362
6265.230000 0.528114
6265.810000 0.528273
6266.390000 0.529352
6266.970000 0.528291
6267.560000 0.528801
6268.140000 0.52754
6268.720000 0.529675
6269.300000 0.528798
6269.890000 0.52818
6270.470000 0.529768
6271.050000 0.530356
6271.630000 0.528968
6272.210000 0.529411
6272.790000 0.530784
6273.370000 0.530492
6273.960000 0.530181
6274.540000 0.531321
6275.120000 0.531714
6275.700000 0.531258
6276.280000 0.531617
6276.860000 0.532595
6277.440000 0.532079
6278.020000 0.534306
6278.600000 0.53331
6279.180000 0.532273
6279.750000 0.534525
6280.330000 0.534122
6280.910000 0.534257
6281.490000 0.532995
6282.070000 0.534621
6282.650000 0.534191
6283.230000 0.53406
6283.800000 0.532762
6284.380000 0.533355
6284.960000 0.535121
6285.320000 0.533192
6285.960000 0.535044
6286.600000 0.533232
6287.250000 0.535582
6287.890000 0.535486
6288.530000 0.534417
6289.180000 0.534459
6289.820000 0.533554
6290.460000 0.534543
6291.100000 0.532947
6291.740000 0.534653
6292.390000 0.532784
6293.030000 0.53249
6293.670000 0.534067
6294.310000 0.531323
6294.950000 0.530713
6295.600000 0.532995
6296.240000 0.532947
6296.880000 0.53351
6297.520000 0.531968
6298.160000 0.532276
6298.800000 0.531061
6299.450000 0.530449
6300.090000 0.531964
6300.730000 0.532025
6301.370000 0.531828
6302.010000 0.530758
6302.650000 0.530613
6303.290000 0.530773
6303.930000 0.530611
6304.570000 0.530876
6305.210000 0.529912
6305.850000 0.529478
6306.490000 0.529296
6307.130000 0.530727
6307.770000 0.529032
6308.410000 0.529024
6309.050000 0.527951
6309.690000 0.527986
6310.330000 0.527998
6310.970000 0.528358
6311.610000 0.528012
6312.250000 0.526585
6312.890000 0.527309
6313.530000 0.526668
6314.170000 0.526273
6314.810000 0.526848
6315.440000 0.525872
6316.080000 0.52747
6316.720000 0.525435
6317.360000 0.526624
6318.000000 0.52476
6318.640000 0.526146
6319.280000 0.524466
6319.910000 0.525995
6320.550000 0.524149
6321.190000 0.525645
6321.830000 0.523444
6322.470000 0.525501
6323.100000 0.523269
6323.740000 0.524787
6324.380000 0.524782
6325.020000 0.524269
6325.650000 0.525251
6326.290000 0.524452
6326.930000 0.525055
6327.570000 0.522922
6328.200000 0.524874
6328.840000 0.525589
6329.480000 0.523932
6330.110000 0.525088
6330.750000 0.524363
6331.390000 0.524474
6332.020000 0.523893
6332.660000 0.523835
6333.290000 0.52376
6333.930000 0.525174
6334.570000 0.524
6335.200000 0.525253
6335.840000 0.524036
6336.470000 0.526246
6337.110000 0.523877
6337.750000 0.525644
6338.380000 0.525477
6339.020000 0.527175
6339.650000 0.525408
6340.290000 0.52511
6340.920000 0.525129
6341.560000 0.526503
6342.190000 0.525348
6342.830000 0.524669
6343.460000 0.527172
6344.100000 0.524586
6344.730000 0.52547
6345.360000 0.527444
6346.000000 0.525394
6346.630000 0.525811
6347.270000 0.525717
6347.900000 0.525724
6348.530000 0.525196
6349.170000 0.526253
6349.800000 0.525856
6350.440000 0.526694
6351.070000 0.525349
6351.700000 0.525732
6352.340000 0.525487
6352.970000 0.527141
6353.600000 0.526249
6354.230000 0.525141
6354.870000 0.526933
6355.500000 0.527133
6356.130000 0.525218
6356.770000 0.526082
6357.400000 0.526381
6358.030000 0.526661
6358.660000 0.525426
6359.290000 0.527923
6359.930000 0.528729
6360.560000 0.526715
6361.190000 0.526811
6361.820000 0.527046
6362.450000 0.526582
6363.090000 0.526172
6363.720000 0.526911
6364.350000 0.527152
6364.980000 0.526871
6365.610000 0.528871
6366.240000 0.526319
6366.870000 0.527049
6367.500000 0.526994
6368.130000 0.527325
6368.760000 0.525319
6369.400000 0.528121
6370.030000 0.527799
6370.660000 0.527021
6371.290000 0.528522
6371.920000 0.526536
6372.550000 0.527625
6373.180000 0.527969
6373.810000 0.527052
6374.440000 0.527749
6375.070000 0.528073
6375.690000 0.527164
6376.320000 0.52659
6376.950000 0.526359
6377.580000 0.524657
6378.210000 0.526653
6378.840000 0.526527
6379.470000 0.525817
6380.100000 0.527087
6380.730000 0.526977
6381.360000 0.525118
6381.980000 0.526967
6382.610000 0.525644
6383.240000 0.526127
6383.870000 0.527992
6384.500000 0.526079
6385.120000 0.524959
6385.750000 0.527499
6386.380000 0.526668
6387.010000 0.526669
6387.640000 0.524317
6388.260000 0.525407
6388.890000 0.525737
6389.520000 0.525458
6390.140000 0.525324
6390.770000 0.524065
6391.400000 0.524733
6392.020000 0.525579
6392.650000 0.524413
6393.280000 0.526014
6393.900000 0.524304
6394.530000 0.525201
6395.160000 0.524418
6395.780000 0.524612
6396.410000 0.523969
6397.030000 0.523554
6397.660000 0.525689
6398.290000 0.52522
6398.910000 0.523243
6399.540000 0.52442
6400.160000 0.524034
6400.790000 0.523553
6401.410000 0.520703
6402.040000 0.52309
6402.660000 0.522275
6403.290000 0.523485
6403.910000 0.523231
6404.540000 0.522684
6405.160000 0.521361
6405.790000 0.521992
6406.410000 0.521427
6407.030000 0.520256
6407.660000 0.521646
6408.280000 0.522821
6408.910000 0.521649
6409.530000 0.520553
6410.150000 0.521388
6410.780000 0.520776
6411.400000 0.520502
6412.020000 0.519339
6412.650000 0.52036
6413.270000 0.519812
6413.890000 0.521012
6414.520000 0.519495
6415.140000 0.519492
6415.760000 0.519306
6416.380000 0.520146
6417.010000 0.518925
6417.630000 0.520371
6418.250000 0.518514
6418.870000 0.518781
6419.490000 0.517638
6420.120000 0.517117
6420.740000 0.518178
6421.360000 0.517683
6421.980000 0.518406
6422.600000 0.518197
6423.220000 0.516272
6423.850000 0.515479
6424.470000 0.516398
6425.090000 0.516394
6425.710000 0.515265
6426.330000 0.515561
6426.950000 0.517068
6427.570000 0.517057
6428.190000 0.515055
6428.810000 0.515497
6429.430000 0.514604
6430.050000 0.513801
6430.670000 0.515584
6431.290000 0.514759
6431.910000 0.514303
6432.530000 0.513677
6433.150000 0.51409
6433.770000 0.514774
6434.390000 0.513076
6435.010000 0.51537
6435.630000 0.514225
6436.250000 0.515622
6436.860000 0.512279
6437.480000 0.513932
6438.100000 0.513685
6438.720000 0.514034
6439.340000 0.513668
6439.960000 0.513156
6440.580000 0.512487
6441.190000 0.513191
6441.810000 0.512397
6442.430000 0.512861
6443.050000 0.51245
6443.660000 0.512155
6444.280000 0.51274
6444.900000 0.512388
6445.520000 0.512487
6446.130000 0.512939
6446.750000 0.510633
6447.370000 0.512036
6447.980000 0.512184
6448.600000 0.51284
6449.220000 0.512608
6449.830000 0.511213
6450.450000 0.511545
6451.070000 0.513134
6451.680000 0.512206
6452.300000 0.511356
6452.910000 0.510666
6453.530000 0.511159
6454.150000 0.512337
6454.760000 0.512031
6455.380000 0.511115
6455.990000 0.511914
6456.610000 0.511777
6457.220000 0.512256
6457.840000 0.511568
6458.450000 0.511298
6459.070000 0.512008
6459.680000 0.512716
6460.290000 0.510982
6460.910000 0.512495
6461.520000 0.510816
6462.140000 0.511852
6462.750000 0.512636
6463.370000 0.512669
6463.980000 0.512895
6464.590000 0.513448
6465.210000 0.512857
6465.820000 0.512516
6466.430000 0.511955
6467.050000 0.512145
6467.660000 0.513774
6468.270000 0.513315
6468.880000 0.513397
6469.500000 0.512079
6470.110000 0.513494
6470.720000 0.514415
6471.330000 0.51452
6471.950000 0.512664
6472.560000 0.516211
6473.170000 0.513371
6473.780000 0.513883
6474.390000 0.515039
6475.010000 0.513323
6475.620000 0.514277
6476.230000 0.514475
6476.840000 0.514325
6477.450000 0.515511
6478.060000 0.516353
6478.670000 0.514731
6479.280000 0.513939
6479.890000 0.514845
6480.500000 0.51525
6481.110000 0.515555
6481.720000 0.5156
6482.330000 0.516489
6482.940000 0.515717
6483.550000 0.515794
6484.160000 0.514834
6484.770000 0.516377
6485.380000 0.517563
6485.990000 0.516934
6486.600000 0.517613
6487.210000 0.517824
6487.820000 0.517651
6488.430000 0.516306
6489.040000 0.515825
6489.650000 0.517327
6490.260000 0.518238
6490.860000 0.518392
6491.470000 0.518218
6492.080000 0.517383
6492.690000 0.518234
6493.300000 0.516568
6493.900000 0.517529
6494.510000 0.518848
6495.120000 0.518414
6495.730000 0.519888
6496.330000 0.519239
6496.940000 0.51919
6497.550000 0.519209
6498.160000 0.520167
6498.760000 0.519875
6499.370000 0.519928
6499.980000 0.519842
6500.580000 0.520357
6501.190000 0.51983
6501.790000 0.519914
6502.400000 0.521616
6503.010000 0.522166
6503.610000 0.519433
6504.220000 0.521743
6504.820000 0.520979
6505.430000 0.520865
6506.030000 0.521109
6506.640000 0.52151
6507.240000 0.521509
6507.850000 0.522737
6508.450000 0.522378
6509.060000 0.522892
6509.660000 0.521736
6510.270000 0.523327
6510.870000 0.523978
6511.480000 0.521607
6512.080000 0.522986
6512.680000 0.52293
6513.290000 0.522515
6513.890000 0.523162
6514.500000 0.524763
6515.100000 0.523107
6515.700000 0.523756
6516.310000 0.524114
6516.910000 0.523843
6517.510000 0.524216
6518.110000 0.523438
6518.720000 0.522935
6519.320000 0.523346
6519.920000 0.523485
6520.520000 0.524944
6521.130000 0.524132
6521.730000 0.523564
6522.330000 0.523995
6522.930000 0.523855
6523.530000 0.522476
6524.130000 0.522445
6524.740000 0.523403
6525.340000 0.525175
6525.940000 0.52432
6526.540000 0.525362
6527.140000 0.525111
6527.740000 0.522822
6528.340000 0.525377
6528.940000 0.524182
6529.540000 0.524894
6530.140000 0.523178
6530.740000 0.522696
6531.340000 0.523145
6531.940000 0.524202
6532.540000 0.522732
6533.140000 0.522993
6533.740000 0.522961
6534.340000 0.523483
6534.940000 0.523714
6535.540000 0.52407
6536.140000 0.52351
6536.740000 0.52328
6537.340000 0.522196
6537.930000 0.52361
6538.530000 0.524004
6539.130000 0.522543
6539.730000 0.522964
6540.330000 0.523509
6540.920000 0.521705
6541.520000 0.523207
6542.120000 0.52309
6542.720000 0.522517
6543.320000 0.522946
6543.910000 0.522663
6544.510000 0.522775
6545.110000 0.522604
6545.700000 0.521431
6546.300000 0.52208
6546.900000 0.520665
6547.490000 0.521609
6548.090000 0.521707
6548.690000 0.521608
6549.280000 0.521734
6549.880000 0.522153
6550.470000 0.522889
6551.070000 0.521292
6551.660000 0.521924
6552.260000 0.521747
6552.850000 0.520745
6553.450000 0.521581
6554.050000 0.519711
6554.640000 0.520866
6555.230000 0.521306
6555.830000 0.521717
6556.420000 0.519892
6557.020000 0.521866
6557.610000 0.521156
6558.210000 0.521898
6558.800000 0.521572
6559.390000 0.520448
6559.990000 0.520938
6560.580000 0.519578
6561.170000 0.519926
6561.770000 0.520073
6562.360000 0.519699
6562.950000 0.520532
6563.550000 0.520583
6564.140000 0.520321
6564.730000 0.521139
6565.320000 0.518661
6565.920000 0.51916
6566.510000 0.521323
6567.100000 0.5195
6567.690000 0.520106
6568.280000 0.5211
6568.880000 0.519473
6569.470000 0.519441
6570.060000 0.518638
6570.650000 0.519592
6571.240000 0.520312
6571.830000 0.519285
6572.420000 0.519496
6573.010000 0.520358
6573.600000 0.518611
6574.190000 0.521163
6574.780000 0.519261
6575.370000 0.519323
6575.960000 0.518424
6576.550000 0.518414
6577.140000 0.518915
6577.730000 0.518211
6578.320000 0.519529
6578.910000 0.519522
6579.500000 0.519499
6580.090000 0.519408
6580.680000 0.518087
6581.270000 0.519346
6581.860000 0.519864
6582.450000 0.519649
6583.030000 0.519368
6583.620000 0.517787
6584.210000 0.517767
6584.800000 0.518858
6585.390000 0.520109
6585.970000 0.517515
6586.560000 0.519011
6587.150000 0.518482
6587.740000 0.518524
6588.320000 0.518526
6588.910000 0.518627
6589.500000 0.518103
6590.080000 0.517707
6590.670000 0.516339
6591.260000 0.516849
6591.840000 0.517875
6592.430000 0.517818
6593.010000 0.516037
6593.600000 0.516771
6594.190000 0.516174
6594.770000 0.516726
6595.360000 0.515858
6595.940000 0.515666
6596.530000 0.515889
6597.110000 0.516524
6597.700000 0.514113
6598.280000 0.515111
6598.870000 0.515229
6599.450000 0.516003
6600.040000 0.514725
6600.620000 0.515981
6601.200000 0.516002
6601.790000 0.513272
6602.370000 0.514415
6602.950000 0.5148
6603.540000 0.515148
6604.120000 0.513519
6604.700000 0.512511
6605.290000 0.512942
6605.870000 0.514895
6606.450000 0.512496
6607.040000 0.512568
6607.620000 0.512764
6608.200000 0.512703
6608.780000 0.512728
6609.360000 0.512672
6609.950000 0.512086
6610.530000 0.5126
6611.110000 0.511933
6611.690000 0.51261
6612.270000 0.510985
6612.850000 0.511689
6613.430000 0.511464
6614.020000 0.51179
6614.600000 0.510808
6615.180000 0.511343
6615.760000 0.511635
6616.340000 0.509864
6616.920000 0.511338
6617.500000 0.510197
6618.080000 0.509515
6618.660000 0.509716
6619.240000 0.510914
6619.820000 0.509863
6620.400000 0.509953
6620.970000 0.509751
6621.550000 0.509265
6622.130000 0.510752
6622.710000 0.508634
6623.290000 0.509997
6623.870000 0.509704
6624.450000 0.509539
6625.020000 0.509701
6625.600000 0.509353
6626.180000 0.507803
6626.760000 0.509072
6627.340000 0.508127
6627.910000 0.508073
6628.490000 0.507699
6629.070000 0.50767
6629.640000 0.509058
6630.220000 0.508189
6630.800000 0.508936
6631.370000 0.508324
6631.950000 0.507925
6632.530000 0.507914
6633.100000 0.508635
6633.680000 0.507965
6634.260000 0.508206
6634.830000 0.506972
6635.410000 0.508616
6635.980000 0.507671
6636.560000 0.506924
6637.130000 0.507946
6637.710000 0.508164
6638.280000 0.509351
6638.860000 0.508543
6639.430000 0.507762
6640.010000 0.507887
6640.580000 0.506868
6641.150000 0.507488
6641.730000 0.508007
6642.300000 0.509697
6642.880000 0.508728
6643.450000 0.509366
6644.020000 0.508944
6644.590000 0.509804
6645.170000 0.508834
6645.740000 0.509735
6646.310000 0.508822
6646.890000 0.509407
6647.460000 0.508008
6648.030000 0.510465
6648.600000 0.508004
6649.170000 0.509614
6649.750000 0.510292
6650.320000 0.510732
6650.890000 0.512377
6651.460000 0.511317
6652.030000 0.510027
6652.600000 0.511168
6653.170000 0.510727
6653.750000 0.512147
6654.320000 0.511509
6654.890000 0.512179
6655.460000 0.510527
6656.030000 0.512183
6656.600000 0.512365
6657.170000 0.513431
6657.740000 0.51244
6658.310000 0.511542
6658.880000 0.513322
6659.440000 0.513473
6660.010000 0.513487
6660.580000 0.512942
6661.150000 0.512493
6661.720000 0.514287
6662.290000 0.514676
6662.860000 0.513921
6663.430000 0.514477
6663.990000 0.515018
6664.560000 0.51561
6665.130000 0.515093
6665.700000 0.515145
6666.260000 0.514413
6666.830000 0.515953
6667.400000 0.515727
6667.970000 0.516371
6668.530000 0.51598
6669.100000 0.515503
6669.670000 0.515784
6670.230000 0.515998
6670.800000 0.517303
6671.360000 0.516893
6671.930000 0.517552
6672.500000 0.517751
6673.060000 0.517943
6673.630000 0.517553
6674.190000 0.516869
6674.760000 0.517124
6675.320000 0.517429
6675.890000 0.518603
6676.450000 0.517174
6677.020000 0.517359
6677.580000 0.518827
6678.150000 0.518234
6678.710000 0.517817
6679.270000 0.517339
6679.840000 0.518572
6680.400000 0.518304
6680.970000 0.517521
6681.530000 0.519053
6682.090000 0.518389
6682.650000 0.518488
6683.220000 0.518356
6683.780000 0.518692
6684.340000 0.519103
6684.910000 0.518953
6685.470000 0.51912
6686.030000 0.517386
6686.590000 0.517548
6687.150000 0.518509
6687.710000 0.519097
6688.280000 0.517901
6688.840000 0.518939
6689.400000 0.518421
6689.960000 0.518857
6690.520000 0.518238
6691.080000 0.517884
6691.640000 0.519328
6692.200000 0.51986
6692.760000 0.518542
6693.320000 0.518477
6693.880000 0.51848
6694.440000 0.519128
6695.000000 0.517423
6695.560000 0.518524
6696.120000 0.517618
6696.680000 0.518921
6697.240000 0.517331
6697.800000 0.51966
6698.360000 0.519572
6698.910000 0.517447
6699.470000 0.518448
6700.030000 0.519278
6700.590000 0.517754
6701.150000 0.517089
6701.710000 0.517912
6702.260000 0.517741
6702.820000 0.517611
6703.380000 0.518175
6703.930000 0.517161
6704.490000 0.517201
6705.050000 0.51764
6705.600000 0.517487
6706.160000 0.517079
6706.720000 0.516627
6707.270000 0.516174
6707.620000 0.51654
6708.220000 0.516883
6708.820000 0.515963
6709.420000 0.514652
6710.020000 0.516877
6710.630000 0.514272
6711.230000 0.515919
6711.830000 0.514771
6712.430000 0.514695
6713.030000 0.514385
6713.630000 0.514709
6714.230000 0.514226
6714.830000 0.514058
6715.430000 0.515122
6716.030000 0.515157
6716.630000 0.51439
6717.230000 0.512895
6717.830000 0.514072
6718.430000 0.513581
6719.030000 0.513707
6719.630000 0.513701
6720.230000 0.514175
6720.830000 0.513319
6721.430000 0.513813
6722.030000 0.512208
6722.630000 0.513911
6723.230000 0.513506
6723.830000 0.513147
6724.430000 0.512294
6725.030000 0.512029
6725.630000 0.512542
6726.230000 0.514741
6726.820000 0.51189
6727.420000 0.51284
6728.020000 0.511775
6728.620000 0.512788
6729.220000 0.511771
6729.820000 0.512638
6730.410000 0.513053
6731.010000 0.512809
6731.610000 0.512148
6732.210000 0.51237
6732.810000 0.512014
6733.400000 0.511604
6734.000000 0.512147
6734.600000 0.513094
6735.200000 0.511219
6735.790000 0.51146
6736.390000 0.512139
6736.990000 0.512617
6737.580000 0.512318
6738.180000 0.511062
6738.780000 0.51232
6739.370000 0.511427
6739.970000 0.51361
6740.570000 0.512271
6741.160000 0.513302
6741.760000 0.51315
6742.350000 0.512844
6742.950000 0.510505
6743.540000 0.514429
6744.140000 0.51216
6744.740000 0.512944
6745.330000 0.512599
6745.930000 0.513151
6746.520000 0.5123
6747.120000 0.51224
6747.710000 0.511367
6748.310000 0.511939
6748.900000 0.511779
6749.500000 0.512
6750.090000 0.511574
6750.690000 0.510917
6751.280000 0.511453
6751.870000 0.511678
6752.470000 0.513134
6753.060000 0.512888
6753.660000 0.512191
6754.250000 0.51202
6754.840000 0.509514
6755.440000 0.511373
6756.030000 0.510766
6756.620000 0.511711
6757.220000 0.511121
6757.810000 0.511231
6758.400000 0.511867
6759.000000 0.512535
6759.590000 0.510885
6760.180000 0.510895
6760.780000 0.511995
6761.370000 0.51035
6761.960000 0.510776
6762.550000 0.511019
6763.140000 0.511778
6763.740000 0.512179
6764.330000 0.512537
6764.920000 0.512143
6765.510000 0.511767
6766.100000 0.510306
6766.700000 0.512346
6767.290000 0.511828
6767.880000 0.51037
6768.470000 0.510306
6769.060000 0.511303
6769.650000 0.511144
6770.240000 0.512659
6770.830000 0.510568
6771.420000 0.511758
6772.010000 0.511963
6772.610000 0.51198
6773.200000 0.511444
6773.790000 0.5113
6774.380000 0.510642
6774.970000 0.510864
6775.560000 0.512464
6776.150000 0.511264
6776.740000 0.510764
6777.330000 0.510973
6777.910000 0.510104
6778.500000 0.510531
6779.090000 0.510011
6779.680000 0.510444
6780.270000 0.50977
6780.860000 0.510472
6781.450000 0.51015
6782.040000 0.51131
6782.630000 0.510702
6783.210000 0.510589
6783.800000 0.51071
6784.390000 0.510959
6784.980000 0.510637
6785.570000 0.509415
6786.160000 0.510246
6786.740000 0.511957
6787.330000 0.511161
6787.920000 0.51039
6788.510000 0.510607
6789.090000 0.509778
6789.680000 0.509296
6790.270000 0.510154
6790.850000 0.509368
6791.440000 0.51091
6792.030000 0.510173
6792.620000 0.509543
6793.200000 0.509138
6793.790000 0.509764
6794.370000 0.509755
6794.960000 0.510227
6795.550000 0.510369
6796.130000 0.511206
6796.720000 0.509386
6797.300000 0.509892
6797.890000 0.509481
6798.480000 0.50775
6799.060000 0.507627
6799.650000 0.510305
6800.230000 0.508419
6800.820000 0.50843
6801.400000 0.507712
6801.990000 0.508392
6802.570000 0.509111
6803.160000 0.507967
6803.740000 0.507251
6804.320000 0.506246
6804.910000 0.509091
6805.490000 0.508127
6806.080000 0.507422
6806.660000 0.506868
6807.240000 0.508169
6807.830000 0.508559
6808.410000 0.507015
6809.000000 0.507064
6809.580000 0.50713
6810.160000 0.506884
6810.750000 0.507558
6811.330000 0.507933
6811.910000 0.507564
6812.490000 0.505594
6813.080000 0.506938
6813.660000 0.506029
6814.240000 0.506651
6814.820000 0.506593
6815.410000 0.50672
6815.990000 0.505956
6816.570000 0.506242
6817.150000 0.507647
6817.730000 0.506263
6818.320000 0.505435
6818.900000 0.505976
6819.480000 0.505396
6820.060000 0.505877
6820.640000 0.50475
6821.220000 0.504102
6821.800000 0.505459
6822.380000 0.504188
6822.960000 0.504909
6823.540000 0.505636
6824.120000 0.504586
6824.700000 0.503944
6825.290000 0.503863
6825.870000 0.504171
6826.440000 0.50559
6827.020000 0.505483
6827.600000 0.50459
6828.180000 0.504116
6828.760000 0.503925
6829.340000 0.504444
6829.920000 0.502828
6830.500000 0.504043
6831.080000 0.503494
6831.660000 0.504599
6832.240000 0.502786
6832.820000 0.503231
6833.390000 0.50423
6833.970000 0.503294
6834.550000 0.502502
6835.130000 0.50211
6835.710000 0.503889
6836.290000 0.503378
6836.860000 0.50499
6837.440000 0.504121
6838.020000 0.502339
6838.600000 0.503297
6839.170000 0.502349
6839.750000 0.504135
6840.330000 0.503298
6840.900000 0.503547
6841.480000 0.50272
6842.060000 0.504922
6842.630000 0.502295
6843.210000 0.503911
6843.790000 0.501507
6844.360000 0.502704
6844.940000 0.503003
6845.520000 0.503255
6846.090000 0.50427
6846.670000 0.503249
6847.240000 0.50482
6847.820000 0.503139
6848.390000 0.503714
6848.970000 0.502771
6849.540000 0.504158
6850.120000 0.503576
6850.690000 0.504121
6851.270000 0.504692
6851.840000 0.503755
6852.420000 0.503878
6852.990000 0.503615
6853.570000 0.503689
6854.140000 0.504174
6854.710000 0.502199
6855.290000 0.502954
6855.860000 0.506201
6856.430000 0.502318
6857.010000 0.503803
6857.580000 0.504287
6858.150000 0.505065
6858.730000 0.505185
6859.300000 0.504913
6859.870000 0.504797
6860.450000 0.505197
6861.020000 0.504025
6861.590000 0.506133
6862.160000 0.504741
6862.740000 0.504923
6863.310000 0.50523
6863.880000 0.504695
6864.450000 0.506215
6865.020000 0.506368
6865.600000 0.506256
6866.170000 0.505925
6866.740000 0.506607
6867.310000 0.504658
6867.880000 0.505899
6868.450000 0.503297
6869.020000 0.507318
6869.590000 0.506914
6870.160000 0.507409
6870.730000 0.505578
6871.300000 0.505511
6871.870000 0.5055
6872.440000 0.504782
6873.010000 0.505965
6873.580000 0.50414
6874.150000 0.506413
6874.720000 0.506184
6875.290000 0.505102
6875.860000 0.506966
6876.430000 0.506539
6877.000000 0.506144
6877.570000 0.506485
6878.140000 0.506829
6878.710000 0.507834
6879.280000 0.50501
6879.840000 0.50596
6880.410000 0.506148
6880.980000 0.5074
6881.550000 0.506129
6882.120000 0.50585
6882.680000 0.506841
6883.250000 0.505781
6883.820000 0.506623
6884.390000 0.506438
6884.950000 0.505449
6885.520000 0.506942
6886.090000 0.506337
6886.650000 0.507162
6887.220000 0.507309
6887.790000 0.506108
6888.350000 0.505621
6888.920000 0.506842
6889.490000 0.507117
6890.050000 0.506677
6890.620000 0.504593
6891.190000 0.505904
6891.750000 0.50627
6892.320000 0.507447
6892.880000 0.506816
6893.450000 0.505821
6894.010000 0.505677
6894.580000 0.507141
6895.140000 0.505059
6895.710000 0.504902
6896.270000 0.504015
6896.840000 0.504874
6897.400000 0.503958
6897.960000 0.504233
6898.530000 0.503849
6899.090000 0.504335
6899.660000 0.505001
6900.220000 0.504198
6900.780000 0.502237
6901.350000 0.502363
6901.910000 0.506106
6902.470000 0.503625
6903.040000 0.503877
6903.600000 0.503342
6904.160000 0.503812
6904.730000 0.50294
6905.290000 0.504003
6905.850000 0.503545
6906.410000 0.502487
6906.980000 0.502056
6907.540000 0.501835
6908.100000 0.503574
6908.660000 0.503846
6909.220000 0.50307
6909.780000 0.502426
6910.350000 0.501278
6910.910000 0.502021
6911.470000 0.502718
6912.030000 0.501632
6912.590000 0.501884
6913.150000 0.501315
6913.710000 0.501823
6914.270000 0.501326
6914.830000 0.502512
6915.390000 0.500972
6915.950000 0.500966
6916.510000 0.50122
6917.070000 0.501607
6917.630000 0.500643
6918.190000 0.501069
6918.750000 0.499139
6919.310000 0.500999
6919.870000 0.500751
6920.430000 0.499363
6920.990000 0.500016
6921.540000 0.498729
6922.100000 0.498297
6922.660000 0.500396
6923.220000 0.500295
6923.780000 0.498279
6924.330000 0.498404
6924.890000 0.498751
6925.450000 0.499747
6926.010000 0.499797
6926.570000 0.498888
6927.120000 0.498487
6927.680000 0.498499
6928.240000 0.498323
6928.790000 0.497642
6929.350000 0.498071
6929.910000 0.498869
6930.460000 0.497225
6931.020000 0.498272
6931.580000 0.498462
6932.130000 0.49778
6932.690000 0.497901
6933.240000 0.497938
6933.800000 0.498696
6934.350000 0.497246
6934.910000 0.498094
6935.470000 0.496449
6936.020000 0.49803
6936.580000 0.4973
6937.130000 0.497066
6937.690000 0.498184
6938.240000 0.497194
6938.790000 0.497052
6939.350000 0.49725
6939.900000 0.498259
6940.460000 0.496455
6941.010000 0.497339
6941.560000 0.496497
6942.120000 0.49656
6942.670000 0.497099
6943.220000 0.497373
6943.780000 0.495698
6944.330000 0.496676
6944.880000 0.496486
6945.440000 0.497047
6945.990000 0.495687
6946.540000 0.496008
6947.090000 0.496764
6947.650000 0.49562
6948.200000 0.496049
6948.750000 0.497768
6949.300000 0.495867
6949.850000 0.496918
6950.400000 0.494618
6950.960000 0.496241
6951.510000 0.495464
6952.060000 0.496144
6952.610000 0.497218
6953.160000 0.496422
6953.710000 0.496981
6954.260000 0.495531
6954.810000 0.49584
6955.360000 0.496261
6955.910000 0.495665
6956.460000 0.496943
6957.010000 0.495475
6957.560000 0.496737
6958.110000 0.496076
6958.660000 0.495419
6959.210000 0.496984
6959.760000 0.497144
6960.310000 0.495568
6960.860000 0.496405
6961.400000 0.495998
6961.950000 0.49668
6962.500000 0.496394
6963.050000 0.49719
6963.600000 0.494866
6964.140000 0.496149
6964.690000 0.496692
6965.240000 0.496538
6965.790000 0.496624
6966.340000 0.496881
6966.880000 0.496127
6967.430000 0.495962
6967.980000 0.495612
6968.520000 0.497132
6969.070000 0.496099
6969.620000 0.49653
6970.160000 0.496784
6970.710000 0.495113
6971.250000 0.498128
6971.800000 0.496971
6972.350000 0.49624
6972.890000 0.495734
6973.440000 0.495042
6973.980000 0.496061
6974.530000 0.497034
6975.070000 0.495525
6975.620000 0.496034
6976.160000 0.496495
6976.710000 0.497137
6977.250000 0.496092
6977.800000 0.497255
6978.340000 0.49577
6978.880000 0.496471
6979.430000 0.496859
6979.970000 0.497431
6980.520000 0.49562
6981.060000 0.496176
6981.600000 0.495852
6982.150000 0.494967
6982.690000 0.496755
6983.230000 0.495733
6983.770000 0.49594
6984.320000 0.496765
6984.860000 0.496551
6985.400000 0.494993
6985.940000 0.494808
6986.490000 0.497142
6987.030000 0.49627
6987.570000 0.495197
6988.110000 0.496439
6988.650000 0.495204
6989.190000 0.495214
6989.730000 0.49596
6990.280000 0.495254
6990.820000 0.49581
6991.360000 0.497005
6991.900000 0.496302
6992.440000 0.495718
6992.980000 0.496274
6993.520000 0.495878
6994.060000 0.496606
6994.600000 0.495314
6995.140000 0.495604
6995.680000 0.496901
6996.220000 0.495516
6996.760000 0.494665
6997.290000 0.495364
6997.830000 0.494978
6998.370000 0.494253
6998.910000 0.495178
6999.450000 0.494244
6999.990000 0.495421
7000.530000 0.494716
7001.060000 0.494091
7001.600000 0.494643
7002.140000 0.495322
7002.680000 0.494534
7003.210000 0.493225
7003.750000 0.495213
7004.290000 0.495014
7004.820000 0.493917
7005.360000 0.494146
7005.900000 0.494777
7006.430000 0.493925
7006.970000 0.493973
7007.510000 0.49391
7008.040000 0.494122
7008.580000 0.494149
7009.110000 0.493406
7009.650000 0.492828
7010.190000 0.492814
7010.720000 0.493173
7011.260000 0.492744
7011.790000 0.493812
7012.330000 0.49346
7012.860000 0.491785
7013.400000 0.493707
7013.930000 0.493596
7014.460000 0.492523
7015.000000 0.492444
7015.530000 0.493363
7016.070000 0.492237
7016.600000 0.492039
7017.130000 0.492755
7017.670000 0.491927
7018.200000 0.492902
7018.730000 0.492463
7019.270000 0.491711
7019.800000 0.489853
7020.330000 0.492256
7020.860000 0.492737
7021.390000 0.491274
7021.930000 0.49112
7022.460000 0.491603
7022.990000 0.490893
7023.520000 0.492283
7024.050000 0.490329
7024.590000 0.491266
7025.120000 0.490462
7025.500000 0.488835
7026.070000 0.489285
7026.630000 0.489366
7027.200000 0.489126
7027.770000 0.488608
7028.340000 0.48838
7028.910000 0.487493
7029.470000 0.488697
7030.040000 0.488938
7030.610000 0.488295
7031.180000 0.488619
7031.740000 0.488043
7032.310000 0.487063
7032.880000 0.488135
7033.450000 0.488454
7034.010000 0.488801
7034.580000 0.489014
7035.150000 0.487202
7035.710000 0.490217
7036.280000 0.488898
7036.850000 0.487918
7037.410000 0.488905
7037.980000 0.488162
7038.540000 0.487141
7039.110000 0.487433
7039.680000 0.48818
7040.240000 0.487624
7040.810000 0.488356
7041.370000 0.487238
7041.940000 0.4879
7042.500000 0.487981
7043.070000 0.488717
7043.630000 0.486437
7044.200000 0.488257
7044.760000 0.488052
7045.330000 0.488396
7045.890000 0.488167
7046.460000 0.487392
7047.020000 0.487734
7047.590000 0.486766
7048.150000 0.488177
7048.720000 0.487212
7049.280000 0.488387
7049.840000 0.487391
7050.410000 0.486781
7050.970000 0.487371
7051.540000 0.488369
7052.100000 0.488244
7052.660000 0.488668
7053.230000 0.487688
7053.790000 0.488189
7054.350000 0.48808
7054.910000 0.489806
7055.480000 0.486707
7056.040000 0.488225
7056.600000 0.488039
7057.160000 0.488277
7057.730000 0.489242
7058.290000 0.48705
7058.850000 0.486984
7059.410000 0.487269
7059.980000 0.488185
7060.540000 0.486989
7061.100000 0.487895
7061.660000 0.488006
7062.220000 0.486523
7062.780000 0.489121
7063.340000 0.488292
7063.910000 0.488519
7064.470000 0.486848
7065.030000 0.4878
7065.590000 0.48729
7066.150000 0.489023
7066.710000 0.489198
7067.270000 0.489157
7067.830000 0.487722
7068.390000 0.489127
7068.950000 0.488375
7069.510000 0.487042
7070.070000 0.487422
7070.630000 0.489084
7071.190000 0.487864
7071.750000 0.487473
7072.310000 0.489366
7072.870000 0.488342
7073.430000 0.488691
7073.990000 0.487002
7074.550000 0.486785
7075.100000 0.487774
7075.660000 0.486905
7076.220000 0.487979
7076.780000 0.487634
7077.340000 0.487389
7077.900000 0.485355
7078.460000 0.486506
7079.010000 0.487755
7079.570000 0.486001
7080.130000 0.48716
7080.690000 0.487399
7081.240000 0.485312
7081.800000 0.48509
7082.360000 0.486941
7082.920000 0.486011
7083.470000 0.485557
7084.030000 0.485725
7084.590000 0.485014
7085.140000 0.484828
7085.700000 0.485022
7086.260000 0.484114
7086.810000 0.484135
7087.370000 0.482895
7087.930000 0.483782
7088.480000 0.483874
7089.040000 0.48269
7089.590000 0.48207
7090.150000 0.482505
7090.700000 0.481574
7091.260000 0.481034
7091.820000 0.482992
7092.370000 0.480184
7092.930000 0.480633
7093.480000 0.480651
7094.040000 0.480096
7094.590000 0.478548
7095.150000 0.477749
7095.700000 0.477628
7096.250000 0.476922
7096.810000 0.476496
7097.360000 0.476072
7097.920000 0.475527
7098.470000 0.476405
7099.020000 0.474863
7099.580000 0.473656
7100.130000 0.474297
7100.680000 0.470416
7101.240000 0.473412
7101.790000 0.470396
7102.340000 0.472355
7102.900000 0.469549
7103.450000 0.47015
7104.000000 0.468115
7104.560000 0.466824
7105.110000 0.465025
7105.660000 0.466574
7106.210000 0.465839
7106.760000 0.464414
7107.320000 0.462881
7107.870000 0.461791
7108.420000 0.459758
7108.970000 0.459281
7109.520000 0.458261
7110.070000 0.457193
7110.630000 0.455716
7111.180000 0.453634
7111.730000 0.452848
7112.280000 0.452276
7112.830000 0.450619
7113.380000 0.449333
7113.930000 0.446924
7114.480000 0.443744
7115.030000 0.443417
7115.580000 0.440922
7116.130000 0.441045
7116.680000 0.439063
7117.230000 0.436209
7117.780000 0.434228
7118.330000 0.432778
7118.880000 0.430469
7119.430000 0.429625
7119.980000 0.426385
7120.530000 0.422625
7121.080000 0.422352
7121.630000 0.417891
7122.170000 0.416593
7122.720000 0.414438
7123.270000 0.409916
7123.820000 0.408355
7124.370000 0.406541
7124.920000 0.402673
7125.460000 0.400032
7126.010000 0.396119
7126.560000 0.392884
7127.110000 0.389446
7127.650000 0.386865
7128.200000 0.38345
7128.750000 0.378838
7129.300000 0.376046
7129.840000 0.372152
7130.390000 0.368213
7130.940000 0.363976
7131.480000 0.36147
7132.030000 0.356191
7132.580000 0.351686
7133.120000 0.34884
7133.670000 0.344466
7134.210000 0.339944
7134.760000 0.335489
7135.310000 0.331593
7135.850000 0.326689
7136.400000 0.322705
7136.940000 0.31783
7137.490000 0.313164
7138.030000 0.308691
7138.580000 0.30385
7139.120000 0.298635
7139.670000 0.293266
7140.210000 0.29043
7140.760000 0.284348
7141.300000 0.279228
7141.840000 0.274387
7142.390000 0.269333
7142.930000 0.264356
7143.480000 0.260128
7144.020000 0.254431
7144.560000 0.249573
7145.110000 0.244796
7145.650000 0.240072
7146.190000 0.23529
7146.740000 0.229637
7147.280000 0.224883
7147.820000 0.220303
7148.360000 0.215258
7148.910000 0.210967
7149.450000 0.205425
7149.990000 0.201054
7150.530000 0.196483
7151.080000 0.192203
7151.620000 0.186988
7152.160000 0.182665
7152.700000 0.177532
7153.240000 0.173656
7153.780000 0.169169
7154.330000 0.164609
7154.870000 0.160459
7155.410000 0.156341
7155.950000 0.152569
7156.490000 0.147936
7157.030000 0.144147
7157.570000 0.140215
7158.110000 0.136285
7158.650000 0.132712
7159.190000 0.128785
7159.730000 0.125107
7160.270000 0.121516
7160.810000 0.118375
7161.350000 0.114856
7161.890000 0.111195
7162.430000 0.108326
7162.970000 0.104838
7163.510000 0.101931
7164.050000 0.0990638
7164.580000 0.095754
7165.120000 0.0929526
7165.660000 0.0899564
7166.200000 0.0876406
7166.740000 0.0851736
7167.280000 0.0823331
7167.810000 0.0799594
7168.350000 0.0774203
7168.890000 0.075095
7169.430000 0.072698
7169.960000 0.0703964
7170.500000 0.0685944
7171.040000 0.066194
7171.580000 0.0641245
7172.110000 0.0620885
7172.650000 0.0604887
7173.190000 0.0583616
7173.720000 0.0565112
7174.260000 0.0549
7174.800000 0.0530779
7175.330000 0.0516575
7175.870000 0.050086
7176.400000 0.0485249
7176.940000 0.0469901
7177.470000 0.0453178
7178.010000 0.0439508
7178.550000 0.0426396
7179.080000 0.0413566
7179.620000 0.0400433
7180.150000 0.0388439
7180.690000 0.0376206
7181.220000 0.0365034
7181.750000 0.0354762
7182.290000 0.0343237
7182.820000 0.0332446
7183.360000 0.0321982
7183.890000 0.0312207
7184.430000 0.0303421
7184.960000 0.0294236
7185.490000 0.0284967
7186.030000 0.0275954
7186.560000 0.0267244
7187.090000 0.0259264
7187.630000 0.0251857
7188.160000 0.024381
7188.690000 0.0236525
7189.220000 0.0230251
7189.760000 0.0223753
7190.290000 0.02163
7190.820000 0.0211066
7191.350000 0.0203437
7191.880000 0.0198344
7192.420000 0.0191361
7192.950000 0.0185922
7193.480000 0.0181752
7194.010000 0.017579
7194.540000 0.0171082
7195.070000 0.0165898
7195.600000 0.0161434
7196.140000 0.0156424
7196.670000 0.0151637
7197.200000 0.0147957
7197.730000 0.0144179
7198.260000 0.0139546
7198.790000 0.0136062
7199.320000 0.0131996
7199.850000 0.0128092
7200.380000 0.0125111
7200.910000 0.0121556
7201.440000 0.011865
7201.970000 0.0115251
7202.490000 0.0112134
7203.020000 0.0107577
7203.550000 0.0105988
7204.080000 0.0102071
7204.610000 0.00999821
7205.140000 0.00972115
7205.670000 0.00951891
7206.200000 0.00918088
7206.720000 0.00901854
7207.250000 0.00877189
7207.780000 0.00856191
7208.310000 0.00827943
7208.830000 0.00809907
7209.360000 0.00791223
7209.890000 0.00768414
7210.420000 0.00750557
7210.940000 0.00731358
7211.470000 0.00710152
7212.000000 0.00696888
7212.520000 0.0068076
7213.050000 0.0066649
7213.580000 0.0064227
7214.100000 0.00623356
7214.630000 0.00607178
7215.150000 0.00597021
7215.680000 0.00580141
7216.210000 0.00568391
7216.730000 0.0055484
7217.260000 0.0054014
7217.780000 0.00530167
7218.310000 0.00517915
7218.830000 0.00502665
7219.360000 0.00491965
7219.880000 0.00476391
7220.410000 0.00472051
7220.930000 0.00455579
7221.450000 0.0044443
7221.980000 0.00436418
7222.500000 0.00427193
7223.030000 0.00415038
7223.550000 0.00406483
7224.070000 0.00395976
7224.600000 0.00385387
7225.120000 0.00386708
7225.640000 0.00373626
7226.160000 0.00361352
7226.690000 0.00357161
7227.210000 0.00351435
7227.730000 0.00344411
7228.260000 0.00338919
7228.780000 0.00325919
7229.300000 0.00319251
7229.820000 0.00311166
7230.340000 0.00312635
7230.860000 0.00301603
7231.390000 0.00292032
7231.910000 0.00284394
7232.430000 0.00285074
7232.950000 0.00273454
7233.470000 0.00275307
7233.990000 0.00265967
7234.510000 0.00256676
7235.030000 0.00251358
7235.550000 0.00249943
7236.070000 0.00242255
7236.590000 0.00243259
7237.110000 0.00236666
7237.630000 0.00227074
7238.150000 0.00229571
7238.670000 0.0022177
7239.190000 0.00221847
7239.710000 0.00218836
7240.230000 0.00214865
7240.750000 0.00206822
7241.270000 0.00198153
7241.790000 0.00201874
7242.300000 0.00194255
7242.820000 0.0019464
7243.340000 0.00187777
7243.860000 0.00182625
7244.380000 0.00185308
7244.890000 0.00183331
7245.410000 0.00179724
7245.930000 0.0017275
7246.450000 0.00170275
7246.960000 0.00161505
7247.480000 0.00168278
7248.000000 0.00167426
7248.510000 0.00163493
7249.030000 0.00161639
7249.550000 0.0015408
7250.060000 0.00154717
7250.580000 0.00149308
7251.100000 0.00146433
7251.610000 0.00143882
7252.130000 0.00146463
7252.640000 0.00140414
7253.160000 0.00139692
7253.670000 0.00139252
7254.190000 0.00137513
7254.700000 0.00129461
7255.220000 0.00130308
7255.730000 0.00126774
7256.250000 0.00127361
7256.760000 0.00126977
7257.280000 0.0012102
7257.790000 0.00122587
7258.300000 0.00117217
7258.820000 0.00125006
7259.330000 0.00118125
7259.840000 0.00114339
7260.360000 0.00112307
7260.870000 0.00114808
7261.380000 0.00110755
7261.900000 0.00108763
7262.410000 0.00109226
7262.920000 0.000994695
7263.430000 0.00105976
7263.950000 0.00100743
7264.460000 0.00109405
7264.970000 0.00101447
7265.480000 0.00104699
7265.990000 0.00100765
7266.510000 0.000953387
7267.020000 0.00096589
7267.530000 0.000937643
7268.040000 0.000947474
7268.550000 0.000946484
7269.060000 0.000871458
7269.570000 0.00090481
7270.080000 0.000944367
7270.590000 0.000860765
7271.100000 0.000891181
7271.610000 0.000856411
7272.120000 0.0008574
7272.630000 0.000872259
7273.140000 0.000829413
7273.650000 0.000883559
7274.160000 0.000876513
7274.670000 0.000823116
7275.180000 0.000807484
7275.690000 0.000813098
7276.200000 0.000820471
7276.700000 0.000761592
7277.210000 0.000810668
7277.720000 0.000777696
7278.230000 0.00076335
7278.740000 0.000777493
7279.250000 0.000760941
7279.750000 0.000762824
7280.260000 0.000771058
7280.770000 0.000766364
7281.270000 0.000710352
7281.780000 0.000743962
7282.290000 0.000767228
7282.800000 0.000728788
7283.300000 0.00070278
7283.810000 0.000649598
7284.310000 0.000697869
7284.820000 0.00070575
7285.330000 0.000671029
7285.830000 0.000688714
7286.340000 0.00064921
7286.840000 0.00067887
7287.350000 0.000661136
7287.850000 0.000678616
7288.360000 0.000617239
7288.860000 0.000680596
7289.370000 0.000597866
7289.870000 0.000622427
7290.380000 0.000624532
7290.880000 0.000594664
7291.390000 0.000602363
7291.890000 0.000632122
7292.390000 0.00066023
7292.900000 0.000581141
7293.400000 0.000606403
7293.900000 0.000625283
7294.410000 0.000585524
7294.910000 0.0005822
7295.410000 0.000576245
7295.920000 0.00057658
7296.420000 0.000585686
7296.920000 0.00061648
7297.420000 0.000565878
7297.930000 0.000635942
7298.430000 0.000568341
7298.930000 0.00061461
7299.430000 0.000560658
7299.930000 0.000552916
