# cfht.megaprime.i
# photon
# CFHT Megaprime i http://svo2.cab.inta-csic.es/theory/fps/index.php?id=CFHT/Megaprime.i
6800.500000 0.000669102
6801.060000 0.000688006
6801.630000 0.000657331
6802.190000 0.000682381
6802.750000 0.000660908
6803.310000 0.000679523
6803.870000 0.000657933
6804.430000 0.000696631
6804.990000 0.000662084
6805.550000 0.000658823
6806.110000 0.000654319
6806.670000 0.000736937
6807.230000 0.000706246
6807.790000 0.000697727
6808.350000 0.000731554
6808.910000 0.000672315
6809.470000 0.000712167
6810.030000 0.000680874
6810.590000 0.000718076
6811.150000 0.000730723
6811.700000 0.000695851
6812.260000 0.000671768
6812.820000 0.000704808
6813.380000 0.00074121
6813.940000 0.000705158
6814.500000 0.00068875
6815.050000 0.000714025
6815.610000 0.000715091
6816.170000 0.000714991
6816.730000 0.000703559
6817.280000 0.000675837
6817.840000 0.000772022
6818.400000 0.000724087
6818.950000 0.000741464
6819.510000 0.000770456
6820.070000 0.000733574
6820.620000 0.00075531
6821.180000 0.000779764
6821.730000 0.000765629
6822.290000 0.000748986
6822.850000 0.000764981
6823.400000 0.00073488
6823.960000 0.000737206
6824.510000 0.000758123
6825.070000 0.000727186
6825.620000 0.000782261
6826.180000 0.000791528
6826.730000 0.000774849
6827.290000 0.000750239
6827.840000 0.000769694
6828.390000 0.000794177
6828.950000 0.000773602
6829.500000 0.000807274
6830.060000 0.000847063
6830.610000 0.000847945
6831.160000 0.000801368
6831.720000 0.000788273
6832.270000 0.000792232
6832.820000 0.000777617
6833.380000 0.000792669
6833.930000 0.000800016
6834.480000 0.000854476
6835.030000 0.000841231
6835.590000 0.000809457
6836.140000 0.000815214
6836.690000 0.00088018
6837.240000 0.000824281
6837.790000 0.000837118
6838.340000 0.000858094
6838.900000 0.00087575
6839.450000 0.00091419
6840.000000 0.000897414
6840.550000 0.000889716
6841.100000 0.000917823
6841.650000 0.000933267
6842.200000 0.000896227
6842.750000 0.000881638
6843.300000 0.000921195
6843.850000 0.000948282
6844.400000 0.000902543
6844.950000 0.000906603
6845.500000 0.000965438
6846.050000 0.000939909
6846.600000 0.00097507
6847.150000 0.000988141
6847.700000 0.000971701
6848.250000 0.000996903
6848.790000 0.000989185
6849.340000 0.000980241
6849.890000 0.00102633
6850.440000 0.000978366
6850.990000 0.00103393
6851.530000 0.00104648
6852.080000 0.00101807
6852.630000 0.00102416
6853.180000 0.00106884
6853.720000 0.00107232
6854.270000 0.00105075
6854.820000 0.00109909
6855.360000 0.00108962
6855.910000 0.00105617
6856.460000 0.001133
6857.000000 0.00110245
6857.550000 0.0010928
6858.100000 0.00114624
6858.640000 0.00114703
6859.190000 0.00115353
6859.730000 0.00117879
6860.280000 0.00118222
6860.820000 0.00117459
6861.370000 0.00115775
6861.910000 0.00121565
6862.460000 0.00118682
6863.000000 0.00119689
6863.550000 0.00120047
6864.090000 0.00121941
6864.640000 0.00124271
6865.180000 0.00126875
6865.720000 0.00125524
6866.270000 0.00128231
6866.810000 0.00128585
6867.350000 0.00131323
6867.900000 0.00133627
6868.440000 0.00134869
6868.980000 0.00133351
6869.530000 0.00142485
6870.070000 0.00140562
6870.610000 0.00144121
6871.150000 0.00140311
6871.690000 0.00148027
6872.240000 0.00145681
6872.780000 0.0014616
6873.320000 0.00152478
6873.860000 0.00147947
6874.400000 0.00151093
6874.940000 0.00157307
6875.490000 0.00157313
6876.030000 0.00158447
6876.570000 0.0016139
6877.110000 0.00161971
6877.650000 0.00164938
6878.190000 0.0016438
6878.730000 0.0016826
6879.270000 0.00171039
6879.810000 0.00172627
6880.350000 0.00173718
6880.890000 0.00180581
6881.430000 0.00177007
6881.960000 0.00179579
6882.500000 0.00183363
6883.040000 0.00186449
6883.580000 0.00188896
6884.120000 0.00186828
6884.660000 0.00190896
6885.200000 0.00191734
6885.730000 0.00200366
6886.270000 0.00202594
6886.810000 0.00206466
6887.350000 0.00211589
6887.880000 0.00208065
6888.420000 0.00215193
6888.960000 0.00221188
6889.490000 0.0021942
6890.030000 0.0022648
6890.570000 0.0022706
6891.100000 0.00233478
6891.640000 0.00245946
6892.180000 0.00238699
6892.710000 0.00246519
6893.250000 0.00250639
6893.780000 0.00253487
6894.320000 0.00254847
6894.850000 0.00262149
6895.390000 0.00267635
6895.920000 0.00274048
6896.460000 0.00274836
6896.990000 0.00283593
6897.530000 0.00280598
6898.060000 0.00287197
6898.600000 0.00292214
6899.130000 0.00297195
6899.660000 0.0030318
6900.200000 0.00312017
6900.730000 0.00313456
6901.260000 0.00321035
6901.800000 0.00326184
6902.330000 0.00330056
6902.860000 0.00337107
6903.400000 0.00342406
6903.930000 0.00350454
6904.460000 0.00363839
6904.990000 0.00362286
6905.530000 0.00367591
6906.060000 0.00377492
6906.590000 0.00387383
6907.120000 0.00396042
6907.650000 0.00405773
6908.180000 0.0041287
6908.710000 0.00417521
6909.240000 0.00431895
6909.780000 0.00436904
6910.310000 0.00447764
6910.840000 0.00458655
6911.370000 0.00467771
6911.900000 0.00478501
6912.430000 0.00489847
6912.960000 0.00495516
6913.490000 0.00506853
6914.020000 0.00521678
6914.540000 0.0052915
6915.070000 0.00545422
6915.600000 0.00552515
6916.130000 0.00569072
6916.660000 0.00583216
6917.190000 0.00590836
6917.720000 0.00610509
6918.240000 0.00619549
6918.770000 0.00642685
6919.300000 0.0064811
6919.830000 0.00669586
6920.360000 0.00684697
6920.880000 0.00698002
6921.410000 0.00715542
6921.940000 0.00735934
6922.460000 0.00754996
6922.990000 0.00771659
6923.520000 0.00780825
6924.040000 0.00809468
6924.570000 0.00831454
6925.090000 0.00853304
6925.620000 0.0086631
6926.150000 0.00892752
6926.670000 0.00917215
6927.200000 0.00940134
6927.720000 0.00964759
6928.250000 0.00996948
6928.770000 0.0102456
6929.300000 0.0104621
6929.820000 0.0107457
6930.340000 0.011028
6930.870000 0.0112697
6931.390000 0.0116803
6931.920000 0.011982
6932.440000 0.0123082
6932.960000 0.0126326
6933.490000 0.0131337
6934.010000 0.0134053
6934.530000 0.0136891
6935.060000 0.0140726
6935.580000 0.0144752
6936.100000 0.0148768
6936.620000 0.015319
6937.140000 0.0157439
6937.670000 0.016185
6938.190000 0.016672
6938.710000 0.0171298
6939.230000 0.0176117
6939.750000 0.0181134
6940.270000 0.0186416
6940.790000 0.0191993
6941.320000 0.0197728
6941.840000 0.0203772
6942.360000 0.0208628
6942.880000 0.0214666
6943.400000 0.02208
6943.920000 0.0227974
6944.440000 0.0234914
6944.960000 0.024175
6945.480000 0.0249073
6945.990000 0.0256506
6946.510000 0.026337
6947.030000 0.027107
6947.550000 0.0280225
6948.070000 0.02889
6948.590000 0.0297424
6949.110000 0.0307752
6949.620000 0.0315967
6950.140000 0.032636
6950.660000 0.0335685
6951.180000 0.0345472
6951.700000 0.035605
6952.210000 0.0366613
6952.730000 0.0378393
6953.250000 0.0390623
6953.760000 0.0402573
6954.280000 0.0414051
6954.800000 0.0426686
6955.310000 0.0439902
6955.830000 0.0451837
6956.340000 0.046768
6956.860000 0.0482208
6957.370000 0.0496366
6957.890000 0.0512435
6958.410000 0.0528056
6958.920000 0.0544321
6959.440000 0.0562525
6959.950000 0.0579016
6960.460000 0.0597723
6960.980000 0.0618069
6961.490000 0.0632703
6962.010000 0.0652937
6962.520000 0.0672507
6963.030000 0.069453
6963.550000 0.0717297
6964.060000 0.0738954
6964.570000 0.0760054
6965.090000 0.0785009
6965.600000 0.0809634
6966.110000 0.0831184
6966.620000 0.0858838
6967.140000 0.0887929
6967.650000 0.0913952
6968.160000 0.0939956
6968.670000 0.0967012
6969.180000 0.0996377
6969.700000 0.102598
6970.210000 0.105553
6970.720000 0.108674
6971.230000 0.111972
6971.740000 0.115297
6972.250000 0.118393
6972.760000 0.122244
6973.270000 0.12561
6973.780000 0.129574
6974.290000 0.133167
6974.800000 0.136657
6975.310000 0.140802
6975.820000 0.144983
6976.330000 0.148839
6976.840000 0.152849
6977.340000 0.156963
6977.850000 0.161713
6978.360000 0.165719
6978.870000 0.170194
6979.380000 0.17483
6979.890000 0.179495
6980.390000 0.183984
6980.900000 0.188765
6981.410000 0.193365
6981.920000 0.198687
6982.420000 0.204126
6982.930000 0.208706
6983.440000 0.213889
6983.940000 0.218262
6984.450000 0.224521
6984.960000 0.229655
6985.460000 0.233945
6985.970000 0.240269
6986.470000 0.245473
6986.980000 0.250579
6987.480000 0.255709
6987.990000 0.262024
6988.490000 0.267768
6989.000000 0.273565
6989.500000 0.278253
6990.010000 0.283931
6990.510000 0.289032
6991.020000 0.295161
6991.520000 0.300185
6992.020000 0.306646
6992.530000 0.31205
6993.030000 0.316875
6993.530000 0.322504
6994.040000 0.328631
6994.540000 0.334337
6995.040000 0.33942
6995.540000 0.34491
6996.050000 0.349862
6996.550000 0.35519
6997.050000 0.360252
6997.550000 0.364744
6998.050000 0.370315
6998.550000 0.37448
6999.060000 0.381218
6999.560000 0.385435
7000.060000 0.390588
7000.560000 0.393699
7001.060000 0.399112
7001.560000 0.402932
7002.060000 0.40756
7002.560000 0.410888
7003.060000 0.415232
7003.560000 0.419455
7004.060000 0.422841
7004.560000 0.427124
7005.060000 0.431362
7005.560000 0.433722
7006.050000 0.438159
7006.550000 0.440883
7007.050000 0.445674
7007.550000 0.446091
7008.050000 0.449073
7008.540000 0.452869
7009.040000 0.455788
7009.540000 0.457449
7010.040000 0.459698
7010.530000 0.463059
7011.030000 0.465075
7011.530000 0.467439
7012.020000 0.469867
7012.520000 0.470469
7013.020000 0.472481
7013.510000 0.473821
7014.010000 0.475564
7014.500000 0.4783
7015.000000 0.479611
7015.490000 0.480824
7015.990000 0.481764
7016.490000 0.483145
7016.980000 0.483388
7017.470000 0.484986
7017.970000 0.486239
7018.460000 0.486293
7018.960000 0.487713
7019.450000 0.487702
7019.940000 0.488651
7020.440000 0.490453
7020.930000 0.490157
7021.420000 0.490163
7021.920000 0.490914
7022.410000 0.490319
7022.900000 0.491727
7023.400000 0.491235
7023.890000 0.49134
7024.380000 0.492178
7024.870000 0.491175
7025.500000 0.48527
7026.070000 0.485448
7026.630000 0.485196
7027.200000 0.486585
7027.770000 0.483954
7028.340000 0.483437
7028.910000 0.48408
7029.470000 0.48218
7030.040000 0.48286
7030.610000 0.482152
7031.180000 0.482046
7031.740000 0.481815
7032.310000 0.48113
7032.880000 0.480477
7033.450000 0.480053
7034.010000 0.480177
7034.580000 0.480126
7035.150000 0.4781
7035.710000 0.479888
7036.280000 0.478045
7036.850000 0.478877
7037.410000 0.478472
7037.980000 0.477457
7038.540000 0.477211
7039.110000 0.477095
7039.680000 0.476258
7040.240000 0.47653
7040.810000 0.475834
7041.370000 0.476381
7041.940000 0.476885
7042.500000 0.475129
7043.070000 0.474876
7043.630000 0.475613
7044.200000 0.475164
7044.760000 0.474077
7045.330000 0.475274
7045.890000 0.474873
7046.460000 0.474556
7047.020000 0.475094
7047.590000 0.475362
7048.150000 0.473799
7048.720000 0.475298
7049.280000 0.473221
7049.840000 0.475036
7050.410000 0.472869
7050.970000 0.474113
7051.540000 0.47403
7052.100000 0.474749
7052.660000 0.475038
7053.230000 0.475561
7053.790000 0.472684
7054.350000 0.474592
7054.910000 0.47529
7055.480000 0.474705
7056.040000 0.474516
7056.600000 0.475168
7057.160000 0.475266
7057.730000 0.473708
7058.290000 0.474837
7058.850000 0.475515
7059.410000 0.474598
7059.980000 0.476085
7060.540000 0.476251
7061.100000 0.475892
7061.660000 0.475226
7062.220000 0.476715
7062.780000 0.476856
7063.340000 0.477995
7063.910000 0.477819
7064.470000 0.477287
7065.030000 0.478244
7065.590000 0.476914
7066.150000 0.478535
7066.710000 0.479099
7067.270000 0.479446
7067.830000 0.479063
7068.390000 0.477997
7068.950000 0.478791
7069.510000 0.479099
7070.070000 0.478225
7070.630000 0.478622
7071.190000 0.480428
7071.750000 0.480238
7072.310000 0.480448
7072.870000 0.480551
7073.430000 0.481478
7073.990000 0.48141
7074.550000 0.480559
7075.100000 0.481416
7075.660000 0.481046
7076.220000 0.482592
7076.780000 0.481681
7077.340000 0.483518
7077.900000 0.482922
7078.460000 0.482582
7079.010000 0.483232
7079.570000 0.483955
7080.130000 0.484249
7080.690000 0.485106
7081.240000 0.484191
7081.800000 0.48467
7082.360000 0.485499
7082.920000 0.485319
7083.470000 0.483871
7084.030000 0.486937
7084.590000 0.486366
7085.140000 0.485251
7085.700000 0.48612
7086.260000 0.48588
7086.810000 0.485797
7087.370000 0.486886
7087.930000 0.486724
7088.480000 0.485696
7089.040000 0.488562
7089.590000 0.487289
7090.150000 0.4872
7090.700000 0.487264
7091.260000 0.486884
7091.820000 0.48727
7092.370000 0.488234
7092.930000 0.488363
7093.480000 0.489346
7094.040000 0.487433
7094.590000 0.487773
7095.150000 0.488594
7095.700000 0.489669
7096.250000 0.489302
7096.810000 0.489148
7097.360000 0.488515
7097.920000 0.490561
7098.470000 0.489995
7099.020000 0.488464
7099.580000 0.489549
7100.130000 0.489949
7100.680000 0.489903
7101.240000 0.489485
7101.790000 0.491
7102.340000 0.489975
7102.900000 0.49092
7103.450000 0.489837
7104.000000 0.489148
7104.560000 0.490221
7105.110000 0.489859
7105.660000 0.488964
7106.210000 0.490414
7106.760000 0.4906
7107.320000 0.491109
7107.870000 0.489182
7108.420000 0.489992
7108.970000 0.491023
7109.520000 0.490423
7110.070000 0.49029
7110.630000 0.491333
7111.180000 0.49101
7111.730000 0.490241
7112.280000 0.489635
7112.830000 0.490093
7113.380000 0.489822
7113.930000 0.490083
7114.480000 0.490733
7115.030000 0.489275
7115.580000 0.490457
7116.130000 0.489019
7116.680000 0.48977
7117.230000 0.488898
7117.780000 0.489273
7118.330000 0.489603
7118.880000 0.488537
7119.430000 0.489836
7119.980000 0.488348
7120.530000 0.488093
7121.080000 0.488198
7121.630000 0.489338
7122.170000 0.489523
7122.720000 0.489853
7123.270000 0.489078
7123.820000 0.489124
7124.370000 0.48863
7124.920000 0.487522
7125.460000 0.48791
7126.010000 0.488945
7126.560000 0.489057
7127.110000 0.489682
7127.650000 0.488945
7128.200000 0.487155
7128.750000 0.488124
7129.300000 0.489275
7129.840000 0.487835
7130.390000 0.489499
7130.940000 0.487702
7131.480000 0.488254
7132.030000 0.487994
7132.580000 0.487401
7133.120000 0.486922
7133.670000 0.487284
7134.210000 0.488346
7134.760000 0.487732
7135.310000 0.487818
7135.850000 0.486802
7136.400000 0.487138
7136.940000 0.485915
7137.490000 0.487904
7138.030000 0.486247
7138.580000 0.485508
7139.120000 0.486074
7139.670000 0.486028
7140.210000 0.486488
7140.760000 0.48548
7141.300000 0.487125
7141.840000 0.486331
7142.390000 0.48603
7142.930000 0.485859
7143.480000 0.484664
7144.020000 0.486083
7144.560000 0.486576
7145.110000 0.485545
7145.650000 0.485197
7146.190000 0.484218
7146.740000 0.484917
7147.280000 0.484453
7147.820000 0.484649
7148.360000 0.484619
7148.910000 0.484481
7149.450000 0.484106
7149.990000 0.484252
7150.530000 0.484209
7151.080000 0.484351
7151.620000 0.485422
7152.160000 0.484435
7152.700000 0.484127
7153.240000 0.483888
7153.780000 0.483319
7154.330000 0.483604
7154.870000 0.483819
7155.410000 0.483318
7155.950000 0.484434
7156.490000 0.48393
7157.030000 0.482725
7157.570000 0.484231
7158.110000 0.48368
7158.650000 0.484161
7159.190000 0.483039
7159.730000 0.483319
7160.270000 0.484003
7160.810000 0.484132
7161.350000 0.482769
7161.890000 0.484144
7162.430000 0.48372
7162.970000 0.48365
7163.510000 0.484032
7164.050000 0.483129
7164.580000 0.484382
7165.120000 0.482368
7165.660000 0.482304
7166.200000 0.48293
7166.740000 0.483055
7167.280000 0.483192
7167.810000 0.482487
7168.350000 0.482673
7168.890000 0.482515
7169.430000 0.482123
7169.960000 0.482803
7170.500000 0.483941
7171.040000 0.482275
7171.580000 0.483194
7172.110000 0.481644
7172.650000 0.483531
7173.190000 0.482761
7173.720000 0.481633
7174.260000 0.48218
7174.800000 0.481877
7175.330000 0.483152
7175.870000 0.482242
7176.400000 0.482522
7176.940000 0.483215
7177.470000 0.483162
7178.010000 0.482182
7178.550000 0.481599
7179.080000 0.482429
7179.620000 0.482953
7180.150000 0.481811
7180.690000 0.483174
7181.220000 0.482045
7181.750000 0.483606
7182.290000 0.482292
7182.820000 0.483254
7183.360000 0.48251
7183.890000 0.483143
7184.430000 0.482539
7184.960000 0.482786
7185.490000 0.48141
7186.030000 0.48296
7186.560000 0.482082
7187.090000 0.480984
7187.630000 0.483132
7188.160000 0.482563
7188.690000 0.482449
7189.220000 0.484186
7189.760000 0.483078
7190.290000 0.482749
7190.820000 0.484227
7191.350000 0.482172
7191.880000 0.482703
7192.420000 0.483114
7192.950000 0.482622
7193.480000 0.481428
7194.010000 0.482415
7194.540000 0.483154
7195.070000 0.48329
7195.600000 0.483767
7196.140000 0.482657
7196.670000 0.483329
7197.200000 0.483598
7197.730000 0.4828
7198.260000 0.483236
7198.790000 0.482733
7199.320000 0.482279
7199.850000 0.48154
7200.380000 0.483391
7200.910000 0.48276
7201.440000 0.482659
7201.970000 0.483356
7202.490000 0.481452
7203.020000 0.482058
7203.550000 0.483421
7204.080000 0.483207
7204.610000 0.481678
7205.140000 0.481268
7205.670000 0.482657
7206.200000 0.481985
7206.720000 0.482618
7207.250000 0.481234
7207.780000 0.482409
7208.310000 0.481286
7208.830000 0.481032
7209.360000 0.481504
7209.890000 0.480687
7210.420000 0.480615
7210.940000 0.482921
7211.470000 0.481794
7212.000000 0.481606
7212.520000 0.482699
7213.050000 0.480922
7213.580000 0.48182
7214.100000 0.481016
7214.630000 0.481347
7215.150000 0.48188
7215.680000 0.481665
7216.210000 0.480721
7216.730000 0.481493
7217.260000 0.481218
7217.780000 0.48235
7218.310000 0.481579
7218.830000 0.48068
7219.360000 0.48014
7219.880000 0.479338
7220.410000 0.480138
7220.930000 0.479733
7221.450000 0.479048
7221.980000 0.480139
7222.500000 0.47988
7223.030000 0.480581
7223.550000 0.47965
7224.070000 0.479519
7224.600000 0.47963
7225.120000 0.4808
7225.640000 0.479491
7226.160000 0.479404
7226.690000 0.478355
7227.210000 0.479473
7227.730000 0.479651
7228.260000 0.479991
7228.780000 0.47827
7229.300000 0.47682
7229.820000 0.47891
7230.340000 0.478099
7230.860000 0.477799
7231.390000 0.477391
7231.910000 0.477012
7232.430000 0.477064
7232.950000 0.477227
7233.470000 0.476675
7233.990000 0.476712
7234.510000 0.476538
7235.030000 0.477679
7235.550000 0.475974
7236.070000 0.476421
7236.590000 0.475595
7237.110000 0.47655
7237.630000 0.476737
7238.150000 0.475633
7238.670000 0.475496
7239.190000 0.474887
7239.710000 0.475756
7240.230000 0.474699
7240.750000 0.47493
7241.270000 0.474682
7241.790000 0.473519
7242.300000 0.474684
7242.820000 0.474285
7243.340000 0.473946
7243.860000 0.47348
7244.380000 0.473064
7244.890000 0.472424
7245.410000 0.47342
7245.930000 0.47156
7246.450000 0.471856
7246.960000 0.47165
7247.480000 0.472139
7248.000000 0.472168
7248.510000 0.471151
7249.030000 0.472809
7249.550000 0.472628
7250.060000 0.469775
7250.580000 0.470435
7251.100000 0.470609
7251.610000 0.469228
7252.130000 0.471617
7252.640000 0.470373
7253.160000 0.470173
7253.670000 0.469749
7254.190000 0.468307
7254.700000 0.469515
7255.220000 0.470066
7255.730000 0.467808
7256.250000 0.468905
7256.760000 0.467962
7257.280000 0.468703
7257.790000 0.468122
7258.300000 0.467745
7258.820000 0.466736
7259.330000 0.46741
7259.840000 0.467255
7260.360000 0.467293
7260.870000 0.466341
7261.380000 0.466602
7261.900000 0.4657
7262.410000 0.465495
7262.920000 0.465307
7263.430000 0.465058
7263.950000 0.464461
7264.460000 0.465421
7264.970000 0.464856
7265.480000 0.465102
7265.990000 0.465395
7266.510000 0.465711
7267.020000 0.464298
7267.530000 0.463083
7268.040000 0.464194
7268.550000 0.463099
7269.060000 0.46311
7269.570000 0.46457
7270.080000 0.463669
7270.590000 0.462181
7271.100000 0.463947
7271.610000 0.462976
7272.120000 0.463011
7272.630000 0.463412
7273.140000 0.462441
7273.650000 0.462212
7274.160000 0.462448
7274.670000 0.46021
7275.180000 0.461424
7275.690000 0.460707
7276.200000 0.460887
7276.700000 0.461748
7277.210000 0.460497
7277.720000 0.461975
7278.230000 0.46057
7278.740000 0.46065
7279.250000 0.461016
7279.750000 0.460007
7280.260000 0.459355
7280.770000 0.460986
7281.270000 0.461086
7281.780000 0.459766
7282.290000 0.459034
7282.800000 0.459679
7283.300000 0.460371
7283.810000 0.458983
7284.310000 0.459861
7284.820000 0.460446
7285.330000 0.460043
7285.830000 0.458998
7286.340000 0.459387
7286.840000 0.459275
7287.350000 0.459345
7287.850000 0.458954
7288.360000 0.459507
7288.860000 0.458897
7289.370000 0.45809
7289.870000 0.458014
7290.380000 0.458713
7290.880000 0.458593
7291.390000 0.458663
7291.890000 0.457691
7292.390000 0.458333
7292.900000 0.458582
7293.400000 0.458562
7293.900000 0.458069
7294.410000 0.458081
7294.910000 0.458306
7295.410000 0.458012
7295.920000 0.458287
7296.420000 0.45841
7296.920000 0.458214
7297.420000 0.45838
7297.930000 0.458152
7298.430000 0.458027
7298.930000 0.458834
7299.430000 0.456487
7299.930000 0.457206
7300.430000 0.457465
7300.930000 0.457532
7301.440000 0.458389
7301.940000 0.45793
7302.440000 0.458308
7302.940000 0.457298
7303.440000 0.456623
7303.940000 0.459272
7304.440000 0.456812
7304.940000 0.457951
7305.440000 0.458875
7305.940000 0.457836
7306.440000 0.457837
7306.940000 0.458427
7307.440000 0.457329
7307.930000 0.458692
7308.430000 0.458574
7308.930000 0.458101
7309.430000 0.457856
7309.930000 0.45761
7310.430000 0.457606
7310.920000 0.456939
7311.420000 0.458405
7311.920000 0.458136
7312.420000 0.458755
7312.920000 0.458714
7313.410000 0.459554
7313.910000 0.458694
7314.410000 0.458255
7314.900000 0.458519
7315.400000 0.45857
7315.900000 0.460516
7316.390000 0.459135
7316.890000 0.457816
7317.380000 0.459543
7317.880000 0.458373
7318.380000 0.459913
7318.870000 0.459209
7319.370000 0.460403
7319.860000 0.460763
7320.360000 0.46144
7320.850000 0.459546
7321.350000 0.460888
7321.840000 0.458961
7322.340000 0.459922
7322.830000 0.459985
7323.320000 0.459982
7323.820000 0.460359
7324.310000 0.45952
7324.810000 0.459945
7325.300000 0.459909
7325.790000 0.460357
7326.290000 0.46151
7326.780000 0.461397
7327.270000 0.460908
7327.760000 0.460254
7328.260000 0.460803
7328.750000 0.461101
7329.240000 0.460757
7329.730000 0.46133
7330.220000 0.460264
7330.720000 0.462849
7331.210000 0.462331
7331.700000 0.460334
7332.190000 0.46224
7332.680000 0.461054
7333.170000 0.461317
7333.660000 0.461318
7334.150000 0.462341
7334.640000 0.46206
7335.130000 0.462305
7335.620000 0.46288
7336.110000 0.463192
7336.600000 0.463659
7337.090000 0.464748
7337.580000 0.46205
7338.070000 0.463322
7338.560000 0.461645
7339.050000 0.462837
7339.540000 0.464327
7340.030000 0.462816
7340.520000 0.463588
7341.000000 0.464437
7341.490000 0.463328
7341.980000 0.463398
7342.470000 0.463362
7342.960000 0.464066
7343.440000 0.463563
7343.930000 0.463547
7344.420000 0.464498
7344.900000 0.463947
7345.390000 0.46371
7345.880000 0.464489
7346.360000 0.464088
7346.850000 0.465512
7347.340000 0.463743
7347.820000 0.464013
7348.310000 0.465592
7348.790000 0.464999
7349.280000 0.464353
7349.760000 0.46518
7350.250000 0.466234
7350.730000 0.465083
7351.220000 0.465824
7351.700000 0.465723
7352.190000 0.466349
7352.670000 0.466006
7353.160000 0.465937
7353.640000 0.466377
7354.130000 0.465368
7354.610000 0.464963
7355.090000 0.466312
7355.580000 0.466696
7356.060000 0.465777
7356.540000 0.466668
7357.020000 0.466134
7357.510000 0.467117
7357.990000 0.466921
7358.470000 0.467071
7358.950000 0.467044
7359.440000 0.465769
7359.920000 0.467465
7360.400000 0.467413
7360.880000 0.465676
7361.360000 0.467925
7361.840000 0.466349
7362.330000 0.465821
7362.810000 0.467772
7363.290000 0.467536
7363.770000 0.466754
7364.250000 0.467608
7364.730000 0.46802
7365.210000 0.466441
7365.690000 0.468222
7366.170000 0.467559
7366.650000 0.467465
7367.130000 0.467988
7367.610000 0.468613
7368.080000 0.468303
7368.560000 0.468487
7369.040000 0.469003
7369.520000 0.467911
7370.000000 0.468826
7370.480000 0.469739
7370.960000 0.46882
7371.430000 0.468104
7371.910000 0.469333
7372.390000 0.467626
7372.870000 0.468226
7373.340000 0.468521
7373.820000 0.468198
7374.300000 0.468232
7374.770000 0.468282
7375.250000 0.468202
7375.730000 0.469172
7376.200000 0.468408
7376.680000 0.469684
7377.150000 0.469916
7377.630000 0.469894
7378.110000 0.469449
7378.580000 0.468318
7379.060000 0.469083
7379.530000 0.470015
7380.010000 0.468697
7380.480000 0.470087
7380.950000 0.469318
7381.430000 0.469581
7381.900000 0.469945
7382.380000 0.469075
7382.850000 0.470617
7383.320000 0.468084
7383.800000 0.470656
7384.270000 0.470656
7384.740000 0.468977
7385.220000 0.469217
7385.690000 0.470722
7386.160000 0.47013
7386.640000 0.469537
7387.110000 0.47092
7387.580000 0.470717
7388.050000 0.470808
7388.520000 0.470912
7388.990000 0.46914
7389.470000 0.469947
7389.940000 0.471574
7390.410000 0.469122
7390.880000 0.469686
7391.350000 0.469983
7391.820000 0.469794
7392.290000 0.470432
7392.760000 0.470739
7393.230000 0.470829
7393.700000 0.47039
7394.170000 0.470664
7394.640000 0.4699
7395.110000 0.470076
7395.580000 0.470495
7396.050000 0.471246
7396.520000 0.471949
7396.990000 0.469833
7397.450000 0.470751
7397.920000 0.470213
7398.390000 0.470152
7398.860000 0.469771
7399.330000 0.470538
7399.790000 0.471031
7400.260000 0.471042
7400.730000 0.470341
7401.200000 0.470225
7401.660000 0.470458
7402.130000 0.471409
7402.600000 0.469771
7403.060000 0.470021
7403.530000 0.470209
7403.990000 0.469742
7404.460000 0.46998
7404.930000 0.471046
7405.390000 0.471009
7405.860000 0.469919
7406.320000 0.471172
7406.790000 0.469333
7407.250000 0.470794
7407.720000 0.470381
7408.180000 0.468906
7408.650000 0.4697
7409.110000 0.47011
7409.570000 0.471342
7410.040000 0.470951
7410.500000 0.471031
7410.960000 0.46969
7411.430000 0.470033
7411.890000 0.47095
7412.350000 0.469844
7412.820000 0.469143
7413.280000 0.469163
7413.740000 0.471074
7414.200000 0.470489
7414.670000 0.469663
7415.130000 0.469788
7415.590000 0.471187
7416.050000 0.469088
7416.510000 0.470148
7416.970000 0.468448
7417.430000 0.469446
7417.900000 0.469273
7418.360000 0.46987
7418.820000 0.468611
7419.280000 0.470934
7419.740000 0.470026
7420.200000 0.469491
7420.660000 0.469051
7421.120000 0.468994
7421.580000 0.468995
7422.030000 0.469309
7422.490000 0.468461
7422.950000 0.468912
7423.410000 0.46888
7423.870000 0.468271
7424.330000 0.469189
7424.790000 0.468691
7425.240000 0.470452
7425.700000 0.467624
7426.160000 0.469158
7426.620000 0.469199
7427.070000 0.467889
7427.530000 0.467136
7427.990000 0.469197
7428.450000 0.468568
7428.900000 0.468176
7429.360000 0.468354
7429.810000 0.467864
7430.270000 0.468146
7430.730000 0.468775
7431.180000 0.468141
7431.640000 0.468155
7432.090000 0.467569
7432.550000 0.467809
7433.000000 0.467586
7433.460000 0.468271
7433.910000 0.466594
7434.370000 0.468502
7434.820000 0.468789
7435.280000 0.468501
7435.730000 0.467578
7436.180000 0.467533
7436.640000 0.465579
7437.090000 0.466801
7437.540000 0.46857
7438.000000 0.467676
7438.450000 0.468651
7438.900000 0.46774
7439.350000 0.468097
7439.810000 0.466055
7440.260000 0.467369
7440.710000 0.467688
7441.160000 0.466169
7441.610000 0.466989
7442.060000 0.466845
7442.520000 0.466306
7442.970000 0.467908
7443.420000 0.467135
7443.870000 0.469046
7444.320000 0.466563
7444.770000 0.465989
7445.220000 0.466078
7445.670000 0.466123
7446.120000 0.46566
7446.570000 0.465485
7447.020000 0.466441
7447.470000 0.466226
7447.920000 0.466268
7448.370000 0.466157
7448.810000 0.464763
7449.260000 0.466982
7449.710000 0.467338
7450.160000 0.465978
7450.610000 0.465828
7451.300000 0.466996
7451.820000 0.466304
7452.340000 0.466102
7452.860000 0.468388
7453.380000 0.467367
7453.900000 0.467327
7454.420000 0.467743
7454.940000 0.467287
7455.460000 0.467214
7455.980000 0.466761
7456.500000 0.466007
7457.020000 0.46659
7457.540000 0.467247
7458.060000 0.46711
7458.570000 0.466343
7459.090000 0.466229
7459.610000 0.466086
7460.130000 0.465804
7460.650000 0.466031
7461.170000 0.46664
7461.690000 0.465491
7462.210000 0.466919
7462.720000 0.465635
7463.240000 0.466887
7463.760000 0.465942
7464.280000 0.467484
7464.800000 0.467814
7465.310000 0.466007
7465.830000 0.465161
7466.350000 0.466219
7466.860000 0.46699
7467.380000 0.4652
7467.900000 0.465927
7468.420000 0.466475
7468.930000 0.46717
7469.450000 0.464303
7469.970000 0.46541
7470.480000 0.466105
7471.000000 0.466693
7471.510000 0.464483
7472.030000 0.465668
7472.550000 0.465646
7473.060000 0.466282
7473.580000 0.466033
7474.090000 0.466023
7474.610000 0.46481
7475.120000 0.466283
7475.640000 0.46661
7476.150000 0.465707
7476.670000 0.464975
7477.180000 0.466087
7477.700000 0.466371
7478.210000 0.465459
7478.730000 0.464829
7479.240000 0.465238
7479.760000 0.465678
7480.270000 0.463377
7480.780000 0.465935
7481.300000 0.465549
7481.810000 0.464226
7482.330000 0.464939
7482.840000 0.464564
7483.350000 0.465165
7483.870000 0.464654
7484.380000 0.464589
7484.890000 0.46556
7485.400000 0.465
7485.920000 0.465127
7486.430000 0.465341
7486.940000 0.464416
7487.450000 0.465395
7487.970000 0.464179
7488.480000 0.465099
7488.990000 0.463652
7489.500000 0.464663
7490.010000 0.464784
7490.530000 0.463612
7491.040000 0.463602
7491.550000 0.465199
7492.060000 0.464383
7492.570000 0.464013
7493.080000 0.464947
7493.590000 0.463683
7494.100000 0.464832
7494.610000 0.463781
7495.120000 0.463566
7495.640000 0.463897
7496.150000 0.464675
7496.660000 0.465106
7497.170000 0.463624
7497.680000 0.46369
7498.190000 0.464036
7498.690000 0.463744
7499.200000 0.46353
7499.710000 0.464644
7500.220000 0.464174
7500.730000 0.463337
7501.240000 0.462655
7501.750000 0.464481
7502.260000 0.463802
7502.770000 0.465122
7503.280000 0.463469
7503.780000 0.464278
7504.290000 0.463929
7504.800000 0.462956
7505.310000 0.465108
7505.820000 0.462698
7506.320000 0.464297
7506.830000 0.463633
7507.340000 0.46273
7507.850000 0.463021
7508.350000 0.463727
7508.860000 0.462859
7509.370000 0.464108
7509.870000 0.462727
7510.380000 0.463809
7510.890000 0.463636
7511.390000 0.464183
7511.900000 0.463259
7512.410000 0.463491
7512.910000 0.463861
7513.420000 0.463655
7513.920000 0.462266
7514.430000 0.463201
7514.940000 0.462794
7515.440000 0.463031
7515.950000 0.46299
7516.450000 0.462921
7516.960000 0.461916
7517.460000 0.463255
7517.970000 0.463069
7518.470000 0.462392
7518.980000 0.463623
7519.480000 0.462329
7519.980000 0.463356
7520.490000 0.462852
7520.990000 0.46221
7521.500000 0.462607
7522.000000 0.46185
7522.500000 0.462178
7523.010000 0.461929
7523.510000 0.462444
7524.010000 0.462774
7524.520000 0.46219
7525.020000 0.462055
7525.520000 0.463416
7526.030000 0.461993
7526.530000 0.46197
7527.030000 0.461357
7527.530000 0.461431
7528.030000 0.462156
7528.540000 0.461875
7529.040000 0.461886
7529.540000 0.460882
7530.040000 0.462238
7530.540000 0.461377
7531.040000 0.46087
7531.550000 0.460921
7532.050000 0.462224
7532.550000 0.461492
7533.050000 0.461594
7533.550000 0.460178
7534.050000 0.461026
7534.550000 0.460507
7535.050000 0.46217
7535.550000 0.461395
7536.050000 0.460388
7536.550000 0.461602
7537.050000 0.460356
7537.550000 0.46
7538.050000 0.461241
7538.550000 0.461269
7539.050000 0.460561
7539.550000 0.459649
7540.050000 0.4604
7540.550000 0.460662
7541.040000 0.460285
7541.540000 0.460706
7542.040000 0.46131
7542.540000 0.458975
7543.040000 0.458903
7543.540000 0.460643
7544.030000 0.459487
7544.530000 0.460697
7545.030000 0.458695
7545.530000 0.459881
7546.020000 0.458302
7546.520000 0.459983
7547.020000 0.45996
7547.520000 0.458631
7548.010000 0.459462
7548.510000 0.46025
7549.010000 0.459938
7549.500000 0.459207
7550.000000 0.457346
7550.500000 0.45842
7550.990000 0.459177
7551.490000 0.458746
7551.980000 0.458647
7552.480000 0.458432
7552.970000 0.459379
7553.470000 0.458204
7553.960000 0.458234
7554.460000 0.458982
7554.950000 0.459506
7555.450000 0.457746
7555.940000 0.459049
7556.440000 0.458418
7556.930000 0.458486
7557.430000 0.457575
7557.920000 0.456991
7558.420000 0.456639
7558.910000 0.45719
7559.400000 0.457987
7559.900000 0.456258
7560.390000 0.457121
7560.880000 0.45732
7561.380000 0.45821
7561.870000 0.456673
7562.360000 0.456578
7562.860000 0.457411
7563.350000 0.457414
7563.840000 0.456629
7564.330000 0.456476
7564.830000 0.457114
7565.320000 0.456005
7565.810000 0.45745
7566.300000 0.456698
7566.790000 0.455506
7567.280000 0.456329
7567.780000 0.455475
7568.270000 0.454885
7568.760000 0.456993
7569.250000 0.455361
7569.740000 0.4562
7570.230000 0.456218
7570.720000 0.455207
7571.210000 0.456833
7571.700000 0.45543
7572.190000 0.456004
7572.680000 0.455736
7573.170000 0.45463
7573.660000 0.454925
7574.150000 0.455531
7574.640000 0.455182
7575.130000 0.455591
7575.620000 0.455631
7576.110000 0.455007
7576.600000 0.454941
7577.090000 0.453834
7577.570000 0.454085
7578.060000 0.453546
7578.550000 0.453418
7579.040000 0.454025
7579.530000 0.454683
7580.020000 0.453287
7580.500000 0.453001
7580.990000 0.453844
7581.480000 0.454815
7581.970000 0.454031
7582.450000 0.454552
7582.940000 0.452727
7583.430000 0.453262
7583.910000 0.452813
7584.400000 0.452102
7584.890000 0.453117
7585.370000 0.453754
7585.860000 0.452702
7586.350000 0.452967
7586.830000 0.453372
7587.320000 0.452671
7587.800000 0.452699
7588.290000 0.454073
7588.770000 0.452531
7589.260000 0.452352
7589.740000 0.453293
7590.230000 0.454039
7590.710000 0.45269
7591.200000 0.451889
7591.680000 0.452008
7592.170000 0.453498
7592.650000 0.452673
7593.130000 0.451036
7593.620000 0.451546
7594.100000 0.451466
7594.590000 0.452566
7595.070000 0.450258
7595.550000 0.451008
7596.040000 0.450831
7596.520000 0.451037
7597.000000 0.451672
7597.480000 0.450498
7597.970000 0.450615
7598.450000 0.44999
7598.930000 0.450362
7599.410000 0.451217
7599.900000 0.450427
7600.380000 0.450052
7600.860000 0.450151
7601.340000 0.45015
7601.820000 0.450612
7602.300000 0.450861
7602.790000 0.450224
7603.270000 0.449533
7603.750000 0.449549
7604.230000 0.449866
7604.710000 0.449245
7605.190000 0.449499
7605.670000 0.450581
7606.150000 0.449405
7606.630000 0.447849
7607.110000 0.450638
7607.590000 0.448949
7608.070000 0.449229
7608.550000 0.448009
7609.030000 0.449246
7609.510000 0.447664
7609.990000 0.448837
7610.460000 0.448879
7610.940000 0.447802
7611.420000 0.448212
7611.900000 0.448765
7612.380000 0.448242
7612.860000 0.447719
7613.330000 0.449218
7613.810000 0.447384
7614.290000 0.448672
7614.770000 0.447379
7615.240000 0.448105
7615.720000 0.447378
7616.200000 0.447003
7616.680000 0.447435
7617.150000 0.446388
7617.630000 0.446991
7618.110000 0.446572
7618.580000 0.44678
7619.060000 0.446159
7619.530000 0.446267
7620.010000 0.44595
7620.490000 0.446105
7620.960000 0.445611
7621.440000 0.445459
7621.910000 0.446194
7622.390000 0.445842
7622.860000 0.445599
7623.340000 0.446047
7623.810000 0.44495
7624.290000 0.44564
7624.760000 0.445061
7625.240000 0.44508
7625.710000 0.445362
7626.180000 0.444674
7626.660000 0.445042
7627.130000 0.444629
7627.600000 0.445247
7628.080000 0.444906
7628.550000 0.445216
7629.020000 0.443875
7629.500000 0.445195
7629.970000 0.443984
7630.440000 0.444077
7630.910000 0.443714
7631.390000 0.443903
7631.860000 0.44258
7632.330000 0.444095
7632.800000 0.444101
7633.270000 0.442701
7633.750000 0.443679
7634.220000 0.443807
7634.690000 0.442584
7635.160000 0.441998
7635.630000 0.442467
7636.100000 0.443175
7636.570000 0.443183
7637.040000 0.442802
7637.510000 0.442843
7637.980000 0.44252
7638.450000 0.442612
7638.920000 0.443492
7639.390000 0.441199
7639.860000 0.442147
7640.330000 0.441474
7640.800000 0.440624
7641.270000 0.443115
7641.740000 0.442534
7642.210000 0.440461
7642.680000 0.442356
7643.140000 0.441551
7643.610000 0.441794
7644.080000 0.441536
7644.550000 0.441084
7645.020000 0.440327
7645.490000 0.44109
7645.950000 0.440451
7646.420000 0.440634
7646.890000 0.440661
7647.350000 0.442545
7647.820000 0.440334
7648.290000 0.440666
7648.750000 0.440867
7649.220000 0.439489
7649.690000 0.44063
7650.150000 0.439625
7650.620000 0.439434
7651.090000 0.439562
7651.550000 0.438097
7652.020000 0.439971
7652.480000 0.438905
7652.950000 0.438658
7653.410000 0.439749
7653.880000 0.440148
7654.340000 0.43813
7654.810000 0.438581
7655.270000 0.438821
7655.740000 0.438591
7656.200000 0.438756
7656.660000 0.438508
7657.130000 0.438457
7657.590000 0.437366
7658.060000 0.437352
7658.520000 0.437937
7658.980000 0.438141
7659.450000 0.437554
7659.910000 0.438372
7660.370000 0.437632
7660.830000 0.438105
7661.300000 0.437582
7661.760000 0.436589
7662.220000 0.436509
7662.680000 0.437566
7663.140000 0.437123
7663.610000 0.436977
7664.070000 0.436946
7664.530000 0.435959
7664.990000 0.436954
7665.450000 0.436208
7665.910000 0.43592
7666.370000 0.436784
7666.830000 0.435473
7667.290000 0.435248
7667.750000 0.435733
7668.210000 0.436784
7668.670000 0.435994
7669.130000 0.435981
7669.590000 0.436757
7670.050000 0.435035
7670.510000 0.4355
7670.970000 0.435178
7671.430000 0.434644
7671.890000 0.434526
7672.350000 0.434185
7672.810000 0.435872
7673.270000 0.434477
7673.720000 0.434132
7674.180000 0.434698
7674.640000 0.435274
7675.100000 0.434231
7675.550000 0.434312
7676.010000 0.434438
7676.470000 0.434329
7676.930000 0.433896
7677.380000 0.435104
7677.840000 0.433477
7678.300000 0.433263
7678.750000 0.434058
7679.210000 0.433531
7679.670000 0.433466
7680.120000 0.432326
7680.580000 0.433208
7681.030000 0.4335
7681.490000 0.433372
7681.940000 0.43329
7682.400000 0.432584
7682.850000 0.43241
7683.310000 0.432756
7683.760000 0.433722
7684.220000 0.433079
7684.670000 0.432097
7685.130000 0.432283
7685.580000 0.432634
7686.030000 0.432356
7686.490000 0.432581
7686.940000 0.433216
7687.400000 0.432772
7687.850000 0.431565
7688.300000 0.432377
7688.750000 0.431767
7689.210000 0.430349
7689.660000 0.430717
7690.110000 0.432394
7690.560000 0.431579
7691.020000 0.429969
7691.470000 0.430741
7691.920000 0.431035
7692.370000 0.430383
7692.820000 0.431453
7693.270000 0.431051
7693.730000 0.431193
7694.180000 0.430674
7694.630000 0.430861
7695.080000 0.430216
7695.530000 0.43026
7695.980000 0.430116
7696.430000 0.430176
7696.880000 0.430781
7697.330000 0.430772
7697.780000 0.429979
7698.230000 0.429967
7698.680000 0.429516
7699.130000 0.430121
7699.580000 0.429822
7700.030000 0.429433
7700.470000 0.429453
7700.920000 0.430181
7701.370000 0.43038
7701.820000 0.429551
7702.270000 0.428838
7702.710000 0.429804
7703.160000 0.429717
7703.610000 0.427902
7704.060000 0.429097
7704.500000 0.428853
7704.950000 0.429576
7705.400000 0.42927
7705.850000 0.428693
7706.290000 0.428611
7706.740000 0.427741
7707.180000 0.428954
7707.630000 0.428815
7708.080000 0.428224
7708.520000 0.429414
7708.970000 0.427187
7709.410000 0.427593
7709.860000 0.428089
7710.300000 0.428005
7710.750000 0.428242
7711.190000 0.427689
7711.640000 0.42644
7712.080000 0.428192
7712.530000 0.427631
7712.970000 0.427786
7713.410000 0.427752
7713.860000 0.428917
7714.300000 0.428772
7714.750000 0.42683
7715.190000 0.426861
7715.630000 0.428435
7716.070000 0.426815
7716.520000 0.42701
7716.960000 0.427281
7717.400000 0.426278
7717.840000 0.427338
7718.290000 0.426662
7718.730000 0.426218
7719.170000 0.425748
7719.610000 0.427546
7720.050000 0.42703
7720.490000 0.426925
7720.940000 0.426381
7721.380000 0.425677
7721.820000 0.425423
7722.260000 0.427191
7722.700000 0.42617
7723.140000 0.426972
7723.580000 0.425844
7724.020000 0.426429
7724.460000 0.426045
7724.900000 0.424071
7725.340000 0.426353
7725.780000 0.425877
7726.220000 0.425356
7726.650000 0.425247
7727.090000 0.425826
7727.530000 0.425692
7727.970000 0.425364
7728.410000 0.426044
7728.850000 0.426612
7729.280000 0.426483
7729.720000 0.425508
7730.160000 0.424779
7730.600000 0.424883
7731.030000 0.424946
7731.470000 0.425755
7731.910000 0.425145
7732.340000 0.424186
7732.780000 0.42583
7733.220000 0.424712
7733.650000 0.425727
7734.090000 0.424514
7734.520000 0.426007
7734.960000 0.425522
7735.400000 0.425485
7735.830000 0.425312
7736.270000 0.424619
7736.700000 0.424765
7737.140000 0.425281
7737.570000 0.424974
7738.010000 0.424161
7738.440000 0.424448
7738.870000 0.425526
7739.310000 0.424069
7739.740000 0.42314
7740.180000 0.424428
7740.610000 0.424612
7741.040000 0.424109
7741.480000 0.425186
7741.910000 0.424973
7742.340000 0.424784
7742.770000 0.424423
7743.210000 0.424919
7743.640000 0.423919
7744.070000 0.424862
7744.500000 0.425074
7744.930000 0.425892
7745.370000 0.423848
7745.800000 0.42379
7746.230000 0.424006
7746.660000 0.424624
7747.090000 0.425636
7747.520000 0.424059
7747.950000 0.423967
7748.380000 0.424773
7748.810000 0.425028
7749.240000 0.425141
7749.670000 0.4228
7750.100000 0.425589
7750.530000 0.424514
7750.960000 0.424483
7751.390000 0.424174
7751.820000 0.42501
7752.250000 0.423188
7752.680000 0.424486
7753.100000 0.424279
7753.530000 0.424504
7753.960000 0.424194
7754.390000 0.424838
7754.820000 0.424936
7755.240000 0.424497
7755.670000 0.424194
7756.100000 0.424444
7756.530000 0.425271
7756.950000 0.424332
7757.380000 0.424024
7757.810000 0.423168
7758.230000 0.424485
7758.660000 0.424957
7759.080000 0.425052
7759.510000 0.424333
7759.940000 0.423675
7760.360000 0.424216
7760.790000 0.423886
7761.210000 0.423324
7761.640000 0.423101
7762.060000 0.424529
7762.490000 0.423032
7762.910000 0.42316
7763.330000 0.424637
7763.760000 0.423849
7764.180000 0.424539
7764.610000 0.424321
7765.030000 0.423288
7765.450000 0.423184
7765.880000 0.424922
7766.300000 0.423915
7766.720000 0.424116
7767.140000 0.424353
7767.570000 0.424514
7767.990000 0.424454
7768.410000 0.422943
7768.830000 0.423217
7769.260000 0.423103
7769.680000 0.423625
7770.100000 0.426346
7770.520000 0.423418
7770.940000 0.423428
7771.360000 0.42367
7771.780000 0.423136
7772.130000 0.424187
7772.610000 0.425326
7773.090000 0.424801
7773.580000 0.425478
7774.060000 0.424289
7774.540000 0.425144
7775.020000 0.425646
7775.500000 0.425207
7775.980000 0.424349
7776.460000 0.424018
7776.940000 0.424624
7777.420000 0.423838
7777.900000 0.424103
7778.380000 0.424673
7778.860000 0.423401
7779.340000 0.424686
7779.820000 0.42325
7780.300000 0.423749
7780.780000 0.424287
7781.260000 0.424558
7781.740000 0.424963
7782.220000 0.42475
7782.700000 0.424255
7783.180000 0.425313
7783.660000 0.424464
7784.140000 0.423513
7784.620000 0.42307
7785.100000 0.423895
7785.570000 0.424926
7786.050000 0.423565
7786.530000 0.422087
7787.010000 0.424106
7787.490000 0.423233
7787.960000 0.424002
7788.440000 0.424475
7788.920000 0.423393
7789.400000 0.424221
7789.870000 0.422453
7790.350000 0.423441
7790.830000 0.423582
7791.300000 0.423568
7791.780000 0.423334
7792.260000 0.422701
7792.730000 0.422795
7793.210000 0.424073
7793.690000 0.424693
7794.160000 0.423215
7794.640000 0.423894
7795.110000 0.423337
7795.590000 0.422869
7796.070000 0.423
7796.540000 0.422393
7797.020000 0.423559
7797.490000 0.421628
7797.970000 0.42228
7798.440000 0.423915
7798.920000 0.423742
7799.390000 0.422549
7799.870000 0.422215
7800.340000 0.422535
7800.810000 0.421991
7801.290000 0.422432
7801.760000 0.421277
7802.240000 0.422499
7802.710000 0.42147
7803.180000 0.422202
7803.660000 0.422063
7804.130000 0.42224
7804.600000 0.42152
7805.080000 0.421665
7805.550000 0.421333
7806.020000 0.420479
7806.500000 0.421211
7806.970000 0.421597
7807.440000 0.420635
7807.910000 0.420742
7808.390000 0.421063
7808.860000 0.419063
7809.330000 0.419531
7809.800000 0.419105
7810.270000 0.420572
7810.740000 0.420817
7811.220000 0.420363
7811.690000 0.41939
7812.160000 0.418802
7812.630000 0.419856
7813.100000 0.419148
7813.570000 0.418778
7814.040000 0.418118
7814.510000 0.418566
7814.980000 0.417962
7815.450000 0.418022
7815.920000 0.419549
7816.390000 0.418117
7816.860000 0.418284
7817.330000 0.417254
7817.800000 0.41818
7818.270000 0.418077
7818.740000 0.417765
7819.210000 0.418458
7819.680000 0.417267
7820.150000 0.416485
7820.620000 0.416454
7821.080000 0.416671
7821.550000 0.415222
7822.020000 0.416611
7822.490000 0.417712
7822.960000 0.416275
7823.420000 0.414665
7823.890000 0.415232
7824.360000 0.414623
7824.830000 0.414785
7825.300000 0.414989
7825.760000 0.414443
7826.230000 0.414524
7826.700000 0.414525
7827.160000 0.414142
7827.630000 0.413721
7828.100000 0.414481
7828.560000 0.413043
7829.030000 0.414442
7829.500000 0.413711
7829.960000 0.412533
7830.430000 0.41178
7830.890000 0.412462
7831.360000 0.412836
7831.820000 0.411965
7832.290000 0.411931
7832.750000 0.410575
7833.220000 0.411605
7833.680000 0.411633
7834.150000 0.410771
7834.610000 0.410996
7835.080000 0.410936
7835.540000 0.409906
7836.010000 0.410462
7836.470000 0.410053
7836.940000 0.410707
7837.400000 0.407949
7837.860000 0.408592
7838.330000 0.409721
7838.790000 0.410023
7839.250000 0.408124
7839.720000 0.408289
7840.180000 0.408979
7840.640000 0.408871
7841.110000 0.407762
7841.570000 0.408147
7842.030000 0.407123
7842.490000 0.407367
7842.950000 0.408204
7843.420000 0.406937
7843.880000 0.406798
7844.340000 0.406698
7844.800000 0.405769
7845.260000 0.406069
7845.720000 0.405579
7846.190000 0.40574
7846.650000 0.40526
7847.110000 0.405607
7847.570000 0.405575
7848.030000 0.405135
7848.490000 0.404221
7848.950000 0.403968
7849.410000 0.403993
7849.870000 0.403807
7850.330000 0.404382
7850.790000 0.403382
7851.250000 0.404223
7851.710000 0.403673
7852.170000 0.4035
7852.630000 0.402973
7853.090000 0.402673
7853.550000 0.402012
7854.010000 0.402125
7854.460000 0.402879
7854.920000 0.402017
7855.380000 0.403021
7855.840000 0.401377
7856.300000 0.400856
7856.760000 0.401788
7857.210000 0.400727
7857.670000 0.400285
7858.130000 0.400694
7858.590000 0.39994
7859.040000 0.401126
7859.500000 0.401029
7859.960000 0.400156
7860.410000 0.399613
7860.870000 0.399334
7861.330000 0.399732
7861.780000 0.398315
7862.240000 0.398893
7862.700000 0.399253
7863.150000 0.397995
7863.610000 0.398797
7864.060000 0.397988
7864.520000 0.398335
7864.970000 0.398081
7865.430000 0.396988
7865.890000 0.397416
7866.340000 0.397452
7866.800000 0.397742
7867.250000 0.396976
7867.700000 0.397687
7868.160000 0.396407
7868.610000 0.398051
7869.070000 0.396523
7869.520000 0.396479
7869.980000 0.395466
7870.430000 0.396658
7870.880000 0.395749
7871.340000 0.395484
7871.790000 0.393551
7872.240000 0.395522
7872.700000 0.394039
7873.150000 0.395566
7873.600000 0.394073
7874.050000 0.394361
7874.510000 0.394558
7874.960000 0.395109
7875.410000 0.393712
7875.860000 0.394171
7876.310000 0.395125
7876.770000 0.393325
7877.220000 0.392836
7877.670000 0.393784
7878.120000 0.393634
7878.570000 0.393381
7879.020000 0.39276
7879.470000 0.39254
7879.920000 0.391527
7880.370000 0.391477
7880.820000 0.393019
7881.270000 0.392082
7881.720000 0.392944
7882.170000 0.391719
7882.620000 0.392114
7883.070000 0.391669
7883.520000 0.390987
7883.970000 0.391587
7884.420000 0.391516
7884.870000 0.392353
7885.320000 0.392203
7885.770000 0.391699
7886.220000 0.390812
7886.670000 0.39082
7887.110000 0.391005
7887.560000 0.390919
7888.010000 0.392921
7888.460000 0.390435
7888.910000 0.391354
7889.350000 0.389738
7889.800000 0.390305
7890.250000 0.391207
7890.700000 0.39022
7891.140000 0.390774
7891.590000 0.389973
7892.040000 0.39068
7892.480000 0.389261
7892.930000 0.391326
7893.370000 0.391382
7893.820000 0.390455
7894.270000 0.389662
7894.710000 0.389776
7895.160000 0.390956
7895.600000 0.388946
7896.050000 0.389754
7896.490000 0.389818
7896.940000 0.389993
7897.380000 0.39038
7897.830000 0.38948
7898.270000 0.388469
7898.720000 0.389362
7899.160000 0.388754
7899.610000 0.388987
7900.050000 0.388237
7900.490000 0.388882
7900.940000 0.388576
7901.380000 0.38882
7901.830000 0.38911
7902.270000 0.388607
7902.710000 0.388671
7903.150000 0.389366
7903.600000 0.388804
7904.040000 0.389834
7904.480000 0.387533
7904.920000 0.388076
7905.370000 0.389081
7905.810000 0.38854
7906.250000 0.389019
7906.690000 0.387972
7907.130000 0.388704
7907.580000 0.388185
7908.020000 0.388511
7908.460000 0.38803
7908.900000 0.388013
7909.340000 0.387777
7909.780000 0.387645
7910.220000 0.38816
7910.660000 0.388265
7911.100000 0.388763
7911.540000 0.388108
7911.980000 0.387914
7912.420000 0.388183
7912.860000 0.387953
7913.300000 0.387046
7913.740000 0.387703
7914.180000 0.387957
7914.620000 0.388387
7915.060000 0.388292
7915.500000 0.386408
7915.930000 0.387334
7916.370000 0.387704
7916.810000 0.387798
7917.250000 0.387907
7917.690000 0.388022
7918.120000 0.387776
7918.560000 0.388043
7919.000000 0.387537
7919.440000 0.389112
7919.870000 0.387576
7920.310000 0.387708
7920.750000 0.388311
7921.180000 0.38709
7921.620000 0.387656
7922.060000 0.387588
7922.490000 0.387159
7922.930000 0.38741
7923.370000 0.388307
7923.800000 0.387057
7924.240000 0.386606
7924.670000 0.386941
7925.110000 0.38886
7925.540000 0.38678
7925.980000 0.387398
7926.410000 0.388022
7926.850000 0.386784
7927.280000 0.387693
7927.720000 0.386652
7928.150000 0.387913
7928.590000 0.385463
7929.020000 0.387371
7929.450000 0.388238
7929.890000 0.386798
7930.320000 0.387688
7930.750000 0.386721
7931.190000 0.387013
7931.620000 0.386465
7932.050000 0.387808
7932.480000 0.386873
7932.920000 0.387074
7933.350000 0.387379
7933.780000 0.388089
7934.210000 0.38747
7934.650000 0.387281
7935.080000 0.386563
7935.510000 0.387787
7935.940000 0.387352
7936.370000 0.386558
7936.800000 0.387445
7937.230000 0.388477
7937.660000 0.38618
7938.100000 0.38718
7938.530000 0.388265
7938.960000 0.386665
7939.390000 0.388386
7939.820000 0.387551
7940.250000 0.386158
7940.680000 0.387292
7941.110000 0.387957
7941.530000 0.387705
7941.960000 0.38678
7942.390000 0.386799
7942.820000 0.38628
7943.250000 0.386843
7943.680000 0.387906
7944.110000 0.386334
7944.540000 0.387457
7944.960000 0.387667
7945.390000 0.387204
7945.820000 0.386663
7946.250000 0.389217
7946.670000 0.386836
7947.100000 0.386326
7947.530000 0.385817
7947.960000 0.387616
7948.380000 0.387086
7948.810000 0.387476
7949.240000 0.386361
7949.660000 0.387131
7950.090000 0.386261
7950.510000 0.385761
7950.940000 0.385366
7951.370000 0.386902
7951.790000 0.386018
7952.220000 0.38756
7952.640000 0.386423
7953.070000 0.3872
7953.490000 0.387258
7953.920000 0.386546
7954.340000 0.386054
7954.770000 0.38701
7955.190000 0.387505
7955.610000 0.386994
7956.040000 0.386183
7956.460000 0.386064
7956.890000 0.385688
7957.310000 0.386487
7957.730000 0.386479
7958.160000 0.3873
7958.580000 0.386933
7959.000000 0.386457
7959.420000 0.387848
7959.850000 0.386464
7960.270000 0.386064
7960.690000 0.385626
7961.110000 0.385683
7961.530000 0.386172
7961.960000 0.386269
7962.380000 0.386629
7962.800000 0.385793
7963.220000 0.385821
7963.640000 0.3868
7964.060000 0.386074
7964.480000 0.38654
7964.900000 0.387152
7965.320000 0.387564
7965.740000 0.385511
7966.160000 0.387183
7966.580000 0.385527
7967.000000 0.385946
7967.420000 0.386182
7967.840000 0.385222
7968.260000 0.385893
7968.680000 0.385965
7969.100000 0.385758
7969.520000 0.385773
7969.940000 0.386371
7970.360000 0.384398
7970.770000 0.384716
7971.190000 0.385907
7971.610000 0.385814
7972.030000 0.38585
7972.450000 0.385169
7972.860000 0.38544
7973.280000 0.385452
7973.700000 0.386009
7974.110000 0.38492
7974.530000 0.386016
7974.950000 0.385989
7975.360000 0.38613
7975.780000 0.384868
7976.200000 0.384697
7976.610000 0.384596
7977.030000 0.383871
7977.440000 0.385122
7977.860000 0.384396
7978.270000 0.384328
7978.690000 0.38432
7979.100000 0.384433
7979.520000 0.383475
7979.930000 0.383778
7980.350000 0.383724
7980.760000 0.383644
7981.180000 0.383892
7981.590000 0.384243
7982.000000 0.383932
7982.420000 0.384155
7982.830000 0.383326
7983.240000 0.385009
7983.660000 0.384464
7984.070000 0.383446
7984.480000 0.383075
7984.900000 0.384429
7985.310000 0.38436
7985.720000 0.383253
7986.130000 0.384416
7986.550000 0.383499
7986.830000 0.383561
7987.290000 0.38359
7987.740000 0.382381
7988.190000 0.383455
7988.650000 0.38258
7989.100000 0.382672
7989.560000 0.381786
7990.010000 0.382336
7990.460000 0.381523
7990.920000 0.382631
7991.370000 0.381631
7991.820000 0.381943
7992.280000 0.382057
7992.730000 0.382159
7993.180000 0.380938
7993.630000 0.381647
7994.090000 0.381533
7994.540000 0.382076
7994.990000 0.382191
7995.440000 0.38162
7995.890000 0.380475
7996.340000 0.381113
7996.800000 0.381167
7997.250000 0.381881
7997.700000 0.381736
7998.150000 0.380842
7998.600000 0.381416
7999.050000 0.381124
7999.500000 0.380764
7999.950000 0.380643
8000.400000 0.380201
8000.850000 0.380741
8001.300000 0.380756
8001.750000 0.381046
8002.200000 0.380199
8002.650000 0.379851
8003.100000 0.380338
8003.550000 0.380435
8004.000000 0.378875
8004.450000 0.380302
8004.900000 0.380325
8005.350000 0.379832
8005.800000 0.379501
8006.250000 0.38023
8006.700000 0.378955
8007.140000 0.379844
8007.590000 0.379211
8008.040000 0.379672
8008.490000 0.379684
8008.940000 0.379899
8009.380000 0.380155
8009.830000 0.379611
8010.280000 0.379667
8010.730000 0.378576
8011.170000 0.37942
8011.620000 0.379861
8012.070000 0.378752
8012.520000 0.378951
8012.960000 0.378198
8013.410000 0.378612
8013.850000 0.378619
8014.300000 0.378545
8014.750000 0.378356
8015.190000 0.377742
8015.640000 0.378774
8016.080000 0.377918
8016.530000 0.377424
8016.980000 0.37797
8017.420000 0.378699
8017.870000 0.377135
8018.310000 0.378265
8018.760000 0.378879
8019.200000 0.377894
8019.650000 0.377764
8020.090000 0.377427
8020.530000 0.377106
8020.980000 0.377959
8021.420000 0.376688
8021.870000 0.377699
8022.310000 0.377922
8022.750000 0.377853
8023.200000 0.377007
8023.640000 0.376622
8024.090000 0.376789
8024.530000 0.37658
8024.970000 0.378064
8025.410000 0.375633
8025.860000 0.377096
8026.300000 0.376842
8026.740000 0.378148
8027.180000 0.376275
8027.630000 0.376816
8028.070000 0.376137
8028.510000 0.376534
8028.950000 0.376795
8029.390000 0.376562
8029.840000 0.375846
8030.280000 0.376246
8030.720000 0.376471
8031.160000 0.375721
8031.600000 0.376395
8032.040000 0.376069
8032.480000 0.376307
8032.920000 0.374689
8033.360000 0.377118
8033.800000 0.375514
8034.240000 0.374641
8034.680000 0.375542
8035.120000 0.37512
8035.560000 0.374909
8036.000000 0.375527
8036.440000 0.375043
8036.880000 0.374552
8037.320000 0.375479
8037.760000 0.376082
8038.200000 0.374831
8038.640000 0.376016
8039.070000 0.374555
8039.510000 0.373901
8039.950000 0.374757
8040.390000 0.37508
8040.830000 0.374146
8041.270000 0.374882
8041.700000 0.373914
8042.140000 0.374871
8042.580000 0.37415
8043.020000 0.373706
8043.450000 0.373701
8043.890000 0.373584
8044.330000 0.373539
8044.760000 0.373956
8045.200000 0.37244
8045.640000 0.373599
8046.070000 0.372866
8046.510000 0.374967
8046.940000 0.373828
8047.380000 0.373364
8047.820000 0.372544
8048.250000 0.372331
8048.690000 0.372573
8049.120000 0.373855
8049.560000 0.3717
8049.990000 0.372824
8050.430000 0.371652
8050.860000 0.372446
8051.300000 0.372284
8051.730000 0.372749
8052.170000 0.372253
8052.600000 0.372719
8053.030000 0.37269
8053.470000 0.371839
8053.900000 0.371256
8054.340000 0.372156
8054.770000 0.370917
8055.200000 0.370953
8055.640000 0.371267
8056.070000 0.371239
8056.500000 0.371429
8056.930000 0.371512
8057.370000 0.371029
8057.800000 0.370282
8058.230000 0.371108
8058.660000 0.369502
8059.100000 0.371488
8059.530000 0.369698
8059.960000 0.37011
8060.390000 0.37012
8060.820000 0.370302
8061.250000 0.369977
8061.680000 0.369883
8062.120000 0.369496
8062.550000 0.370316
8062.980000 0.369412
8063.410000 0.369081
8063.840000 0.368429
8064.270000 0.368739
8064.700000 0.368457
8065.130000 0.369853
8065.560000 0.368473
8065.990000 0.368879
8066.420000 0.368594
8066.850000 0.369102
8067.280000 0.367897
8067.700000 0.369332
8068.130000 0.367745
8068.560000 0.367867
8068.990000 0.367748
8069.420000 0.368012
8069.850000 0.367245
8070.280000 0.366984
8070.700000 0.367375
8071.130000 0.367696
8071.560000 0.368539
8071.990000 0.367958
8072.420000 0.366252
8072.840000 0.366223
8073.270000 0.368437
8073.700000 0.366829
8074.120000 0.367615
8074.550000 0.367097
8074.980000 0.366548
8075.400000 0.367294
8075.830000 0.366945
8076.260000 0.366723
8076.680000 0.366888
8077.110000 0.365012
8077.530000 0.365871
8077.960000 0.366166
8078.380000 0.366554
8078.810000 0.366051
8079.230000 0.365466
8079.660000 0.365441
8080.080000 0.365857
8080.510000 0.364444
8080.930000 0.365061
8081.360000 0.365263
8081.780000 0.365451
8082.210000 0.365023
8082.630000 0.364875
8083.050000 0.36457
8083.480000 0.364245
8083.900000 0.364929
8084.320000 0.3639
8084.750000 0.363555
8085.170000 0.364984
8085.590000 0.364399
8086.020000 0.362621
8086.440000 0.363642
8086.860000 0.363703
8087.280000 0.363709
8087.710000 0.362582
8088.130000 0.363387
8088.550000 0.362674
8088.970000 0.362756
8089.390000 0.362589
8089.810000 0.36237
8090.230000 0.362933
8090.660000 0.361941
8091.080000 0.361855
8091.500000 0.36223
8091.920000 0.362789
8092.340000 0.361093
8092.760000 0.361548
8093.180000 0.361865
8093.600000 0.362337
8094.020000 0.361281
8094.440000 0.36116
8094.860000 0.361778
8095.280000 0.360814
8095.700000 0.361184
8096.120000 0.3617
8096.530000 0.360629
8096.950000 0.360274
8097.370000 0.360584
8097.790000 0.361698
8098.210000 0.36065
8098.630000 0.359889
8099.050000 0.360427
8099.460000 0.360307
8099.880000 0.360491
8100.300000 0.35996
8100.720000 0.359527
8101.130000 0.360331
8101.550000 0.360017
8101.970000 0.359043
8102.380000 0.359526
8102.800000 0.359392
8103.220000 0.359244
8103.630000 0.358532
8104.050000 0.358064
8104.470000 0.357685
8104.880000 0.358868
8105.300000 0.358372
8105.710000 0.357497
8106.130000 0.358666
8106.540000 0.355808
8106.960000 0.35816
8107.370000 0.35778
8107.790000 0.3576
8108.200000 0.357906
8108.620000 0.357913
8109.030000 0.35754
8109.450000 0.357887
8109.860000 0.35697
8110.270000 0.357002
8110.690000 0.356537
8111.100000 0.357473
8111.510000 0.35683
8111.930000 0.357338
8112.340000 0.356535
8112.750000 0.35652
8113.170000 0.356646
8113.580000 0.356133
8113.990000 0.355617
8114.400000 0.355402
8114.820000 0.356402
8115.230000 0.356826
8115.640000 0.355401
8116.050000 0.354823
8116.460000 0.355429
8116.870000 0.354595
8117.280000 0.354952
8117.700000 0.355166
8118.110000 0.354079
8118.520000 0.355147
8118.930000 0.35376
8119.340000 0.354923
8119.750000 0.354387
8120.160000 0.353975
8120.570000 0.354123
8120.980000 0.354029
8121.390000 0.354697
8121.800000 0.354066
8122.210000 0.354073
8122.620000 0.353535
8123.020000 0.35298
8123.430000 0.354119
8123.840000 0.353894
8124.250000 0.353279
8124.660000 0.353329
8125.070000 0.353539
8125.480000 0.354024
8125.880000 0.353801
8126.290000 0.353615
8126.700000 0.352408
8127.110000 0.351755
8127.510000 0.35345
8127.920000 0.352113
8128.330000 0.352399
8128.730000 0.352254
8129.140000 0.352303
8129.550000 0.351671
8129.950000 0.351265
8130.360000 0.352472
8130.770000 0.351679
8131.170000 0.351441
8131.580000 0.351713
8131.980000 0.351111
8132.390000 0.35137
8132.790000 0.352613
8133.200000 0.35194
8133.600000 0.351167
8134.010000 0.350731
8134.410000 0.351178
8134.820000 0.352398
8135.220000 0.350492
8135.620000 0.349438
8136.030000 0.351396
8136.430000 0.351086
8136.840000 0.35118
8137.240000 0.349699
8137.640000 0.35102
8138.050000 0.350306
8138.450000 0.34948
8138.850000 0.351046
8139.250000 0.350627
8139.660000 0.350184
8140.060000 0.350369
8140.460000 0.350066
8140.860000 0.349878
8141.260000 0.350125
8141.670000 0.350194
8142.070000 0.35057
8142.470000 0.350269
8142.870000 0.349481
8143.270000 0.349337
8143.670000 0.349354
8144.070000 0.349012
8144.470000 0.349553
8144.870000 0.349386
8145.270000 0.349357
8145.670000 0.348993
8146.070000 0.349545
8146.470000 0.349754
8146.870000 0.349334
8147.270000 0.349123
8147.670000 0.348823
8148.070000 0.348712
8148.470000 0.349184
8148.870000 0.348574
8149.270000 0.348568
8149.660000 0.348023
8150.060000 0.349042
8150.460000 0.349271
8150.860000 0.349051
8151.260000 0.348857
8151.650000 0.349777
8152.050000 0.348776
8152.450000 0.348566
8152.850000 0.349239
8153.240000 0.347574
8153.640000 0.349253
8154.040000 0.347597
8154.430000 0.348331
8154.830000 0.348104
8155.220000 0.347749
8155.620000 0.34799
8156.020000 0.349008
8156.410000 0.347477
8156.810000 0.347886
8157.200000 0.347775
8157.600000 0.348197
8157.990000 0.348836
8158.390000 0.347749
8158.780000 0.348086
8159.180000 0.347645
8159.570000 0.347087
8159.960000 0.347541
8160.360000 0.347711
8160.750000 0.34815
8161.150000 0.348259
8161.540000 0.347768
8161.930000 0.347829
8162.330000 0.346963
8162.720000 0.347502
8163.110000 0.347471
8163.500000 0.346886
8163.900000 0.347262
8164.290000 0.347406
8164.680000 0.346896
8165.070000 0.346952
8165.460000 0.347406
8165.860000 0.347558
8166.250000 0.346654
8166.640000 0.346641
8167.030000 0.347739
8167.420000 0.347679
8167.810000 0.347916
8168.200000 0.346901
8168.590000 0.346841
8168.980000 0.346433
8169.370000 0.345899
8169.760000 0.345495
8170.150000 0.346157
8170.540000 0.347287
8170.930000 0.347635
8171.320000 0.346116
8171.710000 0.346272
8172.100000 0.346573
8172.490000 0.345991
8172.880000 0.346362
8173.260000 0.345914
8173.650000 0.346778
8174.040000 0.345819
8174.430000 0.345977
8174.820000 0.346173
8175.200000 0.345908
8175.590000 0.344969
8175.980000 0.346166
8176.370000 0.346936
8176.750000 0.346446
8177.140000 0.345916
8177.530000 0.346159
8177.910000 0.345911
8178.300000 0.346294
8178.680000 0.345438
8179.070000 0.346211
8179.460000 0.346661
8179.840000 0.346252
8180.230000 0.345394
8180.610000 0.345908
8181.000000 0.34505
8181.380000 0.344848
8181.770000 0.346204
8182.150000 0.345384
8182.540000 0.346097
8182.920000 0.344517
8183.300000 0.345442
8183.690000 0.344113
8184.070000 0.344195
8184.450000 0.344878
8184.840000 0.34498
8185.220000 0.344392
8185.600000 0.345897
8185.990000 0.345037
8186.370000 0.344045
8186.750000 0.344468
8187.130000 0.345936
8187.520000 0.345413
8187.900000 0.344452
8188.280000 0.344012
8188.660000 0.34474
8189.040000 0.344791
8189.420000 0.345451
8189.810000 0.344439
8190.190000 0.344744
8190.570000 0.343997
8190.950000 0.344049
8191.330000 0.344475
8191.710000 0.344699
8192.090000 0.34414
8192.470000 0.343765
8192.850000 0.344004
8193.230000 0.343378
8193.610000 0.343805
8193.990000 0.344686
8194.370000 0.343764
8194.740000 0.343706
8195.120000 0.344047
8195.500000 0.343555
8195.880000 0.344147
8196.260000 0.344045
8196.640000 0.343718
8197.010000 0.344027
8197.390000 0.34391
8197.770000 0.342871
8198.150000 0.343366
8198.520000 0.344021
8198.900000 0.344039
8199.280000 0.343794
8199.650000 0.343142
8200.030000 0.343734
8200.410000 0.342632
8200.780000 0.342649
8201.160000 0.342492
8201.530000 0.344201
8201.910000 0.343682
8202.240000 0.343147
8202.670000 0.343036
8203.090000 0.343871
8203.520000 0.342576
8203.940000 0.343036
8204.370000 0.342913
8204.790000 0.34261
8205.220000 0.343177
8205.640000 0.342397
8206.070000 0.342053
8206.490000 0.34218
8206.910000 0.342423
8207.340000 0.342177
8207.760000 0.341288
8208.180000 0.341896
8208.610000 0.343536
8209.030000 0.342777
8209.450000 0.341411
8209.880000 0.341046
8210.300000 0.342489
8210.720000 0.342365
8211.140000 0.342418
8211.570000 0.342737
8211.990000 0.340736
8212.410000 0.341732
8212.830000 0.341303
8213.260000 0.340798
8213.680000 0.341408
8214.100000 0.341666
8214.520000 0.340654
8214.940000 0.341222
8215.360000 0.341231
8215.780000 0.340882
8216.200000 0.340706
8216.630000 0.340742
8217.050000 0.34018
8217.470000 0.340985
8217.890000 0.340454
8218.310000 0.340527
8218.730000 0.340695
8219.150000 0.340773
8219.570000 0.340413
8219.990000 0.340097
8220.410000 0.340126
8220.830000 0.339425
8221.240000 0.340872
8221.660000 0.339362
8222.080000 0.339663
8222.500000 0.340017
8222.920000 0.339641
8223.340000 0.33924
8223.760000 0.339074
8224.170000 0.339134
8224.590000 0.338996
8225.010000 0.338371
8225.430000 0.337969
8225.850000 0.339499
8226.260000 0.338971
8226.680000 0.338588
8227.100000 0.338346
8227.520000 0.337982
8227.930000 0.337385
8228.350000 0.337617
8228.770000 0.33707
8229.180000 0.337658
8229.600000 0.337672
8230.020000 0.337339
8230.430000 0.338039
8230.850000 0.337015
8231.260000 0.337786
8231.680000 0.338482
8232.090000 0.337172
8232.510000 0.337843
8232.930000 0.336839
8233.340000 0.336934
8233.760000 0.337277
8234.170000 0.337008
8234.590000 0.337047
8235.000000 0.337227
8235.410000 0.33733
8235.830000 0.336934
8236.240000 0.33668
8236.660000 0.336055
8237.070000 0.336373
8237.480000 0.335592
8237.900000 0.336491
8238.310000 0.336035
8238.720000 0.336827
8239.140000 0.335483
8239.550000 0.335489
8239.960000 0.335029
8240.380000 0.335945
8240.790000 0.335425
8241.200000 0.335435
8241.610000 0.336589
8242.030000 0.336014
8242.440000 0.335164
8242.850000 0.334188
8243.260000 0.33547
8243.670000 0.334605
8244.080000 0.334681
8244.500000 0.334728
8244.910000 0.33425
8245.320000 0.334108
8245.730000 0.33371
8246.140000 0.335261
8246.550000 0.33418
8246.960000 0.334535
8247.370000 0.334341
8247.780000 0.334194
8248.190000 0.333703
8248.600000 0.334312
8249.010000 0.333165
8249.420000 0.333225
8249.830000 0.334089
8250.240000 0.334145
8250.650000 0.333406
8251.060000 0.333899
8251.460000 0.333481
8251.870000 0.333385
8252.280000 0.333378
8252.690000 0.333939
8253.100000 0.332598
8253.510000 0.3319
8253.910000 0.333512
8254.320000 0.332786
8254.730000 0.332494
8255.140000 0.332532
8255.540000 0.33204
8255.950000 0.333012
8256.360000 0.332799
8256.770000 0.332855
8257.170000 0.332283
8257.580000 0.332547
8257.990000 0.332397
8258.390000 0.332561
8258.800000 0.33163
8259.200000 0.332519
8259.610000 0.331666
8260.020000 0.330715
8260.420000 0.33158
8260.830000 0.330918
8261.230000 0.331575
8261.640000 0.3307
8262.040000 0.331198
8262.450000 0.330779
8262.850000 0.331401
8263.260000 0.330808
8263.660000 0.330152
8264.060000 0.330779
8264.470000 0.330032
8264.870000 0.329793
8265.280000 0.331199
8265.680000 0.330838
8266.080000 0.330459
8266.490000 0.3302
8266.890000 0.329721
8267.290000 0.330258
8267.700000 0.330356
8268.100000 0.330314
8268.500000 0.329215
8268.900000 0.329416
8269.310000 0.330432
8269.710000 0.330346
8270.110000 0.329691
8270.510000 0.32919
8270.910000 0.328843
8271.320000 0.329564
8271.720000 0.328866
8272.120000 0.3286
8272.520000 0.329341
8272.920000 0.328713
8273.320000 0.32805
8273.720000 0.328126
8274.120000 0.328469
8274.520000 0.32832
8274.920000 0.328086
8275.320000 0.328663
8275.720000 0.328562
8276.120000 0.328465
8276.520000 0.327988
8276.920000 0.327315
8277.320000 0.328759
8277.720000 0.327422
8278.120000 0.327644
8278.520000 0.32844
8278.920000 0.326985
8279.320000 0.326934
8279.710000 0.325499
8280.110000 0.327194
8280.510000 0.326403
8280.910000 0.326648
8281.310000 0.327909
8281.700000 0.326088
8282.100000 0.326828
8282.500000 0.32621
8282.900000 0.3259
8283.290000 0.326012
8283.690000 0.325941
8284.090000 0.326687
8284.480000 0.326709
8284.880000 0.326706
8285.270000 0.32602
8285.670000 0.325078
8286.070000 0.326
8286.460000 0.325528
8286.860000 0.326033
8287.250000 0.326521
8287.650000 0.32538
8288.040000 0.325522
8288.440000 0.324975
8288.830000 0.325535
8289.230000 0.324054
8289.620000 0.324169
8290.020000 0.324232
8290.410000 0.324793
8290.810000 0.326156
8291.200000 0.32527
8291.590000 0.324796
8291.990000 0.323931
8292.380000 0.325201
8292.770000 0.324294
8293.170000 0.324506
8293.560000 0.324313
8293.950000 0.324781
8294.350000 0.324084
8294.740000 0.323452
8295.130000 0.323726
8295.520000 0.323368
8295.920000 0.324271
8296.310000 0.323302
8296.700000 0.323552
8297.090000 0.323955
8297.480000 0.322383
8297.870000 0.323821
8298.260000 0.323169
8298.660000 0.323559
8299.050000 0.323758
8299.440000 0.322758
8299.830000 0.322924
8300.220000 0.323536
8300.610000 0.322328
8301.000000 0.323198
8301.390000 0.322793
8301.780000 0.322768
8302.170000 0.322229
8302.560000 0.322217
8302.950000 0.321466
8303.340000 0.321582
8303.720000 0.321263
8304.110000 0.321046
8304.500000 0.321379
8304.890000 0.321467
8305.280000 0.320849
8305.670000 0.321537
8306.050000 0.320563
8306.440000 0.321745
8306.830000 0.321861
8307.220000 0.321284
8307.610000 0.320124
8307.990000 0.320891
8308.380000 0.320795
8308.770000 0.31924
8309.150000 0.321601
8309.540000 0.319592
8309.930000 0.320259
8310.310000 0.318977
8310.700000 0.31986
8311.080000 0.31904
8311.470000 0.319825
8311.860000 0.319733
8312.240000 0.319392
8312.630000 0.319175
8313.010000 0.319437
8313.400000 0.319168
8313.780000 0.318889
8314.170000 0.319482
8314.550000 0.318661
8314.940000 0.31961
8315.320000 0.318422
8315.700000 0.318418
8316.090000 0.318371
8316.470000 0.318631
8316.850000 0.317717
8317.240000 0.318044
8317.620000 0.317525
8318.000000 0.317857
8318.390000 0.318062
8318.770000 0.317455
8319.150000 0.318168
8319.540000 0.317666
8319.920000 0.316986
8320.300000 0.316495
8320.680000 0.316575
8321.060000 0.317312
8321.450000 0.316794
8321.830000 0.316658
8322.210000 0.316322
8322.590000 0.315784
8322.970000 0.316778
8323.350000 0.317032
8323.730000 0.316428
8324.110000 0.316769
8324.490000 0.315387
8324.870000 0.315803
8325.250000 0.31509
8325.630000 0.316291
8326.010000 0.315
8326.390000 0.315981
8326.770000 0.315265
8327.150000 0.314544
8327.530000 0.315612
8327.910000 0.314071
8328.290000 0.314651
8328.670000 0.314862
8329.040000 0.314292
8329.420000 0.31411
8329.800000 0.315343
8330.180000 0.314273
8330.560000 0.314224
8330.930000 0.313429
8331.310000 0.314198
8331.690000 0.314134
8332.070000 0.312927
8332.440000 0.313912
8332.820000 0.312721
8333.200000 0.314516
8333.570000 0.312671
8333.950000 0.31326
8334.320000 0.312674
8334.700000 0.314004
8335.080000 0.312712
8335.450000 0.312496
8335.830000 0.312771
8336.200000 0.311868
8336.580000 0.312173
8336.950000 0.312779
8337.330000 0.311894
8337.700000 0.312561
8338.080000 0.312082
8338.450000 0.310837
8338.820000 0.311948
8339.200000 0.311529
8339.570000 0.311996
8339.950000 0.311249
8340.320000 0.310848
8340.690000 0.312142
8341.070000 0.310546
8341.440000 0.310844
8341.810000 0.310678
8342.180000 0.311877
8342.560000 0.310123
8342.930000 0.310139
8343.300000 0.310015
8343.670000 0.31005
8344.050000 0.309906
8344.420000 0.310087
8344.790000 0.309614
8345.160000 0.309827
8345.530000 0.309371
8345.900000 0.309376
8346.270000 0.308843
8346.640000 0.310073
8347.010000 0.30892
8347.380000 0.309201
8347.750000 0.30958
8348.120000 0.309361
8348.490000 0.308042
8348.860000 0.308813
8349.230000 0.309065
8349.600000 0.307924
8349.970000 0.308674
8350.340000 0.308964
8350.710000 0.307958
8351.080000 0.307578
8351.450000 0.307956
8351.820000 0.308707
8352.180000 0.306323
8352.550000 0.308462
8352.920000 0.307488
8353.290000 0.308117
8353.650000 0.308032
8354.020000 0.307487
8354.390000 0.307633
8354.760000 0.308614
8355.120000 0.307108
8355.490000 0.30761
8355.860000 0.306514
8356.220000 0.3068
8356.590000 0.306663
8356.950000 0.306007
8357.320000 0.30645
8357.690000 0.306858
8358.050000 0.305972
8358.420000 0.305509
8358.780000 0.306848
8359.150000 0.30673
8359.510000 0.306294
8359.880000 0.306594
8360.240000 0.30614
8360.600000 0.305439
8360.970000 0.305368
8361.330000 0.305443
8361.700000 0.304795
8362.060000 0.305569
8362.420000 0.305193
8362.790000 0.305217
8363.150000 0.305272
8363.510000 0.304866
8363.880000 0.305268
8364.240000 0.30413
8364.600000 0.30518
8364.960000 0.30448
8365.320000 0.304675
8365.690000 0.30522
8366.050000 0.304339
8366.410000 0.303754
8366.770000 0.303515
8367.130000 0.304927
8367.490000 0.30369
8367.850000 0.303369
8368.210000 0.304073
8368.580000 0.303987
8368.940000 0.303411
8369.300000 0.304459
8369.660000 0.303911
8370.020000 0.305647
8370.380000 0.304021
8370.730000 0.303489
8371.090000 0.303439
8371.450000 0.303541
8371.810000 0.302649
8372.170000 0.303359
8372.530000 0.303532
8372.890000 0.30251
8373.250000 0.302826
8373.600000 0.303257
8373.960000 0.302228
8374.320000 0.302431
8374.680000 0.301982
8375.040000 0.30292
8375.390000 0.302857
8375.750000 0.303355
8376.110000 0.303081
8376.460000 0.301661
8376.820000 0.301811
8377.180000 0.301846
8377.530000 0.301737
8377.890000 0.301962
8378.240000 0.301799
8378.600000 0.301485
8378.960000 0.301499
8379.310000 0.302064
8379.670000 0.301714
8380.020000 0.300927
8380.380000 0.301154
8380.730000 0.301288
8381.080000 0.301189
8381.440000 0.300995
8381.790000 0.300466
8382.150000 0.301222
8382.500000 0.301027
8382.850000 0.300895
8383.210000 0.300163
8383.560000 0.299726
8383.910000 0.300685
8384.270000 0.30023
8384.620000 0.300671
8384.970000 0.300087
8385.330000 0.301592
8385.680000 0.299571
8386.030000 0.300058
8386.380000 0.299706
8386.730000 0.299082
8387.080000 0.299639
8387.440000 0.300091
8387.790000 0.300812
8388.140000 0.300401
8388.490000 0.300006
8388.840000 0.299888
8389.190000 0.29932
8389.540000 0.299489
8389.890000 0.299698
8390.240000 0.299818
8390.590000 0.2992
8390.940000 0.299198
8391.290000 0.299245
8391.640000 0.298943
8391.990000 0.2987
8392.340000 0.298915
8392.680000 0.298448
8393.030000 0.298894
8393.380000 0.299448
8393.730000 0.297778
8394.080000 0.299177
8394.430000 0.29871
8394.770000 0.299815
8395.120000 0.298583
8395.470000 0.298032
8395.810000 0.29863
8396.160000 0.299019
8396.510000 0.29838
8396.850000 0.297909
8397.200000 0.298337
8397.550000 0.298139
8397.890000 0.297268
8398.240000 0.297281
8398.590000 0.297513
8398.930000 0.297626
8399.280000 0.296537
8399.620000 0.297059
8399.970000 0.296717
8400.310000 0.296984
8400.660000 0.298212
8401.000000 0.297528
8401.340000 0.296642
8401.690000 0.297415
8402.030000 0.296858
8402.380000 0.297678
8402.720000 0.29712
8403.060000 0.297423
8403.410000 0.297122
8403.750000 0.296735
8404.090000 0.296645
8404.430000 0.298006
8404.780000 0.297341
8405.120000 0.295984
8405.460000 0.296407
8405.800000 0.296007
8406.140000 0.297155
8406.490000 0.29667
8406.830000 0.296632
8407.170000 0.29576
8407.510000 0.29642
8407.850000 0.296887
8408.190000 0.296518
8408.530000 0.296368
8408.870000 0.295434
8409.210000 0.295649
8409.550000 0.295896
8409.890000 0.295283
8410.230000 0.297042
8410.570000 0.296673
8410.910000 0.29479
8411.250000 0.295555
8411.590000 0.295685
8411.930000 0.295912
8412.270000 0.295393
8412.600000 0.295344
8412.940000 0.295358
8413.280000 0.296545
8413.620000 0.295194
8413.960000 0.296248
8414.290000 0.295276
8414.630000 0.294434
8414.970000 0.29484
8415.300000 0.295537
8415.640000 0.295693
8415.980000 0.294866
8416.310000 0.295012
8416.650000 0.295091
8416.990000 0.294813
8417.320000 0.294781
8417.660000 0.294785
8417.990000 0.29457
8418.330000 0.294501
8418.610000 0.294602
8419.000000 0.294705
8419.400000 0.294454
8419.790000 0.294922
8420.190000 0.294923
8420.580000 0.294127
8420.970000 0.292814
8421.370000 0.294094
8421.760000 0.294992
8422.160000 0.292753
8422.550000 0.293515
8422.940000 0.292763
8423.330000 0.293106
8423.730000 0.294066
8424.120000 0.293664
8424.510000 0.294099
8424.910000 0.293199
8425.300000 0.29428
8425.690000 0.292562
8426.080000 0.293404
8426.470000 0.293619
8426.870000 0.293073
8427.260000 0.293179
8427.650000 0.292821
8428.040000 0.292745
8428.430000 0.293209
8428.820000 0.29269
8429.210000 0.292061
8429.600000 0.292517
8429.990000 0.292852
8430.380000 0.292386
8430.770000 0.292648
8431.170000 0.29216
8431.560000 0.29205
8431.950000 0.292291
8432.330000 0.291802
8432.720000 0.29172
8433.110000 0.291472
8433.500000 0.29208
8433.890000 0.291306
8434.280000 0.291341
8434.670000 0.291724
8435.060000 0.290678
8435.450000 0.290565
8435.840000 0.290078
8436.220000 0.2909
8436.610000 0.290383
8437.000000 0.290484
8437.390000 0.2902
8437.780000 0.290242
8438.160000 0.290759
8438.550000 0.290522
8438.940000 0.289943
8439.330000 0.290133
8439.710000 0.289806
8440.100000 0.290014
8440.490000 0.289824
8440.870000 0.289405
8441.260000 0.288846
8441.650000 0.289316
8442.030000 0.289403
8442.420000 0.289381
8442.800000 0.288323
8443.190000 0.288906
8443.570000 0.289194
8443.960000 0.288206
8444.340000 0.288326
8444.730000 0.288733
8445.110000 0.288296
8445.500000 0.28856
8445.880000 0.288359
8446.270000 0.287654
8446.650000 0.287446
8447.040000 0.287474
8447.420000 0.288179
8447.810000 0.287739
8448.190000 0.287442
8448.570000 0.287488
8448.960000 0.287511
8449.340000 0.287791
8449.720000 0.287173
8450.110000 0.287216
8450.490000 0.286668
8450.870000 0.287681
8451.250000 0.286799
8451.640000 0.287119
8452.020000 0.286852
8452.400000 0.28759
8452.780000 0.287749
8453.160000 0.286395
8453.550000 0.286835
8453.930000 0.286042
8454.310000 0.286066
8454.690000 0.286126
8455.070000 0.285881
8455.450000 0.28612
8455.830000 0.286422
8456.210000 0.285441
8456.590000 0.284986
8456.970000 0.28544
8457.350000 0.285325
8457.740000 0.285795
8458.110000 0.28425
8458.490000 0.283672
8458.870000 0.284955
8459.250000 0.284805
8459.630000 0.284897
8460.010000 0.283829
8460.390000 0.28472
8460.770000 0.284203
8461.150000 0.284917
8461.530000 0.283736
8461.910000 0.283685
8462.280000 0.283891
8462.660000 0.283636
8463.040000 0.283514
8463.420000 0.283716
8463.800000 0.282748
8464.170000 0.283754
8464.550000 0.282704
8464.930000 0.283433
8465.300000 0.282806
8465.680000 0.282522
8466.060000 0.283068
8466.430000 0.282919
8466.810000 0.282951
8467.190000 0.28282
8467.560000 0.282923
8467.940000 0.282287
8468.320000 0.282297
8468.690000 0.281882
8469.070000 0.283181
8469.440000 0.281652
8469.820000 0.281388
8470.190000 0.281664
8470.570000 0.281623
8470.940000 0.281057
8471.320000 0.280623
8471.690000 0.281718
8472.070000 0.280625
8472.440000 0.28092
8472.810000 0.279808
8473.190000 0.280335
8473.560000 0.280597
8473.930000 0.28037
8474.310000 0.280398
8474.680000 0.280496
8475.050000 0.280021
8475.430000 0.279863
8475.800000 0.279403
8476.170000 0.279467
8476.550000 0.279723
8476.920000 0.278387
8477.290000 0.279051
8477.660000 0.279723
8478.030000 0.279463
8478.410000 0.279349
8478.780000 0.278486
8479.150000 0.278792
8479.520000 0.278194
8479.890000 0.278578
8480.260000 0.278409
8480.630000 0.278385
8481.000000 0.277639
8481.370000 0.277485
8481.740000 0.277371
8482.110000 0.27747
8482.480000 0.2774
8482.850000 0.277515
8483.220000 0.2768
8483.590000 0.276943
8483.960000 0.276899
8484.330000 0.27649
8484.700000 0.275603
8485.070000 0.275937
8485.440000 0.275763
8485.810000 0.275543
8486.180000 0.275821
8486.540000 0.274571
8486.910000 0.276052
8487.280000 0.274306
8487.650000 0.274896
8488.010000 0.274748
8488.380000 0.273863
8488.750000 0.274056
8489.120000 0.273315
8489.480000 0.274327
8489.850000 0.273149
8490.220000 0.273336
8490.580000 0.272763
8490.950000 0.272753
8491.320000 0.272595
8491.680000 0.271585
8492.050000 0.272425
8492.410000 0.271757
8492.780000 0.271369
8493.150000 0.271286
8493.510000 0.270646
8493.880000 0.269865
8494.240000 0.270093
8494.610000 0.269673
8494.970000 0.269655
8495.340000 0.269163
8495.700000 0.269852
8496.060000 0.268066
8496.430000 0.26751
8496.790000 0.267248
8497.160000 0.267935
8497.520000 0.267115
8497.880000 0.266284
8498.250000 0.266275
8498.610000 0.265521
8498.970000 0.26507
8499.330000 0.265016
8499.700000 0.264261
8500.060000 0.264881
8500.420000 0.263546
8500.780000 0.263515
8501.150000 0.262518
8501.510000 0.262414
8501.870000 0.261618
8502.230000 0.260613
8502.590000 0.260357
8502.950000 0.259982
8503.310000 0.259886
8503.680000 0.258649
8504.040000 0.258317
8504.400000 0.257636
8504.760000 0.257979
8505.120000 0.256472
8505.480000 0.256448
8505.840000 0.255986
8506.200000 0.255027
8506.560000 0.254799
8506.920000 0.253545
8507.270000 0.253257
8507.630000 0.25213
8507.990000 0.251747
8508.350000 0.251174
8508.710000 0.25046
8509.070000 0.249953
8509.430000 0.249252
8509.780000 0.248062
8510.140000 0.247153
8510.500000 0.246379
8510.860000 0.245921
8511.220000 0.244945
8511.570000 0.244582
8511.930000 0.243127
8512.290000 0.242323
8512.640000 0.241751
8513.000000 0.241324
8513.360000 0.239416
8513.710000 0.23937
8514.070000 0.238342
8514.430000 0.23695
8514.780000 0.235607
8515.140000 0.235897
8515.490000 0.234611
8515.850000 0.233276
8516.200000 0.232419
8516.560000 0.231694
8516.910000 0.229716
8517.270000 0.229249
8517.620000 0.227403
8517.980000 0.227414
8518.330000 0.225774
8518.690000 0.224714
8519.040000 0.223818
8519.390000 0.222452
8519.750000 0.221918
8520.100000 0.220423
8520.450000 0.219255
8520.810000 0.218405
8521.160000 0.217761
8521.510000 0.215565
8521.860000 0.214912
8522.220000 0.213495
8522.570000 0.21246
8522.920000 0.211223
8523.270000 0.209675
8523.620000 0.208192
8523.980000 0.207299
8524.330000 0.205839
8524.680000 0.204229
8525.030000 0.203502
8525.380000 0.201988
8525.730000 0.200499
8526.080000 0.199107
8526.430000 0.197774
8526.780000 0.196454
8527.130000 0.19548
8527.480000 0.194539
8527.830000 0.192755
8528.180000 0.191047
8528.530000 0.189512
8528.880000 0.188297
8529.230000 0.186611
8529.580000 0.18597
8529.930000 0.184243
8530.280000 0.183053
8530.630000 0.18141
8530.970000 0.17957
8531.320000 0.178807
8531.670000 0.17674
8532.020000 0.175932
8532.360000 0.173916
8532.710000 0.172685
8533.060000 0.17131
8533.410000 0.169981
8533.750000 0.168453
8534.100000 0.166487
8534.450000 0.165695
8534.790000 0.163539
8535.140000 0.162538
8535.490000 0.160508
8535.830000 0.159598
8536.180000 0.158072
8536.520000 0.15635
8536.870000 0.155112
8537.210000 0.153493
8537.560000 0.152133
8537.900000 0.150651
8538.250000 0.14895
8538.590000 0.147558
8538.940000 0.14649
8539.280000 0.144991
8539.630000 0.143641
8539.970000 0.14199
8540.310000 0.140636
8540.660000 0.139575
8541.000000 0.137561
8541.340000 0.135914
8541.690000 0.134975
8542.030000 0.1334
8542.370000 0.132428
8542.720000 0.130753
8543.060000 0.129046
8543.400000 0.127455
8543.740000 0.126369
8544.080000 0.125014
8544.430000 0.123686
8544.770000 0.122698
8545.110000 0.120627
8545.450000 0.119577
8545.790000 0.118096
8546.130000 0.116776
8546.470000 0.115608
8546.810000 0.11393
8547.150000 0.112816
8547.490000 0.111579
8547.830000 0.110292
8548.170000 0.108732
8548.510000 0.107276
8548.850000 0.106315
8549.190000 0.105068
8549.530000 0.103822
8549.870000 0.102435
8550.210000 0.101367
8550.550000 0.100213
8550.890000 0.0987591
8551.220000 0.0975427
8551.560000 0.0960275
8551.900000 0.0951815
8552.240000 0.0938147
8552.580000 0.0929097
8552.910000 0.0918609
8553.250000 0.0905055
8553.590000 0.089622
8553.930000 0.0883256
8554.260000 0.0872446
8554.600000 0.0861316
8554.930000 0.0848146
8555.270000 0.0836566
8555.610000 0.0829602
8555.940000 0.081667
8556.280000 0.080508
8556.610000 0.0793255
8556.950000 0.078519
8557.290000 0.0776191
8557.620000 0.0766874
8557.960000 0.0755255
8558.290000 0.0744252
8558.620000 0.0738601
8558.960000 0.0727298
8559.290000 0.0718169
8559.630000 0.070703
8559.960000 0.0699234
8560.290000 0.0688674
8560.630000 0.0680551
8560.960000 0.0671566
8561.290000 0.0662345
8561.630000 0.0652722
8561.960000 0.0645008
8562.290000 0.0634247
8562.630000 0.0627362
8562.960000 0.0618122
8563.290000 0.0610458
8563.620000 0.0602083
8563.950000 0.059502
8564.290000 0.0584297
8564.620000 0.0576787
8564.950000 0.0569885
8565.280000 0.0565531
8565.610000 0.055382
8565.940000 0.0546862
8566.270000 0.0539954
8566.600000 0.0533451
8566.930000 0.0526118
8567.260000 0.0519496
8567.590000 0.0511868
8567.920000 0.0505148
8568.250000 0.0497148
8568.580000 0.0491558
8568.910000 0.0485351
8569.240000 0.0478174
8569.570000 0.0472277
8569.900000 0.0466957
8570.220000 0.0458768
8570.550000 0.0451541
8570.880000 0.0445584
8571.210000 0.0442254
8571.540000 0.043454
8571.860000 0.0430511
8572.190000 0.0422357
8572.520000 0.0416203
8572.850000 0.0412058
8573.170000 0.0405085
8573.500000 0.040051
8573.830000 0.0394802
8574.150000 0.0389365
8574.480000 0.0384371
8574.800000 0.0380038
8575.130000 0.0374031
8575.460000 0.0368584
8575.780000 0.0366208
8576.110000 0.0358633
8576.430000 0.0353836
8576.760000 0.034947
8577.080000 0.0343342
8577.410000 0.0340615
8577.730000 0.0336463
8578.050000 0.0331172
8578.380000 0.0325694
8578.700000 0.0323755
8579.030000 0.0318371
8579.350000 0.0313457
8579.670000 0.030932
8580.000000 0.0306724
8580.320000 0.030228
8580.640000 0.0297287
8580.960000 0.029328
8581.290000 0.0289614
8581.610000 0.0285623
8581.930000 0.028223
8582.250000 0.0278471
8582.570000 0.0275212
8582.900000 0.0271057
8583.220000 0.0267579
8583.540000 0.0263804
8583.860000 0.0260243
8584.180000 0.0257832
8584.500000 0.0253211
8584.820000 0.025033
8585.140000 0.0247211
8585.460000 0.0243859
8585.780000 0.0241218
8586.100000 0.0237699
8586.420000 0.0234515
8586.740000 0.0231967
8587.060000 0.0227864
8587.380000 0.0224691
8587.700000 0.0223091
8588.020000 0.0220111
8588.330000 0.0216382
8588.650000 0.0214042
8588.970000 0.02109
8589.290000 0.0208624
8589.610000 0.0206586
8589.920000 0.0203306
8590.240000 0.0200951
8590.560000 0.0197931
8590.880000 0.0195146
8591.190000 0.0193055
8591.510000 0.0190274
8591.830000 0.018868
8592.140000 0.018673
8592.460000 0.0183239
8592.770000 0.0181873
8593.090000 0.0179388
8593.410000 0.0176003
8593.720000 0.0174892
8594.040000 0.0172106
8594.350000 0.017075
8594.670000 0.0168564
8594.980000 0.0166768
8595.300000 0.0163476
8595.610000 0.0161714
8595.920000 0.0160313
8596.240000 0.0158957
8596.550000 0.0155564
8596.870000 0.0153809
8597.180000 0.015312
8597.490000 0.0150498
8597.810000 0.0148943
8598.120000 0.0147459
8598.430000 0.0145598
8598.740000 0.0143319
8599.060000 0.0141964
8599.370000 0.014014
8599.680000 0.013822
8599.990000 0.0136772
8600.300000 0.0134849
8600.620000 0.0133558
8600.930000 0.0131615
8601.240000 0.012958
8601.550000 0.0129025
8601.860000 0.0127652
8602.170000 0.0126284
8602.480000 0.0124416
8602.790000 0.012348
8603.100000 0.0121042
8603.410000 0.0120088
8603.720000 0.0118757
8604.030000 0.0117364
8604.340000 0.011533
8604.650000 0.0114861
8604.960000 0.0113805
8605.260000 0.0112093
8605.570000 0.0111066
8605.880000 0.0109548
8606.190000 0.0108294
8606.500000 0.0107361
8606.810000 0.0105753
8607.110000 0.0104825
8607.420000 0.010322
8607.730000 0.0102863
8608.030000 0.0100795
8608.340000 0.0100486
8608.650000 0.00990576
8608.950000 0.00978222
8609.260000 0.0096934
8609.570000 0.00953159
8609.870000 0.00946911
8610.180000 0.00934632
8610.480000 0.00938222
8610.790000 0.00914867
8611.090000 0.00900062
8611.400000 0.00896408
8611.700000 0.0088977
8612.010000 0.00880254
8612.310000 0.0087196
8612.620000 0.0086161
8612.920000 0.00846483
8613.230000 0.00841518
8613.530000 0.00834363
8613.830000 0.00824876
8614.140000 0.00815315
8614.440000 0.00801486
8614.740000 0.00794654
8615.050000 0.00798553
8615.350000 0.00781462
8615.650000 0.00770296
8615.950000 0.00761775
8616.250000 0.00756581
8616.560000 0.00752231
8616.860000 0.00739802
8617.160000 0.00736045
8617.460000 0.00726401
8617.760000 0.00718207
8618.060000 0.00716273
8618.360000 0.00712311
8618.660000 0.00699758
8618.960000 0.00691
8619.260000 0.00683287
8619.560000 0.00680362
8619.860000 0.00679141
8620.160000 0.00668046
8620.460000 0.00660061
8620.760000 0.00653148
8621.060000 0.00646374
8621.360000 0.00644152
8621.660000 0.00630969
8621.960000 0.00628591
8622.260000 0.0062438
8622.550000 0.00618868
8622.850000 0.0060797
8623.150000 0.00605425
8623.450000 0.00603954
8623.750000 0.00592876
8624.040000 0.00589408
8624.340000 0.00584427
8624.640000 0.00576337
8624.930000 0.0057389
8625.230000 0.00569516
8625.530000 0.0056082
8625.820000 0.00555322
8626.120000 0.00549415
8626.410000 0.00550339
8626.710000 0.00542668
8627.000000 0.00537457
8627.300000 0.00532101
8627.590000 0.00526251
8627.890000 0.00521265
8628.180000 0.00516098
8628.480000 0.00515479
8628.770000 0.00509399
8629.070000 0.00501181
8629.360000 0.00498221
8629.650000 0.00491094
8629.950000 0.00491335
8630.240000 0.0048691
8630.530000 0.00483276
8630.830000 0.00479823
8631.120000 0.00477581
8631.410000 0.00472579
8631.700000 0.0046388
8631.990000 0.00466978
8632.290000 0.00460657
8632.580000 0.00450809
8632.870000 0.00452559
8633.160000 0.00444096
8633.450000 0.00445847
8633.740000 0.00443608
8634.030000 0.00438004
8634.320000 0.00435303
8634.610000 0.00436319
8634.910000 0.00425697
8635.200000 0.00420071
8635.480000 0.0042435
8635.770000 0.00420034
8636.060000 0.00414787
8636.350000 0.00408549
8636.640000 0.00406386
8636.930000 0.00401511
8637.220000 0.00402164
8637.510000 0.00397848
8637.800000 0.00393624
8638.080000 0.00394391
8638.370000 0.00388355
8638.660000 0.00384207
8638.950000 0.00379619
8639.230000 0.00380028
8639.520000 0.00377792
8639.810000 0.00372463
8640.100000 0.00370839
8640.380000 0.00368514
8640.670000 0.00365353
8640.950000 0.00363204
8641.240000 0.00363148
8641.530000 0.00355895
8641.810000 0.00355051
8642.100000 0.00349992
8642.380000 0.0034726
8642.670000 0.00345633
8642.950000 0.00348461
8643.240000 0.00341639
8643.520000 0.00341735
8643.810000 0.00334575
8644.090000 0.00333268
8644.370000 0.00332256
8644.660000 0.00330741
8644.940000 0.00329761
8645.220000 0.00324895
8645.510000 0.00325154
8645.790000 0.00321987
8646.070000 0.00319886
8646.360000 0.00318218
8646.640000 0.00315058
8646.920000 0.00315143
8647.200000 0.00310558
8647.480000 0.0030953
8647.770000 0.00312601
8648.050000 0.00304295
8648.330000 0.00304166
8648.610000 0.00300005
8648.890000 0.00296559
8649.170000 0.00296032
8649.450000 0.00298761
8649.730000 0.00295145
8650.010000 0.00289811
8650.290000 0.0029108
8650.570000 0.00285596
8650.850000 0.00285652
8651.130000 0.0028499
8651.410000 0.00281583
8651.690000 0.00281386
8651.970000 0.00278775
8652.240000 0.00278766
8652.520000 0.0027809
8652.800000 0.00276752
8653.080000 0.002721
8653.360000 0.00272487
8653.630000 0.00271102
8653.910000 0.00267096
8654.190000 0.0026786
8654.460000 0.0026277
8654.740000 0.00262301
8655.020000 0.0026265
8655.290000 0.00263015
8655.570000 0.00262478
8655.850000 0.00256663
8656.120000 0.00257599
8656.400000 0.00254316
8656.670000 0.00252897
8656.950000 0.00249686
8657.220000 0.0025355
8657.500000 0.00249638
8657.770000 0.00246967
8658.050000 0.00248527
8658.320000 0.00247345
8658.590000 0.00244768
8658.870000 0.00243825
8659.140000 0.00241633
8659.420000 0.00239426
8659.690000 0.0023819
8659.960000 0.00236543
8660.230000 0.00239384
8660.510000 0.00237208
8660.780000 0.00234971
8661.050000 0.00231601
8661.320000 0.00235077
8661.600000 0.00232452
8661.870000 0.00230613
8662.140000 0.00228421
8662.410000 0.00228696
8662.680000 0.00229075
8662.950000 0.00227262
8663.220000 0.00222921
8663.490000 0.00227167
8663.760000 0.00221863
8664.030000 0.00224073
8664.300000 0.00220196
8664.570000 0.00217906
8664.840000 0.00218804
8665.110000 0.00218056
8665.380000 0.00214989
8665.650000 0.00217193
8665.920000 0.00215612
8666.190000 0.00215506
8666.450000 0.00212867
8666.720000 0.00208453
8666.990000 0.00212955
8667.260000 0.00207021
8667.530000 0.0021095
8667.790000 0.00207894
8668.060000 0.00207387
8668.330000 0.00206127
8668.590000 0.0020043
8668.860000 0.00204351
8669.130000 0.00204107
8669.390000 0.00200461
8669.660000 0.00201716
8669.920000 0.00204251
8670.190000 0.00200733
8670.450000 0.00199346
8670.720000 0.00199093
8670.980000 0.00198562
8671.250000 0.00197548
8671.510000 0.00196917
8671.780000 0.00196215
8672.040000 0.00197208
8672.310000 0.00196042
8672.570000 0.00193248
8672.830000 0.00197482
8673.100000 0.0019309
8673.360000 0.00193704
8673.620000 0.00187854
8673.890000 0.00189782
8674.150000 0.00189366
8674.410000 0.00190928
8674.670000 0.00185236
8674.930000 0.00187571
8675.200000 0.00185952
8675.460000 0.00186214
8675.720000 0.00184385
8675.980000 0.0018358
8676.240000 0.00186595
8676.500000 0.0018375
8676.760000 0.00182303
8677.020000 0.00181778
8677.280000 0.00180862
8677.540000 0.00180561
8677.800000 0.00181205
8678.060000 0.00181689
8678.320000 0.00178223
8678.580000 0.00175515
8678.840000 0.00178356
8679.100000 0.00180458
8679.360000 0.00174492
8679.610000 0.00177227
8679.870000 0.00177324
8680.130000 0.00179276
8680.390000 0.00173059
8680.650000 0.00175801
8680.900000 0.00173591
8681.160000 0.00171788
8681.420000 0.001755
8681.670000 0.00172933
8681.930000 0.00172077
8682.190000 0.00174105
8682.440000 0.00169345
8682.700000 0.0016994
8682.950000 0.0016952
8683.210000 0.001661
8683.470000 0.001688
8683.720000 0.00171261
8683.980000 0.00167638
8684.230000 0.00169163
8684.480000 0.00168349
8684.740000 0.00165406
8684.990000 0.0016835
8685.250000 0.0016726
8685.500000 0.00166243
8685.750000 0.00164933
8686.010000 0.00161587
8686.260000 0.00165092
8686.510000 0.00164739
8686.770000 0.00160102
8687.020000 0.00167264
8687.270000 0.00163192
8687.520000 0.00162366
8687.770000 0.00163299
8688.030000 0.00163445
8688.280000 0.00164102
8688.530000 0.001616
8688.780000 0.00159465
8689.030000 0.00162231
8689.280000 0.00161596
8689.530000 0.00159677
8689.780000 0.00160441
8690.030000 0.00160239
8690.280000 0.00157226
8690.530000 0.00158309
8690.780000 0.00158926
8691.030000 0.00158523
8691.280000 0.00158398
8691.530000 0.00156923
8691.780000 0.00154706
8692.030000 0.00154367
8692.270000 0.00154815
8692.520000 0.0015671
8692.770000 0.00154182
8693.020000 0.00153913
8693.270000 0.00154089
8693.510000 0.00155417
8693.760000 0.00154939
8694.010000 0.0015616
8694.250000 0.00150398
8694.500000 0.0015476
8694.750000 0.00155249
8694.990000 0.00153429
8695.240000 0.00153352
8695.480000 0.00152914
8695.730000 0.00153883
8695.970000 0.00151931
8696.220000 0.00151543
8696.460000 0.00151527
8696.710000 0.00153556
8696.950000 0.00151734
8697.200000 0.00146549
8697.440000 0.00152322
8697.680000 0.00152003
8697.930000 0.00149762
8698.170000 0.00146492
8698.410000 0.00146964
8698.660000 0.00145532
8698.900000 0.00145874
8699.140000 0.00149781
8699.380000 0.00147995
8699.630000 0.00145846
8699.870000 0.00146153
8700.110000 0.0014999
8700.350000 0.00142861
8700.590000 0.00146359
8700.830000 0.00144723
8701.080000 0.00146917
8701.320000 0.00141874
8701.560000 0.00145988
8701.800000 0.00144571
8702.040000 0.00147503
8702.280000 0.00143602
8702.520000 0.00142511
8702.760000 0.00148162
8703.000000 0.00141783
8703.230000 0.00146409
8703.470000 0.00138672
8703.710000 0.00147421
8703.950000 0.00146915
8704.190000 0.00142006
8704.430000 0.00144155
8704.660000 0.00145447
8704.900000 0.00145033
8705.140000 0.00146411
8705.380000 0.00140105
8705.610000 0.00141946
8705.850000 0.00142229
8706.090000 0.00144532
8706.320000 0.00146548
8706.560000 0.00140193
8706.800000 0.0014277
8707.030000 0.00142311
8707.270000 0.00142595
8707.500000 0.00141835
8707.740000 0.00143842
8707.970000 0.00136599
8708.210000 0.00142958
8708.440000 0.00143011
8708.680000 0.00143359
8708.910000 0.00138448
8709.140000 0.0013679
8709.380000 0.00140414
8709.610000 0.00142194
8709.840000 0.00138558
8710.080000 0.00137285
8710.310000 0.00139151
8710.540000 0.00139238
8710.780000 0.00142196
8711.010000 0.00144973
8711.240000 0.00139714
8711.470000 0.00140668
8711.700000 0.00140555
8711.930000 0.00143322
8712.170000 0.00141881
8712.400000 0.00137809
8712.630000 0.00139918
8712.860000 0.0013971
8713.090000 0.00133529
8713.320000 0.00137214
8713.550000 0.00138383
8713.780000 0.00139193
8714.010000 0.00138239
8714.240000 0.00140266
8714.470000 0.00140273
8714.700000 0.0013819
8714.920000 0.00142201
8715.150000 0.00136011
8715.380000 0.00142563
8715.610000 0.00138598
8715.840000 0.00138925
8716.060000 0.00138706
8716.290000 0.00136189
8716.520000 0.00142725
8716.750000 0.00138288
8716.970000 0.00137086
8717.200000 0.00137783
8717.430000 0.00134706
8717.650000 0.00138784
8717.880000 0.00140401
8718.100000 0.00135372
8718.330000 0.00140539
8718.560000 0.00139234
8718.780000 0.00134807
8719.010000 0.00132513
8719.230000 0.0013932
8719.460000 0.00133526
8719.680000 0.00138316
8719.900000 0.00136479
8720.130000 0.00134149
8720.350000 0.00133124
8720.570000 0.00138649
8720.800000 0.00136176
8721.020000 0.00133857
8721.240000 0.00134399
8721.470000 0.00134036
8721.690000 0.0013655
8721.910000 0.00134301
8722.130000 0.0013693
8722.360000 0.00133264
8722.580000 0.0013309
8722.800000 0.00134821
8723.020000 0.00136786
8723.240000 0.00133265
8723.460000 0.00134556
8723.680000 0.00135057
8723.900000 0.00136004
8724.120000 0.00136375
8724.340000 0.00132537
8724.560000 0.00131917
8724.780000 0.00140138
8725.000000 0.00139667
8725.220000 0.00134642
8725.440000 0.0013428
8725.660000 0.00136208
8725.880000 0.00135402
8726.100000 0.00133706
8726.310000 0.00139122
8726.530000 0.00132567
8726.750000 0.00136512
8726.970000 0.00139163
8727.180000 0.00129809
8727.400000 0.00135848
8727.620000 0.00130352
8727.830000 0.00132989
8728.050000 0.00134106
8728.270000 0.00133816
8728.480000 0.00132892
8728.700000 0.00133221
8728.910000 0.00134917
8729.130000 0.0013472
8729.340000 0.00133215
8729.560000 0.00131973
8729.770000 0.00136204
8729.990000 0.00134137
8730.200000 0.00134385
8730.420000 0.00132819
8730.630000 0.00135155
8730.840000 0.00137379
8731.060000 0.0013485
8731.270000 0.00137267
8731.480000 0.00130404
8731.700000 0.00133909
8731.910000 0.00134979
8732.120000 0.00133255
8732.330000 0.0013464
8732.550000 0.00134583
8732.760000 0.00135407
8732.970000 0.00136585
8733.180000 0.00139296
8733.390000 0.00140448
8733.600000 0.00138996
8733.810000 0.00137136
8734.020000 0.00134474
8734.230000 0.00131665
