# cfht.megaprime.g
# photon
# CFHT Megaprime g http://svo2.cab.inta-csic.es/theory/fps/index.php?id=CFHT/Megaprime.g
3800.600000 0.0019324
3801.440000 0.002072
3802.270000 0.00199196
3803.110000 0.00204878
3803.940000 0.00193026
3804.780000 0.00209831
3805.620000 0.00202542
3806.450000 0.00205832
3807.290000 0.00208926
3808.120000 0.00174332
3808.960000 0.0018753
3809.790000 0.0020401
3810.630000 0.00194045
3811.460000 0.00189844
3812.300000 0.00210394
3813.140000 0.00192715
3813.970000 0.00200489
3814.810000 0.00209865
3815.640000 0.00199375
3816.480000 0.00185724
3817.310000 0.00183473
3818.150000 0.00187497
3818.980000 0.00198906
3819.820000 0.00195776
3820.650000 0.00210051
3821.490000 0.0018749
3822.320000 0.00197273
3823.160000 0.00192266
3823.990000 0.00188931
3824.820000 0.00192402
3825.660000 0.00210489
3826.490000 0.00184681
3827.330000 0.00181269
3828.160000 0.0019863
3829.000000 0.00204911
3829.830000 0.00187329
3830.670000 0.00186437
3831.500000 0.00179145
3832.330000 0.00185382
3833.170000 0.00207302
3834.000000 0.00197807
3834.840000 0.00184639
3835.670000 0.00195151
3836.500000 0.0020115
3837.340000 0.00184683
3838.170000 0.0018801
3839.010000 0.00190884
3839.840000 0.00191309
3840.670000 0.00199626
3841.510000 0.00188995
3842.340000 0.00190439
3843.170000 0.00192578
3844.010000 0.00195087
3844.840000 0.00198265
3845.670000 0.00192559
3846.510000 0.00178071
3847.340000 0.00183023
3848.170000 0.0020537
3849.010000 0.0018363
3849.840000 0.00189318
3850.670000 0.00189138
3851.510000 0.00197625
3852.340000 0.0018326
3853.170000 0.00184786
3854.000000 0.00195716
3854.840000 0.00189108
3855.670000 0.00181715
3856.500000 0.00200153
3857.330000 0.00191875
3858.170000 0.00186444
3859.000000 0.00176697
3859.830000 0.00203002
3860.660000 0.00194998
3861.500000 0.00202346
3862.330000 0.00193216
3863.160000 0.00191798
3863.990000 0.00195065
3864.830000 0.00203174
3865.660000 0.00193912
3866.490000 0.00190365
3867.320000 0.00196614
3868.150000 0.00199381
3868.980000 0.00189065
3869.820000 0.00183365
3870.650000 0.00199586
3871.480000 0.00201023
3872.310000 0.00187871
3873.140000 0.00194575
3873.970000 0.00192502
3874.810000 0.00197649
3875.640000 0.00199807
3876.470000 0.00205598
3877.300000 0.00192432
3878.130000 0.0019122
3878.960000 0.00190245
3879.790000 0.00194892
3880.620000 0.0019646
3881.460000 0.00181485
3882.290000 0.00193319
3883.120000 0.00190951
3883.950000 0.00191351
3884.780000 0.00191524
3885.610000 0.00187867
3886.440000 0.00195399
3887.270000 0.00190448
3888.100000 0.00196763
3888.930000 0.00197787
3889.760000 0.00203837
3890.590000 0.00199119
3891.420000 0.00197657
3892.250000 0.00215306
3893.080000 0.00192013
3893.910000 0.00202705
3894.740000 0.00195481
3895.570000 0.00209176
3896.400000 0.0019642
3897.230000 0.00200086
3898.060000 0.00213697
3898.890000 0.00198111
3899.720000 0.00211937
3900.550000 0.00220256
3901.380000 0.00198841
3902.210000 0.00205912
3903.040000 0.00217182
3903.870000 0.00219612
3904.700000 0.00217647
3905.530000 0.00226037
3906.360000 0.00218348
3907.180000 0.00230079
3908.010000 0.00225408
3908.840000 0.00217882
3909.670000 0.00225975
3910.500000 0.00238553
3911.330000 0.00234329
3912.160000 0.0024262
3912.990000 0.00242481
3913.810000 0.00242432
3914.640000 0.00250149
3915.470000 0.00251487
3916.300000 0.00255291
3917.130000 0.00254347
3917.960000 0.00262152
3918.780000 0.00266757
3919.610000 0.00265373
3920.440000 0.0026599
3921.270000 0.00272956
3922.100000 0.00279244
3922.920000 0.00280449
3923.750000 0.00284908
3924.580000 0.00293783
3925.410000 0.00296082
3926.240000 0.00285275
3927.060000 0.00310675
3927.890000 0.00316652
3928.720000 0.00312496
3929.550000 0.00336037
3930.370000 0.00331003
3931.200000 0.00347975
3932.030000 0.00353586
3932.850000 0.00356549
3933.680000 0.00365576
3934.510000 0.00392596
3935.340000 0.00401144
3936.160000 0.00411968
3936.990000 0.00430615
3937.820000 0.00443005
3938.640000 0.0046869
3939.470000 0.00484128
3940.300000 0.00521649
3941.120000 0.00542497
3941.950000 0.00573307
3942.770000 0.00618952
3943.600000 0.00650407
3944.430000 0.00700212
3945.250000 0.00755468
3946.080000 0.00810205
3946.910000 0.00869127
3947.730000 0.00952582
3948.560000 0.0102293
3949.380000 0.0109939
3950.210000 0.0120892
3951.030000 0.013163
3951.860000 0.0145336
3952.690000 0.0157019
3953.510000 0.0171853
3954.340000 0.0188176
3955.160000 0.0205265
3955.990000 0.0226301
3956.810000 0.0246835
3957.640000 0.0271728
3958.460000 0.0298723
3959.290000 0.0330036
3960.110000 0.0364725
3960.940000 0.0407139
3961.760000 0.0447489
3962.590000 0.0499079
3963.410000 0.0555257
3964.230000 0.0619008
3965.060000 0.0697235
3965.880000 0.0775292
3966.710000 0.0865927
3967.530000 0.0961618
3968.360000 0.106832
3969.180000 0.118319
3970.000000 0.130733
3970.830000 0.143731
3971.650000 0.157177
3972.480000 0.171874
3973.300000 0.187932
3974.120000 0.202315
3974.950000 0.220204
3975.770000 0.237678
3976.590000 0.255409
3977.420000 0.274162
3978.240000 0.294756
3979.060000 0.314398
3979.890000 0.331171
3980.710000 0.346354
3981.530000 0.365445
3982.360000 0.37866
3983.180000 0.391818
3984.000000 0.405557
3984.830000 0.41584
3985.650000 0.425298
3986.470000 0.437113
3987.290000 0.445242
3988.120000 0.452675
3988.940000 0.458863
3989.760000 0.467033
3990.580000 0.471011
3991.400000 0.481034
3992.230000 0.488459
3993.050000 0.492553
3993.870000 0.494038
3994.690000 0.497633
3995.510000 0.503017
3996.340000 0.503875
3997.160000 0.506296
3997.980000 0.504662
3998.800000 0.501531
3999.620000 0.500333
4000.440000 0.497508
4001.270000 0.495179
4002.090000 0.48922
4002.910000 0.482856
4003.730000 0.479707
4004.550000 0.474534
4005.370000 0.467456
4006.190000 0.462948
4007.010000 0.46128
4007.830000 0.455943
4008.650000 0.453043
4009.470000 0.451798
4010.290000 0.448632
4011.110000 0.447296
4011.940000 0.445855
4012.760000 0.447599
4013.580000 0.445989
4014.400000 0.446438
4015.220000 0.447446
4016.040000 0.448857
4016.860000 0.452388
4017.680000 0.452534
4018.490000 0.452828
4019.310000 0.455712
4020.130000 0.458856
4020.950000 0.461791
4021.770000 0.461818
4022.590000 0.465429
4023.410000 0.467626
4024.230000 0.46958
4025.050000 0.471234
4025.870000 0.473385
4026.690000 0.475584
4027.510000 0.47816
4028.330000 0.481338
4029.140000 0.483351
4029.960000 0.484783
4030.780000 0.486284
4031.600000 0.490998
4032.420000 0.493492
4033.240000 0.496519
4034.050000 0.498986
4034.870000 0.501734
4035.690000 0.506188
4036.510000 0.509648
4037.330000 0.511567
4038.140000 0.515834
4038.960000 0.51947
4039.780000 0.523419
4040.600000 0.523607
4041.410000 0.529992
4042.230000 0.532094
4043.050000 0.536246
4043.870000 0.537661
4044.680000 0.539873
4045.500000 0.544439
4046.320000 0.544353
4047.130000 0.546105
4047.950000 0.546593
4048.770000 0.546078
4049.580000 0.545005
4050.400000 0.546336
4051.220000 0.546063
4052.030000 0.544937
4052.850000 0.54301
4053.670000 0.54178
4054.480000 0.540552
4055.300000 0.538568
4056.120000 0.535333
4056.930000 0.534986
4057.750000 0.533538
4058.560000 0.530122
4059.380000 0.53066
4060.190000 0.530443
4061.010000 0.528739
4061.830000 0.525089
4062.640000 0.52511
4063.460000 0.526219
4064.270000 0.525902
4065.090000 0.525433
4065.900000 0.526928
4066.720000 0.527966
4067.530000 0.527919
4068.350000 0.528628
4069.160000 0.529861
4069.980000 0.528762
4070.790000 0.53145
4071.600000 0.532454
4072.420000 0.531743
4073.230000 0.532687
4074.050000 0.53269
4074.860000 0.53271
4075.670000 0.534124
4076.490000 0.533798
4077.300000 0.531618
4078.120000 0.535384
4078.930000 0.533386
4079.740000 0.531214
4080.560000 0.530803
4081.370000 0.531541
4082.180000 0.530936
4083.000000 0.530249
4083.810000 0.528605
4084.620000 0.528943
4085.440000 0.528404
4086.250000 0.528325
4087.060000 0.526805
4087.870000 0.527113
4088.690000 0.526972
4089.500000 0.527606
4090.310000 0.527941
4091.120000 0.528449
4091.940000 0.528821
4092.750000 0.528036
4093.560000 0.528756
4094.370000 0.528412
4095.190000 0.530506
4096.000000 0.530726
4096.810000 0.531256
4097.620000 0.53304
4098.430000 0.53337
4099.240000 0.533656
4100.060000 0.535977
4100.870000 0.536024
4101.680000 0.537145
4102.490000 0.539232
4103.300000 0.538142
4104.110000 0.541074
4104.920000 0.540892
4105.730000 0.539144
4106.540000 0.541718
4107.350000 0.540618
4108.160000 0.543293
4108.970000 0.544471
4109.780000 0.544485
4110.600000 0.545184
4111.410000 0.546564
4112.220000 0.548092
4113.030000 0.548855
4113.840000 0.54928
4114.640000 0.549532
4115.450000 0.549559
4116.260000 0.552
4117.070000 0.549578
4117.880000 0.5527
4118.690000 0.549785
4119.500000 0.551166
4120.310000 0.549229
4121.120000 0.55336
4121.930000 0.552347
4122.740000 0.551873
4123.550000 0.549456
4124.360000 0.551131
4125.160000 0.552598
4125.970000 0.54812
4126.780000 0.549745
4127.590000 0.546851
4128.400000 0.547889
4129.210000 0.546085
4130.010000 0.546515
4130.820000 0.543637
4131.630000 0.543725
4132.440000 0.542446
4133.240000 0.542861
4134.050000 0.542037
4134.860000 0.540654
4135.670000 0.541402
4136.470000 0.540364
4137.280000 0.542641
4138.090000 0.539553
4138.900000 0.541876
4139.700000 0.54073
4140.510000 0.540838
4141.320000 0.542903
4142.120000 0.543747
4142.930000 0.543225
4143.740000 0.546053
4144.540000 0.545218
4145.350000 0.546474
4146.150000 0.54632
4146.960000 0.546342
4147.770000 0.546098
4148.570000 0.546402
4149.380000 0.546957
4150.180000 0.547633
4150.990000 0.549089
4151.800000 0.548235
4152.600000 0.548053
4153.410000 0.54684
4154.210000 0.545952
4155.020000 0.546935
4155.820000 0.544514
4156.630000 0.543275
4157.430000 0.542812
4158.240000 0.542079
4159.040000 0.5417
4159.840000 0.538376
4160.650000 0.537174
4161.450000 0.537022
4162.260000 0.5375
4163.060000 0.534952
4163.870000 0.536548
4164.670000 0.53303
4165.470000 0.532848
4166.280000 0.532236
4167.080000 0.531237
4167.880000 0.531441
4168.690000 0.531054
4169.490000 0.530118
4170.300000 0.53122
4171.100000 0.530576
4171.900000 0.530485
4172.700000 0.532471
4173.510000 0.533234
4174.310000 0.534552
4175.110000 0.533881
4175.920000 0.534032
4176.720000 0.535715
4177.520000 0.53648
4178.320000 0.538341
4179.120000 0.5403
4179.930000 0.539432
4180.730000 0.540903
4181.530000 0.543107
4182.330000 0.54397
4183.130000 0.544986
4183.940000 0.544066
4184.740000 0.543832
4185.540000 0.545365
4186.340000 0.545359
4187.140000 0.54625
4187.940000 0.548103
4188.740000 0.546157
4189.540000 0.54667
4190.340000 0.546513
4191.140000 0.547595
4191.950000 0.548249
4192.750000 0.548811
4193.550000 0.547074
4194.350000 0.551544
4195.150000 0.548804
4195.950000 0.548245
4196.750000 0.547986
4197.550000 0.550454
4198.350000 0.547946
4199.150000 0.550339
4199.950000 0.548713
4200.740000 0.551982
4201.540000 0.54783
4202.340000 0.550621
4203.140000 0.552075
4203.940000 0.551506
4204.740000 0.549432
4205.540000 0.549122
4206.340000 0.551724
4207.140000 0.549704
4207.940000 0.550392
4208.730000 0.551378
4209.530000 0.549482
4210.330000 0.551542
4211.130000 0.550123
4211.930000 0.549926
4212.720000 0.550304
4213.520000 0.551346
4214.320000 0.549641
4215.120000 0.549829
4215.910000 0.548648
4216.710000 0.549872
4217.510000 0.548893
4218.310000 0.549677
4219.100000 0.548594
4219.900000 0.548768
4220.700000 0.547925
4221.490000 0.548727
4222.290000 0.547096
4223.090000 0.549953
4223.880000 0.549939
4224.680000 0.55154
4225.480000 0.55007
4226.270000 0.549906
4227.070000 0.550043
4227.860000 0.552702
4228.660000 0.551058
4229.460000 0.553925
4230.250000 0.553252
4231.050000 0.551813
4231.840000 0.554974
4232.640000 0.555353
4233.430000 0.55611
4234.230000 0.556809
4235.020000 0.558185
4235.820000 0.555806
4236.610000 0.557856
4237.410000 0.556205
4238.200000 0.555971
4239.000000 0.556954
4239.790000 0.556743
4240.580000 0.556396
4241.380000 0.555736
4242.170000 0.556027
4242.970000 0.555247
4243.760000 0.556135
4244.550000 0.555367
4245.350000 0.554844
4246.140000 0.554988
4246.930000 0.554465
4247.730000 0.55198
4248.520000 0.552677
4249.310000 0.552894
4250.100000 0.553479
4250.900000 0.551324
4251.690000 0.549204
4252.480000 0.549509
4253.280000 0.552991
4254.070000 0.551376
4254.860000 0.550975
4255.650000 0.552362
4256.440000 0.552506
4257.240000 0.552146
4258.030000 0.551358
4258.820000 0.551128
4259.610000 0.552299
4260.400000 0.553091
4261.190000 0.55334
4261.980000 0.552561
4262.780000 0.553084
4263.570000 0.554956
4264.360000 0.553827
4265.150000 0.555642
4265.940000 0.554338
4266.730000 0.555826
4267.520000 0.554568
4268.310000 0.554536
4269.100000 0.553199
4269.890000 0.553998
4270.680000 0.554384
4271.470000 0.553079
4272.260000 0.554093
4273.050000 0.554011
4273.840000 0.55167
4274.630000 0.552971
4275.420000 0.55156
4276.210000 0.552909
4277.000000 0.551441
4277.780000 0.550271
4278.570000 0.548951
4279.360000 0.549345
4280.150000 0.550569
4280.940000 0.55076
4281.730000 0.551544
4282.520000 0.549314
4283.300000 0.550952
4284.090000 0.55034
4284.880000 0.551233
4285.670000 0.550269
4286.460000 0.551415
4287.240000 0.550914
4288.030000 0.549757
4288.820000 0.551442
4289.610000 0.551394
4290.390000 0.554032
4291.180000 0.553812
4291.970000 0.554462
4292.750000 0.555641
4293.540000 0.556685
4294.330000 0.554567
4295.110000 0.55705
4295.900000 0.557603
4296.690000 0.558094
4297.470000 0.558261
4298.260000 0.559561
4299.040000 0.560873
4299.830000 0.560342
4300.610000 0.561886
4301.400000 0.563087
4302.190000 0.563253
4302.970000 0.562528
4303.760000 0.561479
4304.540000 0.563937
4305.330000 0.566268
4306.110000 0.564966
4306.890000 0.565071
4307.680000 0.56288
4308.460000 0.567754
4309.250000 0.563899
4310.030000 0.56632
4310.820000 0.564555
4311.600000 0.56515
4312.380000 0.566984
4313.170000 0.564906
4313.950000 0.565432
4314.740000 0.56605
4315.520000 0.565124
4316.300000 0.565877
4317.080000 0.56518
4317.870000 0.563873
4318.650000 0.564884
4319.430000 0.566348
4320.220000 0.564467
4321.000000 0.565131
4321.780000 0.566512
4322.560000 0.564888
4323.350000 0.565045
4324.130000 0.564191
4324.910000 0.56238
4325.690000 0.563802
4326.470000 0.562777
4327.250000 0.562104
4328.040000 0.562903
4328.820000 0.561939
4329.600000 0.562267
4330.380000 0.561897
4331.160000 0.563463
4331.940000 0.563032
4332.720000 0.561958
4333.500000 0.561539
4334.280000 0.561562
4335.060000 0.560561
4335.840000 0.561653
4336.620000 0.561626
4337.400000 0.562343
4338.180000 0.562265
4338.960000 0.563215
4339.740000 0.561393
4340.520000 0.562369
4341.300000 0.562214
4342.080000 0.562192
4342.860000 0.562467
4343.640000 0.562672
4344.420000 0.562351
4345.200000 0.563249
4345.980000 0.561021
4346.750000 0.56258
4347.530000 0.562581
4348.310000 0.56333
4349.090000 0.562194
4349.870000 0.563345
4350.650000 0.563069
4351.420000 0.563017
4352.200000 0.561222
4352.980000 0.562951
4353.760000 0.563532
4354.530000 0.561869
4355.310000 0.559487
4356.090000 0.561784
4356.860000 0.559165
4357.640000 0.561531
4358.420000 0.561244
4359.190000 0.559535
4359.970000 0.558665
4360.750000 0.558679
4361.520000 0.557451
4362.300000 0.55735
4363.080000 0.555466
4363.850000 0.556685
4364.630000 0.557296
4365.400000 0.55728
4366.180000 0.55635
4366.950000 0.555882
4367.730000 0.557966
4368.500000 0.555891
4369.280000 0.555692
4370.050000 0.557025
4370.830000 0.557645
4371.600000 0.557095
4372.380000 0.556472
4373.150000 0.555997
4373.920000 0.558204
4374.700000 0.559196
4375.470000 0.559298
4376.250000 0.559517
4377.020000 0.55924
4377.790000 0.559714
4378.570000 0.560544
4379.340000 0.561734
4380.110000 0.56285
4380.890000 0.563584
4381.660000 0.565578
4382.430000 0.565861
4383.200000 0.566371
4383.980000 0.566742
4384.750000 0.566654
4385.520000 0.569382
4386.290000 0.569495
4387.070000 0.570107
4387.840000 0.570709
4388.610000 0.571696
4389.380000 0.570486
4390.150000 0.571226
4390.920000 0.571452
4391.690000 0.572853
4392.470000 0.570923
4393.240000 0.572747
4394.010000 0.57274
4394.780000 0.572797
4395.550000 0.572693
4396.320000 0.573877
4397.090000 0.573558
4397.860000 0.572245
4398.630000 0.572878
4399.400000 0.572257
4400.170000 0.573724
4400.940000 0.57395
4401.710000 0.573679
4402.360000 0.57451
4403.150000 0.574779
4403.950000 0.574301
4404.740000 0.571368
4405.540000 0.571588
4406.330000 0.574604
4407.130000 0.569885
4407.920000 0.568647
4408.720000 0.570336
4409.510000 0.570574
4410.310000 0.568743
4411.100000 0.566469
4411.890000 0.567467
4412.690000 0.566682
4413.480000 0.566206
4414.280000 0.566037
4415.070000 0.565711
4415.870000 0.563903
4416.660000 0.559392
4417.450000 0.560161
4418.250000 0.557887
4419.040000 0.557662
4419.840000 0.554273
4420.630000 0.554283
4421.420000 0.557499
4422.220000 0.553103
4423.010000 0.548509
4423.810000 0.546284
4424.600000 0.545128
4425.390000 0.543838
4426.190000 0.541158
4426.980000 0.540317
4427.770000 0.53748
4428.570000 0.540712
4429.360000 0.536951
4430.150000 0.537545
4430.950000 0.539363
4431.740000 0.535761
4432.530000 0.537194
4433.330000 0.536296
4434.120000 0.536138
4434.910000 0.532026
4435.710000 0.532678
4436.500000 0.535237
4437.290000 0.534315
4438.080000 0.533131
4438.880000 0.535574
4439.670000 0.536688
4440.460000 0.535081
4441.250000 0.540125
4442.050000 0.540075
4442.840000 0.540237
4443.630000 0.539505
4444.420000 0.541513
4445.220000 0.543399
4446.010000 0.543404
4446.800000 0.549096
4447.590000 0.545207
4448.390000 0.549951
4449.180000 0.549948
4449.970000 0.550939
4450.760000 0.554581
4451.550000 0.553843
4452.350000 0.553997
4453.140000 0.557877
4453.930000 0.555027
4454.720000 0.555783
4455.510000 0.55708
4456.300000 0.556131
4457.100000 0.5601
4457.890000 0.562792
4458.680000 0.560486
4459.470000 0.565442
4460.260000 0.563507
4461.050000 0.561662
4461.840000 0.563
4462.630000 0.563936
4463.430000 0.566717
4464.220000 0.56734
4465.010000 0.564381
4465.800000 0.567435
4466.590000 0.56634
4467.380000 0.567158
4468.170000 0.566546
4468.960000 0.568238
4469.750000 0.565737
4470.540000 0.567563
4471.330000 0.564718
4472.120000 0.57386
4472.910000 0.570091
4473.700000 0.568323
4474.490000 0.570621
4475.280000 0.569966
4476.080000 0.567415
4476.870000 0.5694
4477.660000 0.568662
4478.450000 0.569936
4479.240000 0.569411
4480.030000 0.566894
4480.820000 0.567725
4481.600000 0.569122
4482.390000 0.568512
4483.180000 0.568372
4483.970000 0.569365
4484.760000 0.564838
4485.550000 0.566747
4486.340000 0.567547
4487.130000 0.562774
4487.920000 0.565695
4488.710000 0.56612
4489.500000 0.565984
4490.290000 0.564913
4491.080000 0.563752
4491.870000 0.564128
4492.660000 0.563307
4493.440000 0.563293
4494.230000 0.56202
4495.020000 0.563992
4495.810000 0.563587
4496.600000 0.558986
4497.390000 0.560913
4498.180000 0.561743
4498.970000 0.563589
4499.750000 0.562423
4500.540000 0.559096
4501.330000 0.564067
4502.120000 0.563937
4502.910000 0.562075
4503.700000 0.562183
4504.480000 0.56421
4505.270000 0.566455
4506.060000 0.564769
4506.850000 0.568921
4507.630000 0.568304
4508.420000 0.568784
4509.210000 0.57157
4510.000000 0.568107
4510.790000 0.568361
4511.570000 0.569096
4512.360000 0.571753
4513.150000 0.571942
4513.940000 0.574311
4514.720000 0.574753
4515.510000 0.574891
4516.300000 0.578061
4517.080000 0.574356
4517.870000 0.576214
4518.660000 0.577359
4519.440000 0.57567
4520.230000 0.577016
4521.020000 0.57652
4521.810000 0.576195
4522.590000 0.576636
4523.380000 0.57432
4524.160000 0.576321
4524.950000 0.575997
4525.740000 0.575845
4526.520000 0.574695
4527.310000 0.577132
4528.100000 0.575491
4528.880000 0.579191
4529.670000 0.578715
4530.450000 0.57543
4531.240000 0.578031
4532.030000 0.577144
4532.810000 0.577334
4533.600000 0.573863
4534.380000 0.576213
4535.170000 0.572932
4535.960000 0.577812
4536.740000 0.572772
4537.530000 0.576381
4538.310000 0.57821
4539.100000 0.576493
4539.880000 0.577762
4540.670000 0.576058
4541.450000 0.577006
4542.240000 0.576441
4543.020000 0.580561
4543.810000 0.582369
4544.590000 0.579179
4545.380000 0.582303
4546.160000 0.583747
4546.950000 0.582971
4547.730000 0.586483
4548.520000 0.585024
4549.300000 0.586297
4550.080000 0.587948
4550.870000 0.585975
4551.650000 0.586999
4552.440000 0.588093
4553.220000 0.588811
4554.000000 0.590506
4554.790000 0.588909
4555.570000 0.592703
4556.360000 0.588935
4557.140000 0.591224
4557.920000 0.589902
4558.710000 0.590621
4559.490000 0.591795
4560.270000 0.590368
4561.060000 0.592266
4561.840000 0.593276
4562.620000 0.594584
4563.410000 0.594959
4564.190000 0.594747
4564.970000 0.594769
4565.760000 0.594552
4566.540000 0.591956
4567.320000 0.592251
4568.110000 0.594228
4568.890000 0.592818
4569.670000 0.592501
4570.450000 0.591049
4571.240000 0.594098
4572.020000 0.592971
4572.800000 0.593641
4573.580000 0.592615
4574.370000 0.591859
4575.150000 0.591788
4575.930000 0.592054
4576.710000 0.594572
4577.490000 0.594445
4578.280000 0.593202
4579.060000 0.593387
4579.840000 0.595579
4580.620000 0.594929
4581.400000 0.596213
4582.180000 0.596421
4582.960000 0.594567
4583.750000 0.59612
4584.530000 0.594141
4585.310000 0.594367
4586.090000 0.597831
4586.870000 0.592746
4587.650000 0.595831
4588.430000 0.597843
4589.210000 0.596214
4589.990000 0.597601
4590.780000 0.595342
4591.560000 0.595029
4592.340000 0.595751
4593.120000 0.594197
4593.900000 0.595752
4594.680000 0.595047
4595.460000 0.596251
4596.240000 0.594255
4597.020000 0.594121
4597.800000 0.597865
4598.580000 0.596918
4599.360000 0.598134
4600.140000 0.594182
4600.920000 0.59396
4601.700000 0.592095
4602.480000 0.595199
4603.260000 0.594801
4604.040000 0.593203
4604.820000 0.59269
4605.590000 0.593309
4606.370000 0.597549
4607.150000 0.593755
4607.930000 0.593988
4608.710000 0.594143
4609.490000 0.592944
4610.270000 0.596079
4611.050000 0.594927
4611.830000 0.593822
4612.610000 0.591499
4613.380000 0.594024
4614.160000 0.596406
4614.940000 0.595312
4615.720000 0.592966
4616.500000 0.594326
4617.280000 0.595249
4618.050000 0.593048
4618.830000 0.590696
4619.610000 0.593132
4620.390000 0.59457
4621.170000 0.592681
4621.940000 0.592303
4622.720000 0.593527
4623.500000 0.589656
4624.280000 0.590262
4625.050000 0.588099
4625.830000 0.586408
4626.610000 0.587959
4627.380000 0.583823
4628.160000 0.586048
4628.940000 0.584255
4629.720000 0.583455
4630.490000 0.582813
4631.270000 0.5815
4632.050000 0.579824
4632.820000 0.576433
4633.600000 0.577761
4634.380000 0.575778
4635.150000 0.575383
4635.930000 0.576792
4636.700000 0.577039
4637.480000 0.574041
4638.260000 0.572879
4639.030000 0.572392
4639.810000 0.571803
4640.580000 0.5716
4641.360000 0.570939
4642.140000 0.572462
4642.910000 0.569354
4643.690000 0.571067
4644.460000 0.571029
4645.240000 0.572445
4646.010000 0.571613
4646.790000 0.572021
4647.560000 0.572816
4648.340000 0.574127
4649.110000 0.575532
4649.890000 0.576008
4650.660000 0.575693
4651.440000 0.579214
4652.210000 0.581866
4652.990000 0.580221
4653.760000 0.58076
4654.540000 0.588119
4655.310000 0.58318
4656.080000 0.588725
4656.860000 0.587279
4657.630000 0.590178
4658.410000 0.591871
4659.180000 0.58903
4659.950000 0.592975
4660.730000 0.593825
4661.500000 0.594335
4662.270000 0.594289
4663.050000 0.598525
4663.820000 0.596529
4664.590000 0.60064
4665.370000 0.600019
4666.140000 0.600714
4666.910000 0.600095
4667.690000 0.602434
4668.460000 0.599327
4669.230000 0.603574
4670.000000 0.603426
4670.780000 0.602028
4671.550000 0.601143
4672.320000 0.601918
4673.090000 0.600291
4673.870000 0.603567
4674.640000 0.599387
4675.410000 0.603343
4676.180000 0.601876
4676.960000 0.600231
4677.730000 0.601573
4678.500000 0.600489
4679.270000 0.603938
4680.040000 0.599342
4680.810000 0.601206
4681.580000 0.599625
4682.360000 0.598332
4683.130000 0.597927
4683.900000 0.600582
4684.670000 0.600743
4685.440000 0.600232
4686.210000 0.598771
4686.980000 0.597884
4687.750000 0.598698
4688.520000 0.598674
4689.290000 0.601154
4690.060000 0.600879
4690.830000 0.600737
4691.610000 0.600755
4692.380000 0.602209
4693.150000 0.602915
4693.920000 0.604622
4694.690000 0.603776
4695.460000 0.60255
4696.230000 0.602661
4696.990000 0.602251
4697.760000 0.604587
4698.530000 0.60571
4699.300000 0.604188
4700.070000 0.604018
4700.840000 0.604517
4701.610000 0.604551
4702.380000 0.602104
4703.150000 0.604309
4703.920000 0.601409
4704.690000 0.60411
4705.460000 0.604048
4706.220000 0.601931
4706.990000 0.601859
4707.760000 0.603602
4708.530000 0.602295
4709.300000 0.601423
4710.070000 0.600325
4710.830000 0.601524
4711.600000 0.600386
4712.370000 0.59745
4713.140000 0.599119
4713.900000 0.597641
4714.670000 0.597639
4715.440000 0.598995
4716.210000 0.597898
4716.970000 0.596698
4717.740000 0.601369
4718.510000 0.596278
4719.280000 0.595829
4720.040000 0.59414
4720.810000 0.597208
4721.580000 0.596683
4722.340000 0.593857
4723.110000 0.596782
4723.880000 0.597041
4724.640000 0.597058
4725.410000 0.598192
4726.180000 0.595274
4726.940000 0.598821
4727.710000 0.59973
4728.470000 0.600322
4729.240000 0.600125
4730.010000 0.597411
4730.770000 0.597724
4731.540000 0.600737
4732.300000 0.600901
4733.070000 0.602045
4733.830000 0.602465
4734.600000 0.604441
4735.360000 0.604753
4736.130000 0.602778
4736.890000 0.603608
4737.660000 0.605228
4738.420000 0.604298
4739.190000 0.603251
4739.950000 0.603395
4740.720000 0.60453
4741.480000 0.603762
4742.240000 0.605344
4743.010000 0.605162
4743.770000 0.603019
4744.540000 0.602437
4745.300000 0.603437
4746.060000 0.602908
4746.830000 0.603085
4747.590000 0.600527
4748.360000 0.598375
4749.120000 0.601045
4749.880000 0.600908
4750.650000 0.600747
4751.410000 0.601434
4752.170000 0.598812
4752.930000 0.594745
4753.700000 0.600522
4754.460000 0.597718
4755.220000 0.599196
4755.990000 0.5976
4756.750000 0.59689
4757.510000 0.593657
4758.270000 0.595866
4759.030000 0.595687
4759.800000 0.597847
4760.560000 0.597151
4761.320000 0.593965
4762.080000 0.5947
4762.840000 0.593816
4763.610000 0.596438
4764.370000 0.593154
4765.130000 0.594552
4765.890000 0.594294
4766.650000 0.59663
4767.410000 0.595819
4768.170000 0.595708
4768.930000 0.594823
4769.690000 0.598747
4770.450000 0.596056
4771.220000 0.598072
4771.980000 0.596809
4772.740000 0.596699
4773.500000 0.601114
4774.260000 0.597463
4775.020000 0.597626
4775.780000 0.599737
4776.540000 0.59892
4777.300000 0.598121
4778.060000 0.598016
4778.820000 0.596912
4779.580000 0.596603
4780.330000 0.599075
4781.090000 0.599391
4781.850000 0.597915
4782.610000 0.598787
4783.370000 0.5954
4784.130000 0.595916
4784.890000 0.598343
4785.650000 0.597037
4786.410000 0.598136
4787.160000 0.597087
4787.920000 0.594789
4788.680000 0.59424
4789.440000 0.597214
4790.200000 0.596716
4790.960000 0.595225
4791.710000 0.596796
4792.470000 0.593129
4793.230000 0.595574
4793.990000 0.595139
4794.740000 0.59463
4795.500000 0.593196
4796.260000 0.594392
4797.020000 0.592216
4797.770000 0.594669
4798.530000 0.59287
4799.290000 0.590849
4800.040000 0.592698
4800.800000 0.593847
4801.560000 0.593018
4802.310000 0.594834
4803.070000 0.594261
4803.830000 0.592609
4804.580000 0.594109
4805.340000 0.595155
4806.090000 0.594815
4806.850000 0.593523
4807.600000 0.596526
4808.360000 0.595829
4809.120000 0.591133
4809.870000 0.596608
4810.630000 0.597236
4811.380000 0.598251
4812.140000 0.595185
4812.890000 0.596922
4813.650000 0.594346
4814.400000 0.595623
4815.160000 0.594032
4815.910000 0.59555
4816.660000 0.596614
4817.420000 0.593997
4818.170000 0.594459
4818.930000 0.5952
4819.680000 0.59219
4820.440000 0.590931
4821.190000 0.590041
4821.940000 0.589703
4822.700000 0.587381
4823.450000 0.589132
4824.200000 0.58684
4824.960000 0.586452
4825.710000 0.584776
4826.460000 0.580856
4827.220000 0.585608
4827.970000 0.58039
4828.720000 0.579452
4829.470000 0.580195
4830.230000 0.577088
4830.980000 0.573717
4831.730000 0.578469
4832.480000 0.574389
4833.240000 0.575223
4833.990000 0.57181
4834.740000 0.572017
4835.490000 0.572887
4836.240000 0.572349
4836.990000 0.569689
4837.750000 0.569475
4838.500000 0.572925
4839.250000 0.570065
4840.000000 0.569143
4840.750000 0.569309
4841.500000 0.571888
4842.250000 0.571597
4843.000000 0.572371
4843.750000 0.571715
4844.500000 0.57342
4845.250000 0.574189
4846.000000 0.574946
4846.750000 0.578086
4847.500000 0.577391
4848.250000 0.580265
4849.000000 0.580205
4849.750000 0.581522
4850.500000 0.581633
4851.250000 0.585877
4852.000000 0.585365
4852.750000 0.58672
4853.500000 0.591228
4854.250000 0.590485
4855.000000 0.592182
4855.750000 0.593117
4856.500000 0.593524
4857.240000 0.595386
4857.990000 0.595304
4858.740000 0.596621
4859.490000 0.598941
4860.240000 0.601327
4860.990000 0.600628
4861.730000 0.602483
4862.480000 0.602233
4863.230000 0.603993
4863.980000 0.604054
4864.720000 0.602801
4865.470000 0.604901
4866.220000 0.603696
4866.970000 0.60308
4867.710000 0.605111
4868.460000 0.606052
4869.210000 0.603848
4869.950000 0.60471
4870.700000 0.601568
4871.450000 0.60289
4872.190000 0.601426
4872.940000 0.601175
4873.680000 0.602238
4874.430000 0.60067
4875.180000 0.600053
4875.920000 0.601209
4876.670000 0.601045
4877.410000 0.599681
4878.160000 0.598556
4878.900000 0.596569
4879.650000 0.598741
4880.390000 0.596932
4881.140000 0.595301
4881.880000 0.593661
4882.630000 0.593555
4883.370000 0.592883
4884.120000 0.595361
4884.860000 0.593962
4885.610000 0.592342
4886.350000 0.593785
4887.090000 0.593458
4887.840000 0.596218
4888.580000 0.594264
4889.330000 0.594666
4890.070000 0.596664
4890.810000 0.595031
4891.560000 0.594467
4892.300000 0.595651
4893.040000 0.59644
4893.790000 0.59843
4894.530000 0.597868
4895.270000 0.599768
4896.010000 0.600553
4896.760000 0.600574
4897.500000 0.603175
4898.240000 0.600321
4898.980000 0.604572
4899.730000 0.60167
4900.470000 0.601651
4901.210000 0.601909
4901.950000 0.603942
4902.690000 0.605162
4903.430000 0.603865
4904.170000 0.606133
4904.920000 0.603765
4905.660000 0.606954
4906.400000 0.602496
4907.140000 0.604008
4907.880000 0.606992
4908.620000 0.60475
4909.360000 0.603189
4910.100000 0.603229
4910.840000 0.602765
4911.580000 0.602699
4912.320000 0.604185
4913.060000 0.602527
4913.800000 0.600727
4914.540000 0.60323
4915.280000 0.598217
4916.020000 0.597144
4916.760000 0.597306
4917.500000 0.596943
4918.240000 0.595114
4918.980000 0.596558
4919.720000 0.595612
4920.450000 0.593691
4921.190000 0.59362
4921.930000 0.592112
4922.880000 0.588718
4923.630000 0.591696
4924.390000 0.588854
4925.150000 0.589587
4925.910000 0.587351
4926.670000 0.589833
4927.420000 0.585779
4928.180000 0.588874
4928.940000 0.586135
4929.690000 0.587736
4930.450000 0.584056
4931.210000 0.586566
4931.970000 0.58802
4932.720000 0.588065
4933.480000 0.588533
4934.240000 0.587436
4934.990000 0.589609
4935.750000 0.590259
4936.510000 0.588962
4937.260000 0.590359
4938.020000 0.589717
4938.780000 0.590279
4939.530000 0.591711
4940.290000 0.591789
4941.040000 0.592811
4941.800000 0.593937
4942.560000 0.594321
4943.310000 0.596116
4944.070000 0.595598
4944.830000 0.598539
4945.580000 0.596785
4946.340000 0.596832
4947.090000 0.599155
4947.850000 0.598682
4948.600000 0.600574
4949.360000 0.602635
4950.120000 0.60199
4950.870000 0.601511
4951.630000 0.60331
4952.380000 0.605036
4953.140000 0.603764
4953.890000 0.606269
4954.650000 0.605675
4955.400000 0.602631
4956.160000 0.603103
4956.910000 0.609065
4957.670000 0.608456
4958.420000 0.606515
4959.180000 0.609108
4959.930000 0.608614
4960.690000 0.607569
4961.440000 0.607475
4962.200000 0.611005
4962.950000 0.609688
4963.700000 0.607395
4964.460000 0.609078
4965.210000 0.611412
4965.970000 0.610563
4966.720000 0.610399
4967.480000 0.610899
4968.230000 0.611854
4968.980000 0.611856
4969.740000 0.611557
4970.490000 0.61153
4971.250000 0.609996
4972.000000 0.61012
4972.750000 0.610378
4973.510000 0.610181
4974.260000 0.61107
4975.010000 0.61163
4975.770000 0.609809
4976.520000 0.60941
4977.270000 0.609811
4978.030000 0.610042
4978.780000 0.611283
4979.530000 0.60976
4980.290000 0.607664
4981.040000 0.607371
4981.790000 0.606388
4982.540000 0.60626
4983.300000 0.60938
4984.050000 0.604019
4984.800000 0.604728
4985.550000 0.601404
4986.310000 0.604998
4987.060000 0.603694
4987.810000 0.602715
4988.560000 0.604654
4989.320000 0.601359
4990.070000 0.599987
4990.820000 0.600105
4991.570000 0.597329
4992.320000 0.598848
4993.080000 0.597032
4993.830000 0.597765
4994.580000 0.596577
4995.330000 0.595425
4996.080000 0.596542
4996.830000 0.595264
4997.590000 0.595597
4998.340000 0.592948
4999.090000 0.592793
4999.840000 0.592349
5000.590000 0.592383
5001.340000 0.594056
5002.090000 0.590715
5002.840000 0.592086
5003.590000 0.59043
5004.340000 0.590508
5005.100000 0.589839
5005.850000 0.592868
5006.600000 0.590702
5007.350000 0.590237
5008.100000 0.591638
5008.850000 0.59009
5009.600000 0.590962
5010.350000 0.591851
5011.100000 0.59066
5011.850000 0.589673
5012.600000 0.590553
5013.350000 0.592638
5014.100000 0.591046
5014.850000 0.593514
5015.600000 0.591308
5016.350000 0.591227
5017.100000 0.590346
5017.850000 0.592929
5018.600000 0.593635
5019.350000 0.592528
5020.100000 0.59428
5020.840000 0.592952
5021.590000 0.597268
5022.340000 0.596273
5023.090000 0.598131
5023.840000 0.59771
5024.590000 0.597474
5025.340000 0.597005
5026.090000 0.59552
5026.840000 0.596315
5027.580000 0.596083
5028.330000 0.595696
5029.080000 0.598435
5029.830000 0.59776
5030.580000 0.597389
5031.330000 0.597942
5032.070000 0.597172
5032.820000 0.598493
5033.570000 0.599101
5034.320000 0.597118
5035.070000 0.597077
5035.810000 0.598624
5036.560000 0.596599
5037.310000 0.597494
5038.060000 0.597927
5038.800000 0.595706
5039.550000 0.597344
5040.300000 0.596504
5041.050000 0.59792
5041.790000 0.596334
5042.540000 0.595961
5043.290000 0.597771
5044.030000 0.596076
5044.780000 0.594604
5045.530000 0.596639
5046.280000 0.596805
5047.020000 0.595961
5047.770000 0.5959
5048.510000 0.596102
5049.260000 0.596301
5050.010000 0.595039
5050.750000 0.594346
5051.500000 0.596061
5052.250000 0.594558
5052.990000 0.595187
5053.740000 0.597148
5054.480000 0.594856
5055.230000 0.596428
5055.980000 0.596264
5056.720000 0.595036
5057.470000 0.594899
5058.210000 0.597441
5058.960000 0.598195
5059.700000 0.596425
5060.450000 0.598366
5061.190000 0.596491
5061.940000 0.597066
5062.680000 0.596562
5063.430000 0.599302
5064.170000 0.598379
5064.920000 0.600698
5065.660000 0.598973
5066.410000 0.599118
5067.150000 0.598358
5067.900000 0.598708
5068.640000 0.5995
5069.390000 0.600109
5070.130000 0.600209
5070.870000 0.598254
5071.620000 0.599489
5072.360000 0.599843
5073.110000 0.600277
5073.850000 0.600407
5074.590000 0.599346
5075.340000 0.599405
5076.080000 0.600225
5076.820000 0.599762
5077.570000 0.599391
5078.310000 0.600088
5079.050000 0.600024
5079.800000 0.599113
5080.540000 0.599649
5081.280000 0.599946
5082.030000 0.597726
5082.770000 0.599311
5083.510000 0.596755
5084.250000 0.599641
5085.000000 0.597455
5085.740000 0.600101
5086.480000 0.596828
5087.220000 0.596817
5087.970000 0.59582
5088.710000 0.596711
5089.450000 0.59531
5090.190000 0.597051
5090.940000 0.596021
5091.680000 0.594474
5092.420000 0.595675
5093.160000 0.59523
5093.900000 0.595594
5094.640000 0.593669
5095.390000 0.595974
5096.130000 0.594842
5096.870000 0.593935
5097.610000 0.594446
5098.350000 0.594749
5099.090000 0.593401
5099.830000 0.591893
5100.570000 0.592722
5101.310000 0.595165
5102.050000 0.591789
5102.800000 0.593589
5103.540000 0.593073
5104.280000 0.591399
5105.020000 0.593459
5105.760000 0.592525
5106.500000 0.593829
5107.240000 0.591876
5107.980000 0.592175
5108.720000 0.593337
5109.460000 0.590648
5110.200000 0.594494
5110.940000 0.591642
5111.680000 0.592487
5112.420000 0.5928
5113.160000 0.592051
5113.890000 0.589833
5114.630000 0.591782
5115.370000 0.590984
5116.110000 0.59092
5116.850000 0.590068
5117.590000 0.590526
5118.330000 0.591385
5119.070000 0.589976
5119.810000 0.589533
5120.540000 0.590902
5121.280000 0.590335
5122.020000 0.588455
5122.760000 0.589104
5123.500000 0.590287
5124.240000 0.588233
5124.970000 0.588735
5125.710000 0.588999
5126.450000 0.588479
5127.190000 0.588508
5127.930000 0.589465
5128.660000 0.587788
5129.400000 0.590575
5130.140000 0.589105
5130.880000 0.588123
5131.610000 0.590053
5132.350000 0.590545
5133.090000 0.588305
5133.820000 0.58948
5134.560000 0.589509
5135.300000 0.58691
5136.030000 0.590024
5136.770000 0.589538
5137.510000 0.590596
5138.240000 0.588828
5138.980000 0.589963
5139.720000 0.590567
5140.450000 0.591187
5141.190000 0.591282
5141.930000 0.590223
5142.660000 0.590324
5143.400000 0.591004
5144.130000 0.590137
5144.870000 0.592044
5145.600000 0.592392
5146.340000 0.59362
5147.070000 0.592238
5147.810000 0.594823
5148.550000 0.596739
5149.280000 0.594581
5150.020000 0.595054
5150.750000 0.594939
5151.480000 0.594501
5152.220000 0.595779
5152.950000 0.596802
5153.690000 0.596038
5154.420000 0.596322
5155.160000 0.595568
5155.890000 0.59602
5156.630000 0.597423
5157.360000 0.597148
5158.090000 0.596997
5158.830000 0.598413
5159.560000 0.598556
5160.300000 0.598605
5161.030000 0.597522
5161.760000 0.599861
5162.500000 0.598131
5163.230000 0.599136
5163.960000 0.59938
5164.700000 0.59799
5165.430000 0.59757
5166.160000 0.59743
5166.890000 0.598788
5167.630000 0.597782
5168.360000 0.597872
5169.090000 0.59785
5169.830000 0.599289
5170.560000 0.596139
5171.290000 0.597728
5172.020000 0.596213
5172.750000 0.596557
5173.490000 0.596344
5174.220000 0.596595
5174.950000 0.595699
5175.680000 0.597722
5176.410000 0.597204
5177.150000 0.596378
5177.880000 0.597997
5178.610000 0.595927
5179.340000 0.596571
5180.070000 0.595905
5180.800000 0.595697
5181.530000 0.595735
5182.260000 0.59594
5182.990000 0.594989
5183.730000 0.59567
5184.460000 0.595434
5185.190000 0.597145
5185.920000 0.595832
5186.650000 0.597573
5187.380000 0.595982
5188.110000 0.597447
5188.840000 0.597308
5189.570000 0.594786
5190.300000 0.595379
5191.030000 0.596262
5191.760000 0.593483
5192.490000 0.595596
5193.220000 0.595701
5193.940000 0.594921
5194.670000 0.595017
5195.400000 0.593758
5196.130000 0.595408
5196.860000 0.596497
5197.590000 0.596036
5198.320000 0.59606
5199.050000 0.596604
5199.780000 0.597037
5200.500000 0.597953
5201.230000 0.595917
5201.960000 0.596553
5202.690000 0.59612
5203.420000 0.596561
5204.150000 0.597982
5204.870000 0.597073
5205.600000 0.596604
5206.330000 0.595488
5207.060000 0.596018
5207.780000 0.596075
5208.510000 0.596605
5209.240000 0.595966
5209.970000 0.596192
5210.690000 0.597406
5211.420000 0.595625
5212.150000 0.594853
5212.870000 0.595192
5213.600000 0.596512
5214.330000 0.593684
5215.050000 0.594531
5215.780000 0.594456
5216.510000 0.595777
5217.230000 0.594047
5217.960000 0.594521
5218.680000 0.594154
5219.410000 0.59289
5220.130000 0.594789
5220.860000 0.592684
5221.590000 0.594835
5222.310000 0.594489
5223.040000 0.590246
5223.760000 0.591927
5224.490000 0.592644
5225.210000 0.591122
5225.940000 0.591143
5226.660000 0.591002
5227.390000 0.590184
5228.110000 0.591128
5228.840000 0.590195
5229.560000 0.589672
5230.280000 0.590283
5231.010000 0.589262
5231.730000 0.591172
5232.460000 0.588376
5233.180000 0.589473
5233.900000 0.58567
5234.630000 0.587756
5235.350000 0.587927
5236.080000 0.586829
5236.800000 0.586884
5237.520000 0.586052
5238.250000 0.585294
5238.970000 0.584043
5239.690000 0.585739
5240.410000 0.584181
5241.140000 0.584591
5241.860000 0.58272
5242.580000 0.583039
5243.300000 0.582886
5244.030000 0.582013
5244.750000 0.579636
5245.470000 0.581698
5246.190000 0.579873
5246.910000 0.5804
5247.640000 0.578601
5248.360000 0.57979
5249.080000 0.5803
5249.800000 0.578609
5250.520000 0.579339
5251.240000 0.577684
5251.970000 0.578578
5252.690000 0.579037
5253.410000 0.57716
5254.130000 0.576696
5254.850000 0.577715
5255.570000 0.57589
5256.290000 0.57737
5257.010000 0.577517
5257.730000 0.575291
5258.450000 0.575656
5259.170000 0.575268
5259.890000 0.576973
5260.610000 0.57577
5261.330000 0.576844
5262.050000 0.575313
5262.770000 0.575709
5263.490000 0.575472
5264.210000 0.575936
5264.930000 0.576112
5265.650000 0.575516
5266.370000 0.576986
5267.080000 0.576783
5267.800000 0.576031
5268.520000 0.577299
5269.240000 0.576629
5269.960000 0.57642
5270.680000 0.577331
5271.400000 0.577265
5272.110000 0.576778
5272.830000 0.577195
5273.550000 0.579917
5274.270000 0.576494
5274.990000 0.579808
5275.700000 0.578917
5276.420000 0.580124
5277.140000 0.579508
5277.860000 0.578381
5278.570000 0.578314
5279.290000 0.580022
5280.010000 0.578991
5280.720000 0.57908
5281.440000 0.581388
5282.160000 0.580404
5282.870000 0.580507
5283.590000 0.581297
5284.310000 0.58009
5285.020000 0.580478
5285.740000 0.581459
5286.450000 0.581898
5287.170000 0.580665
5287.890000 0.580905
5288.600000 0.58017
5289.320000 0.581106
5290.030000 0.581943
5290.750000 0.582153
5291.460000 0.581421
5292.180000 0.581482
5292.890000 0.580748
5293.610000 0.581799
5294.320000 0.580524
5295.040000 0.578525
5295.750000 0.581009
5296.460000 0.576817
5297.180000 0.577208
5297.890000 0.57951
5298.610000 0.576987
5299.320000 0.576382
5300.040000 0.577439
5300.750000 0.575007
5301.460000 0.576101
5302.180000 0.574839
5302.890000 0.574333
5303.600000 0.575572
5304.320000 0.574278
5305.030000 0.573143
5305.740000 0.572658
5306.450000 0.572825
5307.170000 0.572683
5307.880000 0.571687
5308.590000 0.57296
5309.300000 0.572155
5310.020000 0.571476
5310.730000 0.571289
5311.440000 0.571405
5312.150000 0.57107
5312.860000 0.568809
5313.580000 0.569014
5314.290000 0.57081
5315.000000 0.570405
5315.710000 0.569586
5316.420000 0.568893
5317.130000 0.569579
5317.840000 0.568912
5318.550000 0.571017
5319.260000 0.568847
5319.970000 0.56964
5320.680000 0.570198
5321.400000 0.570231
5322.110000 0.569254
5322.820000 0.57102
5323.530000 0.571047
5324.240000 0.571201
5324.950000 0.573584
5325.650000 0.57374
5326.360000 0.572632
5327.070000 0.574009
5327.780000 0.574337
5328.490000 0.573238
5329.200000 0.574879
5329.910000 0.573995
5330.620000 0.576345
5331.330000 0.574803
5332.040000 0.575449
5332.740000 0.575358
5333.450000 0.575944
5334.160000 0.575107
5334.870000 0.578665
5335.580000 0.580261
5336.280000 0.57712
5336.990000 0.57897
5337.700000 0.581634
5338.410000 0.580557
5339.120000 0.578745
5339.820000 0.579131
5340.530000 0.57943
5341.240000 0.579076
5341.940000 0.579595
5342.650000 0.579545
5343.360000 0.578199
5344.060000 0.578116
5344.770000 0.578695
5345.480000 0.581018
5346.180000 0.579415
5346.890000 0.57908
5347.590000 0.580087
5348.300000 0.579501
5349.010000 0.579514
5349.710000 0.578669
5350.420000 0.578101
5351.120000 0.577746
5351.830000 0.577027
5352.530000 0.57665
5353.240000 0.57731
5353.940000 0.576339
5354.650000 0.575542
5355.350000 0.575619
5356.060000 0.575355
5356.760000 0.57588
5357.460000 0.574871
5358.170000 0.574617
5358.870000 0.573827
5359.580000 0.574272
5360.280000 0.573939
5360.980000 0.573224
5361.690000 0.572426
5362.390000 0.571254
5363.090000 0.570293
5363.800000 0.5707
5364.500000 0.571939
5365.200000 0.571028
5365.910000 0.569258
5366.610000 0.567842
5367.310000 0.569322
5368.010000 0.570679
5368.720000 0.568262
5369.420000 0.569034
5370.120000 0.569957
5370.820000 0.567676
5371.520000 0.566436
5372.220000 0.568273
5372.930000 0.568892
5373.630000 0.569682
5374.330000 0.568472
5375.030000 0.568378
5375.730000 0.568369
5376.430000 0.57
5377.130000 0.570272
5377.830000 0.570637
5378.530000 0.568697
5379.230000 0.570789
5379.930000 0.570754
5380.630000 0.569606
5381.330000 0.569561
5382.030000 0.569188
5382.730000 0.570053
5383.430000 0.570836
5384.130000 0.571606
5384.830000 0.571532
5385.530000 0.570482
5386.230000 0.571009
5386.930000 0.573491
5387.630000 0.572681
5388.330000 0.572153
5389.030000 0.573032
5389.720000 0.573248
5390.420000 0.5737
5391.120000 0.573751
5391.820000 0.573344
5392.520000 0.57392
5393.220000 0.574853
5393.910000 0.573765
5394.610000 0.572441
5395.310000 0.575138
5396.010000 0.57626
5396.700000 0.575288
5397.400000 0.57373
5398.100000 0.57493
5398.790000 0.574645
5399.490000 0.573586
5400.190000 0.574257
5400.880000 0.572576
5401.580000 0.573685
5402.280000 0.57437
5402.970000 0.572376
5403.670000 0.572717
5404.360000 0.572662
5405.060000 0.573059
5405.750000 0.572098
5406.450000 0.572287
5407.150000 0.57107
5407.840000 0.569906
5408.540000 0.572351
5409.230000 0.570481
5409.930000 0.571126
5410.620000 0.570496
5411.310000 0.570534
5412.010000 0.569553
5412.700000 0.569483
5413.400000 0.569375
5414.090000 0.567682
5414.790000 0.567602
5415.480000 0.568542
5416.170000 0.567536
5416.870000 0.568142
5417.560000 0.567758
5418.250000 0.569048
5418.950000 0.568294
5419.640000 0.566658
5420.330000 0.567785
5421.020000 0.566513
5421.720000 0.567339
5422.410000 0.567921
5423.100000 0.567025
5423.790000 0.566642
5424.490000 0.567279
5425.180000 0.567067
5425.870000 0.567565
5426.560000 0.565557
5427.250000 0.569025
5427.940000 0.567147
5428.630000 0.567319
5429.330000 0.567629
5430.020000 0.567061
5430.710000 0.568208
5431.400000 0.568667
5432.090000 0.568187
5432.780000 0.568112
5433.470000 0.567365
5434.160000 0.567377
5434.850000 0.569144
5435.540000 0.568717
5436.230000 0.569458
5436.920000 0.569013
5437.610000 0.569033
5438.300000 0.5694
5438.990000 0.568459
5439.680000 0.569826
5440.360000 0.570485
5441.050000 0.571036
5441.740000 0.570611
5442.430000 0.570418
5443.120000 0.570504
5443.810000 0.570655
5444.500000 0.570704
5445.180000 0.569831
5445.870000 0.569163
5446.560000 0.569678
5447.250000 0.569469
5447.930000 0.568942
5448.620000 0.570397
5449.310000 0.568586
5450.000000 0.568925
5450.680000 0.569604
5451.370000 0.568346
5452.060000 0.568798
5452.740000 0.566787
5453.430000 0.568448
5454.110000 0.567764
5454.800000 0.566048
5455.490000 0.567988
5456.170000 0.568017
5456.860000 0.566525
5457.540000 0.567281
5458.230000 0.567587
5458.910000 0.566695
5459.600000 0.565309
5460.280000 0.566446
5460.970000 0.566228
5461.650000 0.565769
5462.340000 0.565074
5463.020000 0.565393
5463.710000 0.566023
5464.390000 0.565605
5465.080000 0.564596
5465.760000 0.564532
5466.440000 0.565416
5467.130000 0.563867
5467.810000 0.564729
5468.490000 0.564097
5469.180000 0.564584
5469.860000 0.564102
5470.540000 0.564321
5471.230000 0.564049
5471.910000 0.56322
5472.590000 0.564421
5473.270000 0.563107
5473.960000 0.563393
5474.640000 0.563595
5475.320000 0.561814
5476.000000 0.562538
5476.680000 0.564163
5477.360000 0.563738
5478.050000 0.563479
5478.730000 0.562608
5479.410000 0.564706
5480.090000 0.563387
5480.770000 0.563257
5481.450000 0.562679
5482.130000 0.564149
5482.810000 0.562775
5483.490000 0.561383
5484.170000 0.561093
5484.850000 0.561719
5485.530000 0.560474
5486.210000 0.559905
5486.890000 0.559437
5487.570000 0.558683
5488.250000 0.558087
5488.930000 0.557145
5489.610000 0.555685
5490.290000 0.555797
5490.970000 0.553611
5491.640000 0.551133
5492.320000 0.551555
5493.000000 0.549884
5493.680000 0.546957
5494.360000 0.547246
5495.030000 0.545104
5495.710000 0.541756
5496.390000 0.54031
5497.070000 0.536301
5497.740000 0.535505
5498.420000 0.532176
5499.100000 0.529537
5499.780000 0.525962
5500.450000 0.521858
5501.130000 0.519677
5501.800000 0.515382
5502.480000 0.510296
5503.160000 0.507628
5503.830000 0.503065
5504.510000 0.497423
5505.180000 0.492525
5505.860000 0.48658
5506.540000 0.481267
5507.210000 0.475156
5507.890000 0.470871
5508.560000 0.464247
5509.240000 0.456999
5509.910000 0.450107
5510.590000 0.442508
5511.260000 0.435644
5511.930000 0.427681
5512.610000 0.420873
5513.280000 0.410869
5513.960000 0.402843
5514.630000 0.39435
5515.300000 0.385257
5515.980000 0.377797
5516.650000 0.368244
5517.320000 0.358792
5518.000000 0.348875
5518.670000 0.340427
5519.340000 0.330519
5520.010000 0.321513
5520.690000 0.312172
5521.360000 0.302757
5522.030000 0.292526
5522.700000 0.283675
5523.370000 0.274054
5524.050000 0.265023
5524.720000 0.255493
5525.390000 0.246295
5526.060000 0.237067
5526.730000 0.22703
5527.400000 0.219105
5528.070000 0.209746
5528.740000 0.201461
5529.410000 0.1931
5530.050000 0.176
5530.080000 0.184701
5531.420000 0.168049
5532.090000 0.160455
5532.760000 0.152662
5533.430000 0.145284
5534.100000 0.13775
5534.770000 0.130887
5535.440000 0.12399
5536.110000 0.117403
5536.780000 0.111139
5537.450000 0.104821
5538.120000 0.0989271
5538.780000 0.0934148
5539.450000 0.0880299
5540.120000 0.0830007
5540.790000 0.0779266
5541.460000 0.0732942
5542.120000 0.0690719
5542.790000 0.0647713
5543.460000 0.0608985
5544.130000 0.0570328
5544.790000 0.0536422
5545.460000 0.0500943
5546.130000 0.0472468
5546.790000 0.0442958
5547.460000 0.0413377
5548.120000 0.0386688
5548.790000 0.0362306
5549.460000 0.0338919
5550.120000 0.0317911
5550.790000 0.0298053
5551.450000 0.027876
5552.120000 0.0261007
5552.780000 0.0244139
5553.450000 0.0229367
5554.110000 0.0215481
5554.780000 0.020195
5555.440000 0.018935
5556.110000 0.0178251
5556.770000 0.0166381
5557.440000 0.0155949
5558.100000 0.0146435
5558.760000 0.0138174
5559.430000 0.0129156
5560.090000 0.0122351
5560.760000 0.0114479
5561.420000 0.0107543
5562.080000 0.0101281
5562.740000 0.00964293
5563.410000 0.00907733
5564.070000 0.00847589
5564.730000 0.0080189
5565.390000 0.00757938
5566.060000 0.00715157
5566.720000 0.00674055
5567.380000 0.00643026
5568.040000 0.00605672
5568.700000 0.00582773
5569.370000 0.00547673
5570.030000 0.00518096
5570.690000 0.0048892
5571.350000 0.00467833
5572.010000 0.00447684
5572.670000 0.00420724
5573.330000 0.00402325
5573.990000 0.00381446
5574.650000 0.00359391
5575.310000 0.00350794
5575.970000 0.00327822
5576.630000 0.00316747
5577.290000 0.00303191
5577.950000 0.00292709
5578.610000 0.00274763
5579.270000 0.00262148
5579.930000 0.0025385
5580.590000 0.00240502
5581.240000 0.00232887
5581.900000 0.002241
5582.560000 0.00210984
5583.220000 0.00206158
5583.880000 0.00198258
5584.540000 0.00197661
5585.190000 0.00186686
5585.850000 0.00179253
5586.510000 0.00174176
5587.170000 0.00164555
5587.820000 0.00162586
5588.480000 0.00158506
5589.140000 0.00146429
5589.790000 0.00142718
5590.450000 0.0014062
5591.110000 0.00133991
5591.760000 0.0013337
5592.420000 0.00129251
5593.070000 0.00124535
5593.730000 0.00120285
5594.380000 0.00113741
5595.040000 0.00116348
5595.690000 0.00112583
5596.350000 0.00108722
5597.000000 0.00104838
5597.660000 0.0010684
5598.310000 0.00106434
5598.970000 0.000998426
5599.620000 0.00092663
5600.280000 0.000904091
5600.930000 0.0009399
5601.580000 0.000890083
5602.240000 0.000878054
5602.890000 0.000886173
5603.540000 0.000849161
5604.200000 0.00083275
5604.850000 0.000799007
5605.500000 0.000813747
5606.160000 0.000778002
5606.810000 0.00077544
5607.460000 0.000732242
5608.110000 0.000739522
5608.770000 0.000803454
5609.420000 0.000671672
5610.070000 0.000698336
5610.720000 0.00069092
5611.370000 0.000747393
5612.020000 0.000706819
5612.670000 0.000676378
5613.330000 0.000642292
5613.980000 0.000691261
5614.630000 0.000639212
5615.280000 0.00064917
5615.930000 0.000620349
5616.580000 0.000615594
5617.230000 0.000606815
5617.880000 0.000621395
5618.530000 0.000580006
5619.180000 0.000609674
5619.830000 0.000575968
5620.470000 0.000573279
5621.120000 0.000540848
5621.770000 0.000551429
5622.420000 0.000517527
5623.070000 0.000551117
5623.720000 0.000535365
5624.370000 0.00050768
5625.010000 0.000561802
5625.660000 0.000519227
5626.310000 0.000491898
5626.960000 0.000464652
5627.610000 0.000544319
5628.250000 0.000489763
5628.900000 0.00049112
5629.550000 0.000474459
5630.190000 0.0004751
5630.840000 0.000571399
5631.490000 0.00049937
5632.130000 0.000511675
5632.780000 0.000435545
5633.420000 0.000453317
5634.070000 0.000472237
5634.720000 0.000402192
5635.360000 0.000509142
5636.010000 0.00044668
5636.650000 0.000451778
5637.300000 0.000442143
5637.940000 0.000441148
5638.590000 0.000451063
5639.230000 0.000432487
5639.870000 0.000456752
5640.520000 0.000453083
5641.160000 0.000432763
5641.810000 0.000439924
5642.450000 0.000445383
5643.090000 0.000412996
5643.740000 0.000429317
5644.380000 0.0003744
5645.020000 0.000397876
5645.670000 0.000368573
5646.310000 0.000387822
5646.950000 0.000378469
5647.590000 0.000386365
5648.240000 0.000376881
