# rubin.lsst.g  
# photon
# Rubin LSST g 1.9 https://github.com/lsst/throughputs/blob/e70d1daf069e606caa3feb43eccc62ec21e0baf5/baseline/total_g.dat
  3200.0   5.403158427260498e-22 
  3205.0  1.3392763042138652e-10 
  3210.0   5.196596848199885e-10 
  3215.0  1.4749864669776254e-09 
  3220.0    3.12746040971066e-09 
  3225.0   6.022509489371832e-09 
  3230.0  1.0768349413102274e-08 
  3235.0  2.0492580349876454e-08 
  3240.0   3.431402201149951e-08 
  3245.0   5.758023550061296e-08 
  3250.0   8.914010422670274e-08 
  3255.0   1.385661421616093e-07 
  3260.0  2.0885035410537358e-07 
  3265.0  2.8753695392140557e-07 
  3270.0   3.767040024194297e-07 
  3275.0   5.113519786338253e-07 
  3280.0   6.770627836116323e-07 
  3285.0   8.712193037836241e-07 
  3290.0  1.1149658621169216e-06 
  3295.0  1.4049543693752933e-06 
  3300.0  1.7171929283129018e-06 
  3305.0   2.063173652970215e-06 
  3310.0  2.4674376005859595e-06 
  3315.0   2.823465688014366e-06 
  3320.0   3.249368963351468e-06 
  3325.0  3.7831982693149167e-06 
  3330.0  4.3354283840193484e-06 
  3335.0   4.795465591595385e-06 
  3340.0   5.318300061415169e-06 
  3345.0   5.869380193525564e-06 
  3350.0  6.4766757754200005e-06 
  3355.0   7.034732926233382e-06 
  3360.0   7.586026711874674e-06 
  3365.0   8.149133060679744e-06 
  3370.0   8.740057693238176e-06 
  3375.0   9.275766989320876e-06 
  3380.0   9.930307899730275e-06 
  3385.0  1.0578864211085248e-05 
  3390.0  1.1196747593306448e-05 
  3395.0  1.1866097208954212e-05 
  3400.0  1.2517286325270243e-05 
  3405.0  1.2977870444566028e-05 
  3410.0  1.3500864767544903e-05 
  3415.0  1.4124695596381607e-05 
  3420.0  1.4770715565434037e-05 
  3425.0   1.537147075900261e-05 
  3430.0  1.5932959911096488e-05 
  3435.0   1.634404199313981e-05 
  3440.0  1.6763491787563894e-05 
  3445.0   1.713763599660879e-05 
  3450.0   1.757974112869033e-05 
  3455.0    1.81099214614476e-05 
  3460.0  1.8617575515564104e-05 
  3465.0   1.904806221741842e-05 
  3470.0  1.9486573949088722e-05 
  3475.0   2.009889249553274e-05 
  3480.0   2.072589111071718e-05 
  3485.0  2.1127967845544295e-05 
  3490.0   2.157423676184814e-05 
  3495.0  2.2050980312718758e-05 
  3500.0  2.2532495237976334e-05 
  3505.0   2.292932945356624e-05 
  3510.0   2.336812781065884e-05 
  3515.0  2.3686843327849353e-05 
  3520.0  2.4050580109757244e-05 
  3525.0  2.4372577139725283e-05 
  3530.0   2.465562802198469e-05 
  3535.0   2.509519742731099e-05 
  3540.0  2.5497454654356267e-05 
  3545.0  2.5817938493499325e-05 
  3550.0  2.6142564490220607e-05 
  3555.0  2.6467830628113365e-05 
  3560.0  2.6797198881576285e-05 
  3565.0  2.7186315443666685e-05 
  3570.0  2.7625047028939446e-05 
  3575.0   2.794213986352484e-05 
  3580.0  2.8261779370921698e-05 
  3585.0  2.8567694988322086e-05 
  3590.0  2.8828396845806226e-05 
  3595.0  2.9192428516401804e-05 
  3600.0     2.9561185347025e-05 
  3605.0   2.981691457345842e-05 
  3610.0   3.012435237875699e-05 
  3615.0  3.0509252136569045e-05 
  3620.0  3.0897536897386656e-05 
  3625.0   3.120759714667825e-05 
  3630.0   3.157035101244109e-05 
  3635.0    3.19594659992365e-05 
  3640.0  3.2300744401790927e-05 
  3645.0  3.2603750467798276e-05 
  3650.0   3.290879010555403e-05 
  3655.0  3.3299705826062034e-05 
  3660.0   3.374722446190355e-05 
  3665.0  3.4080903681168246e-05 
  3670.0   3.436310956990163e-05 
  3675.0  3.4821748748681184e-05 
  3680.0   3.528519908796829e-05 
  3685.0  3.5581136126652956e-05 
  3690.0   3.593526271836554e-05 
  3695.0   3.619821185113318e-05 
  3700.0   3.651550317026774e-05 
  3705.0   3.684466267375128e-05 
  3710.0   3.711550308243191e-05 
  3715.0   3.760794678214548e-05 
  3720.0  3.8048032782228537e-05 
  3725.0   3.847685699369422e-05 
  3730.0   3.885033389740757e-05 
  3735.0  3.9251871683201905e-05 
  3740.0   3.959571307752619e-05 
  3745.0   3.990644578066895e-05 
  3750.0  4.0162160851311945e-05 
  3755.0  4.0570626799392906e-05 
  3760.0   4.092483403198976e-05 
  3765.0   4.140783628542692e-05 
  3770.0   4.183197133442225e-05 
  3775.0   4.228225981165561e-05 
  3780.0  4.2672948015396654e-05 
  3785.0    4.30827599225012e-05 
  3790.0   4.343114429219094e-05 
  3795.0   4.377790411508707e-05 
  3800.0   4.419225467053706e-05 
  3805.0   4.461048151334468e-05 
  3810.0   4.509822738770581e-05 
  3815.0  4.5468835195867746e-05 
  3820.0   4.590906623946391e-05 
  3825.0  4.6288237851106955e-05 
  3830.0  4.6737941895340636e-05 
  3835.0   4.717453618109845e-05 
  3840.0   4.761502699698385e-05 
  3845.0   4.804852193757256e-05 
  3850.0  4.8553236475459746e-05 
  3855.0    0.002046593151241906 
  3860.0   0.0040825593696689096 
  3865.0     0.00440406932430262 
  3870.0    0.004730191645697773 
  3875.0    0.004745998536280412 
  3880.0    0.004754638335059567 
  3885.0     0.00685654943901568 
  3890.0    0.009003972883570474 
  3895.0     0.01054270191570941 
  3900.0     0.01210502824561426 
  3905.0    0.016784814017440846 
  3910.0    0.021528184649855075 
  3915.0    0.027242660170587636 
  3920.0     0.03303455995857356 
  3925.0     0.04159625601550313 
  3930.0    0.050241231495405866 
  3935.0     0.06242936322896341 
  3940.0     0.07492183203457223 
  3945.0     0.09062841612835859 
  3950.0     0.10655796755423225 
  3955.0     0.12471572330046443 
  3960.0     0.14311050816315515 
  3965.0       0.165951170922398 
  3970.0     0.18896110951232986 
  3975.0     0.21437462941452645 
  3980.0     0.24014205617007303 
  3985.0     0.26865553975788414 
  3990.0      0.2979424682805659 
  3995.0      0.3272718449959731 
  4000.0     0.35699282896564927 
  4005.0      0.3852123385177814 
  4010.0     0.41376193806756234 
  4015.0      0.4413927881914829 
  4020.0     0.46878309857936235 
  4025.0      0.4927719174117253 
  4030.0      0.5170366118348936 
  4035.0      0.5357061581219423 
  4040.0      0.5545868332749662 
  4045.0      0.5696797899978975 
  4050.0      0.5857179479982964 
  4055.0      0.5954844975642257 
  4060.0      0.6053331677804332 
  4065.0      0.6146592349852161 
  4070.0      0.6240722422456162 
  4075.0      0.6299392003124635 
  4080.0      0.6358439223923342 
  4085.0      0.6414169010101735 
  4090.0      0.6470300080326299 
  4095.0      0.6507986251611623 
  4100.0       0.654585911115396 
  4105.0      0.6579551689284664 
  4110.0       0.662215497184038 
  4115.0      0.6643377035819528 
  4120.0      0.6664627311846745 
  4125.0      0.6693477722678366 
  4130.0      0.6722418898455709 
  4135.0      0.6752986431829827 
  4140.0      0.6783668212401812 
  4145.0      0.6821826484358359 
  4150.0       0.686016724846793 
  4155.0      0.6902715397307109 
  4160.0      0.6945478187683783 
  4165.0       0.699037065404331 
  4170.0      0.7035500782445588 
  4175.0      0.7077454454694533 
  4180.0      0.7119608621627782 
  4185.0      0.7163305809935799 
  4190.0       0.720721017886158 
  4195.0      0.7256429724004869 
  4200.0      0.7305917599461546 
  4205.0      0.7354224975080889 
  4210.0      0.7402775526834111 
  4215.0      0.7437149662795127 
  4220.0      0.7471655303444111 
  4225.0      0.7502836682530147 
  4230.0       0.753412282394075 
  4235.0      0.7550406005020521 
  4240.0      0.7576422085048012 
  4245.0      0.7598383742874429 
  4250.0      0.7620381801704862 
  4255.0      0.7648104588242219 
  4260.0      0.7675905198490616 
  4265.0      0.7704000618356883 
  4270.0      0.7732177851497339 
  4275.0       0.775705737400461 
  4280.0       0.777211504350799 
  4285.0      0.7802036202470939 
  4290.0       0.782210749698558 
  4295.0      0.7841079992129588 
  4300.0      0.7850152677877137 
  4305.0       0.787945843819933 
  4310.0      0.7908852291882661 
  4315.0      0.7930069239514727 
  4320.0       0.795132647987138 
  4325.0      0.7978339058327674 
  4330.0      0.7995378156299746 
  4335.0      0.8022577860107756 
  4340.0      0.8049941742471226 
  4345.0       0.807165250834561 
  4350.0      0.8103147157431403 
  4355.0      0.8127088162551946 
  4360.0      0.8150707621025303 
  4365.0      0.8168830161387846 
  4370.0      0.8187067914614681 
  4375.0      0.8212520859256529 
  4380.0      0.8238018662652595 
  4385.0      0.8250129315919538 
  4390.0      0.8272426301353751 
  4395.0      0.8281266698979104 
  4400.0       0.830079260592946 
  4405.0       0.832816201873001 
  4410.0      0.8356014974543844 
  4415.0       0.837438653827744 
  4420.0      0.8392686290109401 
  4425.0      0.8414220084369309 
  4430.0      0.8425414440064433 
  4435.0      0.8439885474787573 
  4440.0      0.8454365507982748 
  4445.0      0.8459149859999002 
  4450.0      0.8463922673069004 
  4455.0      0.8479284146368946 
  4460.0       0.849465119354668 
  4465.0      0.8517357732857693 
  4470.0      0.8519236331530516 
  4475.0       0.854268573889888 
  4480.0      0.8555735546429533 
  4485.0      0.8583923976291421 
  4490.0      0.8612271766442833 
  4495.0       0.864021615939101 
  4500.0      0.8667828301251428 
  4505.0      0.8689851553293284 
  4510.0       0.872206577050002 
  4515.0      0.8746196666380347 
  4520.0      0.8759834562331632 
  4525.0       0.878472906774241 
  4530.0      0.8809693706982128 
  4535.0      0.8819960327593862 
  4540.0      0.8840809983790798 
  4545.0      0.8866406166659088 
  4550.0      0.8892474243475953 
  4555.0      0.8904505645684881 
  4560.0      0.8927719153374379 
  4565.0       0.894264831432051 
  4570.0      0.8968273234332066 
  4575.0      0.8985625183355175 
  4580.0      0.8992200058206071 
  4585.0      0.9000606359806234 
  4590.0      0.9019936442559116 
  4595.0      0.9035846771372814 
  4600.0        0.90404898507818 
  4605.0      0.9065138072078486 
  4610.0       0.907855649606152 
  4615.0      0.9084552240023039 
  4620.0      0.9079787143568209 
  4625.0      0.9092917972266719 
  4630.0      0.9106036296915722 
  4635.0      0.9120097760310553 
  4640.0      0.9144962205797562 
  4645.0        0.91455032258113 
  4650.0      0.9157362816076553 
  4655.0      0.9171781561269088 
  4660.0      0.9186665318615125 
  4665.0      0.9203410447710384 
  4670.0      0.9209153027949144 
  4675.0      0.9225242456067462 
  4680.0      0.9230421033516372 
  4685.0      0.9245868324252928 
  4690.0      0.9250391560904994 
  4695.0      0.9258359785457925 
  4700.0      0.9255388014012504 
  4705.0      0.9268205268101344 
  4710.0       0.928102347579128 
  4715.0      0.9290124471048506 
  4720.0      0.9310183463056388 
  4725.0      0.9312706481758654 
  4730.0      0.9326185854820783 
  4735.0      0.9324254280053644 
  4740.0      0.9333273131078182 
  4745.0        0.93453190149305 
  4750.0      0.9357373427523236 
  4755.0      0.9371522359299023 
  4760.0       0.937468591865424 
  4765.0      0.9392024678834455 
  4770.0      0.9398373905762729 
  4775.0      0.9406502195044528 
  4780.0      0.9425658589888594 
  4785.0      0.9428040934957009 
  4790.0       0.943042185308283 
  4795.0      0.9441564476510184 
  4800.0      0.9452710961196106 
  4805.0      0.9469768582120104 
  4810.0       0.947577153266501 
  4815.0      0.9498355166416014 
  4820.0      0.9509871874356308 
  4825.0      0.9522244938603368 
  4830.0      0.9523518099095584 
  4835.0       0.954469562632611 
  4840.0       0.956600527334851 
  4845.0      0.9570571877372144 
  4850.0      0.9585826234779831 
  4855.0      0.9587393526017944 
  4860.0      0.9599655891083106 
  4865.0      0.9612937862311793 
  4870.0      0.9615151228988693 
  4875.0      0.9630730299085833 
  4880.0      0.9635173311367579 
  4885.0      0.9642415025381313 
  4890.0      0.9649551339883494 
  4895.0      0.9660035390460743 
  4900.0      0.9659791928930117 
  4905.0      0.9672642821503461 
  4910.0      0.9674809331876053 
  4915.0      0.9685141182537043 
  4920.0      0.9684187606537482 
  4925.0      0.9697518532805312 
  4930.0      0.9699678502813418 
  4935.0      0.9702557556575638 
  4940.0      0.9716616901721511 
  4945.0      0.9721043384268231 
  4950.0      0.9725469530108322 
  4955.0       0.973003133914025 
  4960.0      0.9723397184063503 
  4965.0      0.9720931044472777 
  4970.0      0.9718462245764684 
  4975.0      0.9723818585958975 
  4980.0      0.9717997712675198 
  4985.0      0.9724077431873285 
  4990.0       0.973015825310239 
  4995.0      0.9742063107389336 
  5000.0      0.9742794844862377 
  5005.0      0.9728997216619234 
  5010.0      0.9726370378211117 
  5015.0      0.9725457743162931 
  5020.0       0.972454293826361 
  5025.0      0.9729653748420382 
  5030.0      0.9723587816101162 
  5035.0      0.9721074085600594 
  5040.0      0.9707492266290336 
  5045.0      0.9718455462916237 
  5050.0      0.9728949834048284 
  5055.0      0.9730672170006716 
  5060.0      0.9731926016691836 
  5065.0      0.9742930827202858 
  5070.0      0.9754045096839352 
  5075.0      0.9754751530891514 
  5080.0      0.9766610319273741 
  5085.0      0.9766421907614747 
  5090.0      0.9777314185171219 
  5095.0      0.9787619227124912 
  5100.0      0.9787236460716204 
  5105.0      0.9798118062183507 
  5110.0      0.9798274867621297 
  5115.0      0.9810696649700066 
  5120.0      0.9811837720963025 
  5125.0      0.9816633186897764 
  5130.0       0.983261433170289 
  5135.0      0.9833177825116592 
  5140.0      0.9833739535608764 
  5145.0      0.9849232386853051 
  5150.0      0.9853537976107066 
  5155.0      0.9860380048305041 
  5160.0      0.9867223929100579 
  5165.0      0.9880478621008304 
  5170.0       0.988251965697746 
  5175.0      0.9884798594664453 
  5180.0      0.9887076792496854 
  5185.0      0.9892527252941501 
  5190.0      0.9897978635455141 
  5195.0      0.9912111278331464 
  5200.0      0.9915008659602728 
  5205.0      0.9921962974770957 
  5210.0      0.9928919299069384 
  5215.0      0.9930500999721585 
  5220.0       0.993208178315642 
  5225.0       0.993496478201021 
  5230.0      0.9937847356904943 
  5235.0      0.9939350644616428 
  5240.0      0.9940853015736617 
  5245.0      0.9944514832463374 
  5250.0      0.9948176788716006 
  5255.0       0.994080102437238 
  5260.0      0.9944703647968723 
  5265.0      0.9945693901246659 
  5270.0      0.9946683038772552 
  5275.0       0.995652315583088 
  5280.0      0.9966369069527709 
  5285.0      0.9970941144862455 
  5290.0      0.9975513397564089 
  5295.0       0.997714426006725 
  5300.0      0.9978773705959785 
  5305.0      0.9989384644194957 
  5310.0                     1.0 
  5315.0      0.9995637448522379 
  5320.0      0.9991272927352249 
  5325.0      0.9986262105036624 
  5330.0      0.9981249119512304 
  5335.0      0.9986793614114153 
  5340.0      0.9981004559815976 
  5345.0      0.9963528414026146 
  5350.0      0.9957309937258116 
  5355.0      0.9922841919017059 
  5360.0      0.9899552934010469 
  5365.0      0.9848353957151726 
  5370.0      0.9797112084650653 
  5375.0      0.9733058246490929 
  5380.0      0.9679888063298242 
  5385.0      0.9578329699965005 
  5390.0      0.9476810354386767 
  5395.0      0.9361057855997612 
  5400.0      0.9244781915277026 
  5405.0      0.9083483149244821 
  5410.0      0.8911579933540542 
  5415.0       0.876020365824469 
  5420.0      0.8608904995673041 
  5425.0      0.8423704946612715 
  5430.0      0.8247658177895343 
  5435.0      0.8030843169994527 
  5440.0      0.7813920158229867 
  5445.0      0.7627061885471638 
  5450.0       0.744053707437771 
  5455.0      0.7220152698381224 
  5460.0      0.6999993626439164 
  5465.0      0.6797428076119316 
  5470.0      0.6594589791879689 
  5475.0      0.6386776416594493 
  5480.0      0.6171391625836766 
  5485.0       0.596802579711091 
  5490.0      0.5764524730766909 
  5495.0      0.5592514884046619 
  5500.0      0.5426496629434666 
  5505.0      0.5244607047026553 
  5510.0      0.5062549432890935 
  5515.0     0.49082643749840077 
  5520.0       0.475383996419039 
  5525.0        0.45874059473676 
  5530.0      0.4420932242175274 
  5535.0      0.4238599999798297 
  5540.0       0.405605620901733 
  5545.0     0.38712397895200606 
  5550.0      0.3690413169709229 
  5555.0     0.34712611224697354 
  5560.0     0.32519512219879815 
  5565.0     0.30208298690237345 
  5570.0      0.2793213033724014 
  5575.0      0.2555361037682985 
  5580.0     0.23172842122755452 
  5585.0     0.20886071562093358 
  5590.0     0.18597605188197147 
  5595.0     0.16388153014853518 
  5600.0     0.14161339273141052 
  5605.0     0.12040373880893232 
  5610.0     0.09915951093388319 
  5615.0     0.08242392239289281 
  5620.0     0.06560928528012701 
  5625.0     0.05283824884545312 
  5630.0    0.040055947135685964 
  5635.0      0.0314558761357716 
  5640.0    0.022846804054938614 
  5645.0    0.017457924709942625 
  5650.0    0.012091570386071775 
  5655.0    0.009138903995713597 
  5660.0    0.006182239875239967 
  5665.0    0.004724547419408041 
  5670.0    0.003265717773577559 
  5675.0   0.0028358187906005585 
  5680.0   0.0024054572872516194 
  5685.0    0.001853830150222958 
  5690.0    0.001303049046691843 
  5695.0   0.0010195557813422484 
  5700.0   0.0007357036843021283 
  5705.0  0.00036839770468226796 
  5710.0  2.7809166834363442e-14 
  5715.0  0.00022578375519243543 
  5720.0  0.00045182139590978286 
  5725.0   0.0005594135372241771 
  5730.0   0.0006671065570184613 
  5735.0  0.00039002585220005066 
  5740.0   0.0001118438072356501 
  5745.0  0.00014474061457322415 
  5750.0  0.00017769393589670002 
  5755.0    0.000268439325457373 
  5760.0   0.0003590731375384858 
  5765.0  0.00034600356735899393 
  5770.0   0.0003325126060914842 
  5775.0  0.00032355533010796066 
  5780.0     0.00031421164329084 
  5785.0  0.00047211054308725294 
  5790.0   0.0006297192542955147 
  5795.0  0.00046057035060767965 
  5800.0  0.00029086115903633543 
  5805.0  0.00033652001761444835 
  5810.0   0.0003826527735106399 
  5815.0   0.0004796589922880801 
  5820.0   0.0005774523214682836 
  5825.0   0.0004161956380844491 
  5830.0   0.0002550722138404106 
  5835.0   0.0001367600569375546 
  5840.0   1.831372382008545e-05 
  5845.0   6.575362361329037e-05 
  5850.0   0.0001133522448726706 
  5855.0  0.00017291919058440338 
  5860.0   0.0002325372842632751 
  5865.0  0.00011630003812858408 
  5880.0   1.272798059391537e-14 
  5885.0   9.692588884501748e-05 
  5890.0   0.0001935572027875902 
  5895.0   9.685774125486112e-05 
  5900.0  1.8702976255281406e-14 
  5905.0  0.00014222486844409386 
  5910.0   0.0002852290357020984 
  5915.0  0.00014255272266879606 
  5930.0  1.0573895154481194e-14 
  5935.0   7.948024918537625e-05 
  5940.0   0.0001586622361866803 
  5945.0  0.00014571175249148812 
  5950.0  0.00013377643130043355 
  5955.0  0.00018377582047307005 
  5960.0  0.00023366617226223046 
  5965.0  0.00024343603044215734 
  5970.0  0.00025293600789168437 
  5975.0  0.00024297450183165918 
  5980.0  0.00023325794391265895 
  5985.0   0.0002262843188898029 
  5990.0  0.00021930790280386787 
  5995.0  0.00016459568109081398 
  6000.0  0.00010956686174179682 
  6005.0  0.00010972108432121871 
  6010.0  0.00010974144771452856 
  6015.0  0.00010977627533763168 
  6020.0  0.00010981378078001047 
  6025.0  0.00011001393137097191 
  6030.0  0.00011009085951404582 
  6035.0  0.00011017170387337182 
  6040.0  0.00011037474725306953 
  6045.0  0.00011043906446748711 
  6050.0   0.0001106324535311487 
  6055.0  0.00011069639964236851 
  6060.0  0.00011088977656719595 
  6065.0  0.00011099725171702642 
  6070.0   0.0001112276623352771 
  6075.0  0.00011131107824548039 
  6080.0  0.00011151885673498502 
  6085.0   0.0001115898964821304 
  6090.0  0.00011178544204021036 
  6095.0   0.0001118650580378323 
  6100.0   0.0001120693647099282 
  6105.0   0.0001122736891423859 
  6110.0  0.00011235338777166825 
  6115.0  0.00011255663763878488 
  6120.0  0.00011263508185849517 
  6125.0  0.00011278622975748607 
  6130.0  0.00011281235042153839 
  6135.0  0.00011300401256454148 
  6140.0  0.00011319583580147998 
  6145.0     0.00011326362794476 
  6150.0  0.00011345680575371401 
  6155.0   0.0001135122191507703 
  6160.0  0.00011369312741707885 
  6165.0  0.00011375343710379006 
  6170.0  0.00011393937601386972 
  6175.0  0.00011399641983689558 
  6180.0  0.00011417921954761408 
  6185.0  0.00011423108305129899 
  6190.0  0.00011428294493844295 
  6195.0  0.00011446717396967624 
  6200.0  0.00011452554971724422 
  6205.0  0.00011468480201686823 
  6210.0   0.0001147180520865395 
  6215.0  0.00011479932790758151 
  6220.0   0.0001150068766748127 
  6225.0  0.00011508466813566276 
  6230.0  0.00011528890391860002 
  6235.0  0.00011533514641463282 
  6240.0  0.00011538005274818761 
  6245.0  0.00011557182635504999 
  6250.0  0.00011564286623414302 
  6255.0  0.00011571258015599094 
  6260.0    0.000115914699111126 
  6265.0  0.00011599183867172395 
  6270.0  0.00011594050880708371 
  6275.0  0.00011487011827340687 
  6280.0  0.00011316256369236855 
  6285.0  0.00011390314467630925 
  6290.0  0.00011502993366330803 
  6295.0  0.00011506932018257759 
  6300.0  0.00011522489716377828 
  6305.0  0.00011576629914282477 
  6310.0  0.00011616906977786834 
  6315.0  0.00011646671823667943 
  6320.0   0.0001167674024138382 
  6325.0   0.0001170736565008856 
  6330.0  0.00011725240790687933 
  6335.0  0.00011743306447320974 
  6340.0  0.00011761230707730984 
  6345.0  0.00011764283871018306 
  6350.0  0.00011780692320893357 
  6355.0  0.00011784054619341389 
  6360.0  0.00011800802520317464 
  6365.0  0.00011807177649451306 
  6370.0  0.00011826230439248921 
  6375.0  0.00011831629252963106 
  6380.0  0.00011849853083436602 
  6385.0  0.00011855816505224757 
  6390.0  0.00011874618317147971 
  6395.0  0.00011882762663225473 
  6400.0  0.00011890909923371136 
  6405.0  0.00011913197513531723 
  6410.0  0.00011922635093716268 
  6415.0  0.00011938215283110567 
  6420.0  0.00011940918574214703 
  6425.0  0.00011944583401748728 
  6430.0  0.00011961135984199144 
  6435.0  0.00011964509298270623 
  6440.0  0.00011967881547350125 
  6445.0  0.00011980836831125238 
  6450.0  0.00011980893013508347 
  6455.0  0.00011986404793801441 
  6460.0  0.00011979008707822258 
  6465.0  0.00011976123393167027 
  6470.0  0.00011960292003011605 
  6475.0  0.00011955947636124393 
  6480.0  0.00011951588594018746 
  6485.0  0.00011981930076600207 
  6490.0  0.00011999461880878965 
  6495.0  0.00012002758542751103 
  6500.0  0.00012044397615073919 
  6505.0   0.0001207830213054299 
  6510.0   0.0001207269562742647 
  6515.0  0.00012037291186596122 
  6520.0  0.00012027953833740346 
  6525.0  0.00012085012677964235 
  6530.0  0.00012116140923984746 
  6535.0  0.00012122645885063367 
  6540.0  0.00012142025979721892 
  6545.0   0.0001213123833695071 
  6550.0  0.00012134046353309986 
  6555.0  0.00012138937912808603 
  6560.0  0.00012157443790549404 
  6565.0  0.00012178293460143052 
  6570.0  0.00012199026414472641 
  6575.0  0.00012205261929771222 
  6580.0   0.0001222455911510923 
  6585.0   0.0001224076328313392 
  6590.0  0.00012256973004778234 
  6595.0  0.00012265793455622755 
  6600.0  0.00012287703885264045 
  6605.0    0.000122930454501861 
  6610.0  0.00012311484702963752 
  6615.0  0.00012317355252582974 
  6620.0   0.0001233633675625131 
  6625.0  0.00012344698488408814 
  6630.0  0.00012353063651917995 
  6635.0  0.00012366472057159314 
  6640.0  0.00012366893652674814 
  6645.0  0.00012376333949046088 
  6650.0  0.00012398300618491207 
  6655.0   0.0001239822384992475 
  6660.0  0.00012397598057188917 
  6665.0  0.00012415367758879971 
  6670.0  0.00012420128986574845 
  6675.0   0.0001242308701014595 
  6680.0  0.00012439158384531138 
  6685.0   0.0001244237770058873 
  6690.0  0.00012445487263154723 
  6695.0  0.00012458948605337635 
  6700.0   0.0001245983356675486 
  6705.0   0.0001246780668357821 
  6710.0  0.00012489571304201855 
  6715.0  0.00012491433561766322 
  6720.0  0.00012493154667698664 
  6725.0  0.00012514109748915225 
  6730.0  0.00012521875443670025 
  6735.0   0.0001252474491200996 
  6740.0  0.00012527613539028406 
  6745.0  0.00012544836822692707 
  6750.0  0.00012548845142684915 
  6755.0   0.0001255388710207518 
  6760.0  0.00012558929496361693 
  6765.0  0.00012577969344756217 
  6770.0  0.00012583776460394264 
  6775.0  0.00012585942956519125 
  6780.0    0.000126013589554285 
  6785.0  0.00012607749272884863 
  6790.0  0.00012614141182243197 
  6795.0  0.00012616820649610205 
  6800.0  0.00012619499196837608 
  6805.0   0.0001263681650549226 
  6810.0  0.00012640864247165327 
  6815.0   0.0001264734112368379 
  6820.0  0.00012653819518246317 
  6825.0  0.00012658512338933921 
  6830.0  0.00012676507388723795 
  6835.0  0.00012677963691947402 
  6840.0  0.00012679560573574118 
  6845.0   0.0001268380137156142 
  6850.0   0.0001268743641975293 
  6855.0   0.0001268820128213456 
  6860.0  0.00012621757041653025 
  6865.0  0.00012016148213967813 
  6870.0  0.00010503593883381787 
  6875.0   9.783480706902805e-05 
  6880.0  0.00010609526117328186 
  6885.0  0.00011290251829811459 
  6890.0  0.00011104440605519769 
  6895.0   0.0001110668982305096 
  6900.0  0.00011362894539027215 
  6905.0   0.0001157740882194607 
  6910.0  0.00011819207171176304 
  6915.0  0.00011997859004436719 
  6920.0   0.0001216317537597275 
  6925.0  0.00012310990396976383 
  6930.0   0.0001243212024964739 
  6935.0  0.00012476716750315633 
  6940.0   0.0001248125318704972 
  6945.0  0.00012500058543644095 
  6950.0  0.00012559001090678236 
  6955.0   0.0001258376212238546 
  6960.0  0.00012581772475213216 
  6965.0  0.00012666089611532236 
  6970.0  0.00012763837986188054 
  6975.0  0.00012780066780593725 
  6980.0  0.00012769530804083377 
  6985.0  0.00012735191217317783 
  6990.0   0.0001267402138472223 
  6995.0  0.00012670089220350174 
  7000.0  0.00012692935044605463 
  7005.0  0.00012698472610946413 
  7010.0  0.00012704011408210003 
  7015.0  0.00012709690705496528 
  7020.0    0.000127287839940795 
  7025.0  0.00012728702394657467 
  7030.0  0.00012755445202447812 
  7035.0   0.0001281050925058939 
  7040.0  0.00012811921953646594 
  7045.0  0.00012816275785404782 
  7050.0  0.00012820629977084222 
  7055.0  0.00012819011987290672 
  7060.0  0.00012830814715906802 
  7065.0  0.00012846432683536984 
  7070.0  0.00012862054780208974 
  7075.0  0.00012866061265535085 
  7080.0  0.00012870067997615745 
  7085.0  0.00012883671717087028 
  7090.0  0.00012897274897629492 
  7095.0  0.00012901739112442992 
  7100.0  0.00012906203936685073 
  7105.0  0.00012905168021091942 
  7110.0   0.0001290413146070846 
  7115.0  0.00012921450578237846 
  7120.0  0.00012938778089363837 
  7125.0  0.00012927103163935214 
  7130.0  0.00012928877695755106 
  7135.0  0.00012934340627827938 
  7140.0  0.00012939949463296478 
  7145.0  0.00012927267057739108 
  7150.0  0.00012913960897379892 
  7155.0  0.00012897572499564778 
  7160.0  0.00012867110878544708 
  7165.0  0.00012744438616764516 
  7170.0  0.00012473917935757167 
  7175.0  0.00012219293178495721 
  7180.0  0.00012112667778815303 
  7185.0  0.00011921902457953299 
  7190.0  0.00011798477115515407 
  7195.0   0.0001179524333848795 
  7200.0   0.0001181881471852469 
  7205.0  0.00011952174666086273 
  7210.0   0.0001228674419251947 
  7215.0  0.00012606766892772565 
  7220.0   0.0001271211839826736 
  7225.0  0.00012684686386287743 
  7230.0  0.00012469520345753554 
  7235.0   0.0001214694822547848 
  7240.0  0.00012105840569824356 
  7245.0  0.00012130916068508011 
  7250.0  0.00012183371238740369 
  7255.0     0.00012237653466091 
  7260.0   0.0001234615396311396 
  7265.0  0.00012345091310085807 
  7270.0  0.00012330487148554033 
  7275.0  0.00012208152618254053 
  7280.0  0.00012193043146676632 
  7285.0  0.00012410093459293875 
  7290.0  0.00012385812197360772 
  7295.0  0.00012426208765459925 
  7300.0  0.00012520829111631305 
  7305.0  0.00012481966965115782 
  7310.0  0.00012483918408587503 
  7315.0  0.00012526681845429353 
  7320.0  0.00012623005222802707 
  7325.0  0.00012773551836741103 
  7330.0  0.00012843620032938313 
  7335.0  0.00012846633866591976 
  7340.0  0.00012890050096850137 
  7345.0  0.00012904845464034348 
  7350.0  0.00012892190004428495 
  7355.0  0.00012907245897109744 
  7360.0  0.00012894814034605784 
  7365.0  0.00012880115272355752 
  7370.0   0.0001289242219226362 
  7375.0  0.00012934896340210453 
  7380.0   0.0001296394954095131 
  7385.0    0.000129620186847963 
  7390.0  0.00012973517745182384 
  7395.0  0.00012975803317117588 
  7400.0  0.00012991523516265525 
  7405.0  0.00013004275464051238 
  7410.0  0.00013017025577790424 
  7415.0  0.00013017663026745595 
  7420.0  0.00013031734787349224 
  7425.0  0.00013030100502650703 
  7430.0  0.00013028465897476233 
  7435.0  0.00013040481335949445 
  7440.0   0.0001303906504561129 
  7445.0  0.00013040068556007705 
  7450.0  0.00013041071532694998 
  7455.0  0.00013041308893260337 
  7460.0   0.0001304154578650571 
  7465.0  0.00013039566558493973 
  7470.0  0.00013037587129357834 
  7475.0  0.00013053504571008262 
  7480.0   0.0001305599484379677 
  7485.0  0.00013054152874757147 
  7490.0   0.0001305231065018448 
  7495.0  0.00013052611464139496 
  7500.0   0.0001305291182474926 
  7505.0  0.00013052385892054803 
  7510.0   0.0001306528733553631 
  7515.0  0.00013064561207126675 
  7520.0  0.00013063834641340884 
  7525.0  0.00013063040594452622 
  7530.0  0.00013062246115300285 
  7535.0  0.00013076867068487596 
  7540.0  0.00013077916213156116 
  7545.0  0.00013077288748432643 
  7550.0  0.00013077290607676042 
  7555.0  0.00013077771177599955 
  7560.0  0.00013078880912491497 
  7565.0  0.00013081063183517587 
  7570.0  0.00013096530920242227 
  7575.0  0.00013097371451575857 
  7580.0  0.00013098211478009545 
  7585.0  0.00013044449509747171 
  7590.0  0.00012440032096788784 
  7595.0  0.00010023946428866458 
  7600.0   6.491058336246366e-05 
  7605.0   4.609229070381725e-05 
  7610.0   4.810188244985234e-05 
  7615.0   6.718095858879205e-05 
  7620.0   8.720128470322528e-05 
  7625.0   8.437020659255218e-05 
  7630.0   7.361414876424501e-05 
  7635.0    7.37418965588659e-05 
  7640.0   7.977918710669672e-05 
  7645.0   8.702339098461892e-05 
  7650.0   9.560900739099413e-05 
  7655.0  0.00010326040212267256 
  7660.0  0.00010930008958621898 
  7665.0   0.0001145240244230704 
  7670.0  0.00012001527628425416 
  7675.0   0.0001236429359862853 
  7680.0   0.0001256597466342001 
  7685.0   0.0001269886180388629 
  7690.0   0.0001279130960534457 
  7695.0    0.000128719998879682 
  7700.0  0.00012980156769691208 
  7705.0   0.0001304872559848889 
  7710.0  0.00013077687953250977 
  7715.0  0.00013092793298507123 
  7720.0   0.0001309429685321441 
  7725.0  0.00013097303393094534 
  7730.0   0.0001310030998529146 
  7735.0   0.0001311481843350541 
  7740.0  0.00013116064959715364 
  7745.0  0.00013118447597469028 
  7750.0  0.00013120170944553775 
  7755.0  0.00013120651995858005 
  7760.0    0.000131205059271649 
  7765.0   0.0001311977540004286 
  7770.0   0.0001311919122760238 
  7775.0  0.00013117641274592543 
  7780.0  0.00013116091065806966 
  7785.0   0.0001311680423218411 
  7790.0  0.00013117516947195075 
  7795.0   0.0001313133532080052 
  7800.0  0.00013131713151010228 
  7805.0  0.00013129993372030513 
  7810.0  0.00013128273286173612 
  7815.0   0.0001312871695449165 
  7820.0  0.00013129160163509194 
  7825.0    0.000131281391082191 
  7830.0  0.00013127117715048574 
  7835.0  0.00013126327330502133 
  7840.0   0.0001312553644661716 
  7845.0   0.0001312531293677696 
  7850.0    0.000131250890081604 
  7855.0   0.0001312446518503164 
  7860.0  0.00013123840978470117 
  7865.0  0.00013111447804339677 
  7870.0   0.0001311248701797207 
  7875.0  0.00013098029213262505 
  7880.0   0.0001309700600409295 
  7885.0  0.00013083444882111886 
  7890.0  0.00013056450894626128 
  7895.0  0.00013028633632649285 
  7900.0  0.00013027681163207882 
  7905.0  0.00013027124807002982 
  7910.0   0.0001302656807359549 
  7915.0   0.0001305353141759211 
  7920.0  0.00013053635446664928 
  7925.0   0.0001304037385282426 
  7930.0  0.00013053971513727643 
  7935.0  0.00013094098367463078 
  7940.0  0.00013134223810570616 
  7945.0   0.0001313415917157655 
  7950.0   0.0001312066444435378 
  7955.0  0.00013093309140596305 
  7960.0  0.00013025669921718167 
  7965.0   0.0001299904389125551 
  7970.0  0.00013052990510100792 
  7975.0   0.0001309211749076569 
  7980.0  0.00013104383789640367 
  7985.0  0.00013104084166465967 
  7990.0  0.00013103784157209866 
  7995.0  0.00013106142734756982 
  8000.0  0.00013081639440679077 
  8005.0  0.00013054118283654015 
  8010.0  0.00013053458478206757 
  8015.0  0.00013054217656439926 
  8020.0  0.00013068407493240335 
  8025.0   0.0001306903486392686 
  8030.0  0.00013069661849720516 
  8035.0  0.00013081731680666993 
  8040.0  0.00013080368919869733 
  8045.0  0.00013080398481470583 
  8050.0  0.00013107286851840935 
  8055.0   0.0001313484178850249 
  8060.0  0.00013135537150464505 
  8065.0   0.0001313466982717007 
  8070.0  0.00013133802197734485 
  8075.0   0.0001313449647055587 
  8080.0   0.0001313519036537371 
  8085.0  0.00013122814736129726 
  8090.0  0.00013110436663909565 
  8095.0   0.0001309649933380239 
  8100.0  0.00013095994474231876 
  8105.0   0.0001309708287520663 
  8110.0  0.00013071302890320838 
  8115.0  0.00013031658063973592 
  8120.0  0.00013005444247772628 
  8125.0   0.0001299398237899562 
  8130.0  0.00012888440132270947 
  8135.0  0.00012685392682310322 
  8140.0  0.00012603318646881975 
  8145.0   0.0001256427876467463 
  8150.0   0.0001243115690862416 
  8155.0  0.00012284096854282866 
  8160.0  0.00012150458716760898 
  8165.0  0.00012070481919578568 
  8170.0   0.0001225934113631985 
  8175.0  0.00012259396518880613 
  8180.0  0.00012017488736047606 
  8185.0  0.00012205950988615953 
  8190.0  0.00012354092271492522 
  8195.0   0.0001236959737096066 
  8200.0  0.00012371659460904647 
  8205.0  0.00012692681976620535 
  8210.0   0.0001293295413684793 
  8215.0  0.00012909060529713772 
  8220.0   0.0001276410418142318 
  8225.0  0.00012226989149289718 
  8230.0  0.00011514919627811203 
  8235.0  0.00011823016167910493 
  8240.0  0.00012521066973683246 
  8245.0  0.00012790881941476722 
  8250.0   0.0001285896964621751 
  8255.0  0.00012792576178154448 
  8260.0   0.0001272617334508651 
  8265.0   0.0001288775357016088 
  8270.0  0.00012941713772802056 
  8275.0  0.00012618861523588736 
  8280.0    0.000124305376558614 
  8285.0   0.0001255009609199019 
  8290.0  0.00012548577425079338 
  8295.0  0.00012600685364859445 
  8300.0  0.00012733454793893194 
  8305.0   0.0001275846012452479 
  8310.0  0.00012877551369163128 
  8315.0   0.0001286397196255249 
  8320.0  0.00012702531271557214 
  8325.0   0.0001280633144489943 
  8330.0   0.0001295037104226322 
  8335.0  0.00012921003752932144 
  8340.0  0.00012932077281693495 
  8345.0  0.00013036449856332065 
  8350.0    0.000130730338372911 
  8355.0   0.0001304169383819506 
  8360.0  0.00013036542682179431 
  8365.0   0.0001305954079603413 
  8370.0  0.00013082697338170977 
  8375.0  0.00013089173778341884 
  8380.0  0.00013082247659690574 
  8385.0   0.0001310458458563197 
  8390.0  0.00013113493845314439 
  8395.0  0.00013108954595694855 
  8400.0  0.00013117814977005456 
  8405.0   0.0001309888331268746 
  8410.0  0.00013079959125739338 
  8415.0  0.00013088353194915106 
  8420.0  0.00013096737177929052 
  8425.0   0.0001310347531911429 
  8430.0   0.0001309686413826883 
  8435.0  0.00013078379386738482 
  8440.0  0.00013086264366828315 
  8445.0  0.00013079070485521845 
  8450.0    0.000130864500159576 
  8455.0  0.00013098064937716768 
  8460.0   0.0001309762631762327 
  8465.0  0.00013082928306348523 
  8470.0  0.00013094553001131464 
  8475.0   0.0001309222371828472 
  8480.0  0.00013076589260506357 
  8485.0  0.00013075382633053495 
  8490.0  0.00013074466097515234 
  8495.0   0.0001307132284011457 
  8500.0  0.00013066919628116648 
  8505.0  0.00013061134831256292 
  8510.0  0.00013054092455101353 
  8515.0  0.00013033468428823235 
  8520.0  0.00013039681853273618 
  8525.0   0.0001303183685727776 
  8530.0   0.0001303724230655537 
  8535.0   0.0001303137356270056 
  8540.0  0.00013011974874355378 
  8545.0  0.00013003565551989742 
  8550.0   0.0001300963018044501 
  8555.0    0.000130033343608355 
  8560.0  0.00012998289087373652 
  8565.0   0.0001299637211528085 
  8570.0  0.00012994159778966348 
  8575.0  0.00012987944787814704 
  8580.0   0.0001299492044985692 
  8585.0  0.00012991911031644986 
  8590.0   0.0001298918812427899 
  8595.0   0.0001298504861588943 
  8600.0  0.00012979655845342026 
  8605.0  0.00012971369097690934 
  8610.0   0.0001296183388654376 
  8615.0  0.00012952850812234494 
  8620.0   0.0001294415788617553 
  8625.0   0.0001294905723209584 
  8630.0   0.0001294081445121199 
  8635.0  0.00012928970308169097 
  8640.0  0.00012916840306549397 
  8645.0  0.00012908745296357632 
  8650.0  0.00012901890682449478 
  8655.0  0.00012894065364672295 
  8660.0  0.00012887478858827526 
  8665.0  0.00012880084279401008 
  8670.0   0.0001287239725445315 
  8675.0  0.00012867701176199592 
  8680.0  0.00012862998542317262 
  8685.0  0.00012854965537272554 
  8690.0  0.00012847503860164225 
  8695.0  0.00012840162740657428 
  8700.0  0.00012843358673280336 
  8705.0  0.00012830519496097277 
  8710.0  0.00012815214278084523 
  8715.0  0.00012797315672369132 
  8720.0   0.0001278000887350238 
  8725.0  0.00012761796214346574 
  8730.0  0.00012743573687033123 
  8735.0   0.0001272695919410456 
  8740.0  0.00012709925734629026 
  8745.0   0.0001269136915156271 
  8750.0  0.00012674682538271246 
  8755.0   0.0001266203730629038 
  8760.0  0.00012651218077648518 
  8765.0   0.0001264146854957925 
  8770.0   0.0001263128796065896 
  8775.0  0.00012618216619145653 
  8780.0  0.00012605144002074902 
  8785.0  0.00012593537476633576 
  8790.0   0.0001258164014208331 
  8795.0   0.0001256944480303907 
  8800.0  0.00012558478207009053 
  8805.0   0.0001254912760184379 
  8810.0     0.00012540976079059 
  8815.0  0.00012532899294185023 
  8820.0  0.00012511813383339553 
  8825.0   0.0001251613237087586 
  8830.0  0.00012507779707598242 
  8835.0   0.0001249865011394304 
  8840.0  0.00012489344045817815 
  8845.0   0.0001247968952221341 
  8850.0   0.0001247059985338883 
  8855.0   0.0001245049816746916 
  8860.0  0.00012431015760196407 
  8865.0  0.00012421503155672262 
  8870.0   0.0001242445446672335 
  8875.0  0.00012415651953034975 
  8880.0   0.0001239424738505858 
  8885.0  0.00012385212211502806 
  8890.0  0.00012402236931107158 
  8895.0  0.00012376553805101275 
  8900.0  0.00012359266880830665 
  8905.0  0.00012328890860297591 
  8910.0    0.000123194031244796 
  8915.0  0.00012283586424896462 
  8920.0  0.00012248768174979405 
  8925.0  0.00012193728575708506 
  8930.0  0.00012089308723910942 
  8935.0  0.00012027941014670003 
  8940.0  0.00012014895418065081 
  8945.0  0.00011912216934903886 
  8950.0  0.00011741355198842862 
  8955.0  0.00011533452620923377 
  8960.0  0.00011392137208154824 
  8965.0  0.00011189267152139611 
  8970.0  0.00011107980076912843 
  8975.0  0.00011232734712356608 
  8980.0  0.00011308321704209113 
  8985.0  0.00010835458145451373 
  8990.0  0.00010205485142788085 
  8995.0  0.00010476387869295068 
  9000.0  0.00010864409430413385 
  9005.0  0.00010709019407162706 
  9010.0  0.00010731987582318362 
  9015.0   0.0001084071945550644 
  9020.0  0.00010792919212062815 
  9025.0  0.00010693434762809187 
  9030.0  0.00010822562434989001 
  9035.0  0.00011216303936364124 
  9040.0  0.00011464329839432011 
  9045.0  0.00011388574243099887 
  9050.0  0.00011302286404349051 
  9055.0  0.00011276498678652006 
  9060.0  0.00011192576288621662 
  9065.0  0.00010883750138993188 
  9070.0  0.00010552390751652476 
  9075.0  0.00010422295701082405 
  9080.0  0.00010363108043312615 
  9085.0  0.00010384064655451486 
  9090.0  0.00010381327391923071 
  9095.0  0.00010425462461550306 
  9100.0  0.00010446518690306235 
  9105.0  0.00010340708128494807 
  9110.0  0.00010467089828272617 
  9115.0  0.00010512133577960009 
  9120.0   0.0001036102197921237 
  9125.0  0.00010486833237323427 
  9130.0   0.0001017647476738015 
  9135.0   9.831597077964326e-05 
  9140.0  0.00010081406517593773 
  9145.0  0.00010452959158111588 
  9150.0  0.00010311418576153588 
  9155.0   9.728862888466337e-05 
  9160.0   9.859641258207002e-05 
  9165.0  0.00010394682499399903 
  9170.0   0.0001039942684350146 
  9175.0   9.999904392229259e-05 
  9180.0   9.825590740948836e-05 
  9185.0  0.00010099337158532337 
  9190.0  0.00010382682914398411 
  9195.0  0.00010441063096961024 
  9200.0  0.00010410178093328817 
  9205.0  0.00010535002332633456 
  9210.0  0.00010493958539295368 
  9215.0  0.00010324807336544219 
  9220.0  0.00010276524716723986 
  9225.0  0.00010360775331572704 
  9230.0  0.00010314525202195528 
  9235.0  0.00010237086197737137 
  9240.0  0.00010138909885897247 
  9245.0  0.00010052146576101932 
  9250.0  0.00010006431609300577 
  9255.0  0.00010031434392542301 
  9260.0  0.00010032921716312789 
  9265.0  0.00010010871556253892 
  9270.0  0.00010020650969599438 
  9275.0    9.71661476906552e-05 
  9280.0   9.310851587378995e-05 
  9285.0   9.206832561149816e-05 
  9290.0    9.05241170963065e-05 
  9295.0     8.8087894232349e-05 
  9300.0   8.380910775112945e-05 
  9305.0   7.995458947223344e-05 
  9310.0   7.621664351557941e-05 
  9315.0   7.207800152347846e-05 
  9320.0   6.468075891794505e-05 
  9325.0   6.174050518758071e-05 
  9330.0   6.199876059280677e-05 
  9335.0   5.978371745668498e-05 
  9340.0  5.2495733956389444e-05 
  9345.0   4.966708102494529e-05 
  9350.0  5.7334469296326345e-05 
  9355.0  5.9470859912251585e-05 
  9360.0   5.679674492452796e-05 
  9365.0   5.756159496551645e-05 
  9370.0   5.575000566436002e-05 
  9375.0   5.838478611045578e-05 
  9380.0  5.9203731764400264e-05 
  9385.0  6.0200583571779116e-05 
  9390.0   6.796468294617951e-05 
  9395.0   7.600382403181671e-05 
  9400.0   7.442382682474092e-05 
  9405.0    6.96407080920764e-05 
  9410.0    6.91247867466106e-05 
  9415.0   7.142959918077612e-05 
  9420.0    7.06254149865049e-05 
  9425.0   6.365814379358211e-05 
  9430.0   5.845363334814904e-05 
  9435.0   6.207047495264933e-05 
  9440.0  5.8605387284849886e-05 
  9445.0   5.553507286729681e-05 
  9450.0   6.259192144394576e-05 
  9455.0   6.362252969291806e-05 
  9460.0   5.929387426688099e-05 
  9465.0  6.0681492996523776e-05 
  9470.0   6.458939712273068e-05 
  9475.0   6.384523771206533e-05 
  9480.0   5.815631466120144e-05 
  9485.0   6.028072560641243e-05 
  9490.0   6.798956995614278e-05 
  9495.0   6.355745886822846e-05 
  9500.0  5.7352042901334214e-05 
  9505.0   6.151090003513248e-05 
  9510.0   6.903751728500484e-05 
  9515.0   6.765750003922932e-05 
  9520.0   5.911811788326955e-05 
  9525.0    5.67846798078067e-05 
  9530.0   6.107713204374983e-05 
  9535.0    6.36790747517519e-05 
  9540.0   6.418460347261615e-05 
  9545.0   6.294423320670362e-05 
  9550.0   6.318774797831559e-05 
  9555.0   6.177597296483184e-05 
  9560.0   6.028573648811774e-05 
  9565.0   6.040788080374214e-05 
  9570.0   6.093189008386031e-05 
  9575.0   6.564389519112149e-05 
  9580.0   6.581937510570324e-05 
  9585.0   6.322819401080662e-05 
  9590.0   6.089513860999326e-05 
  9595.0   5.911527200608779e-05 
  9600.0   6.136321419285813e-05 
  9605.0   6.347797881234592e-05 
  9610.0   6.478481405960795e-05 
  9615.0   6.611614572864493e-05 
  9620.0   6.418828081775542e-05 
  9625.0  6.0863097359427184e-05 
  9630.0   6.307282978229344e-05 
  9635.0   6.527944894621721e-05 
  9640.0   6.413059745101227e-05 
  9645.0   6.385002090698702e-05 
  9650.0   6.468838689977958e-05 
  9655.0   6.619219598470623e-05 
  9660.0   6.448814892281798e-05 
  9665.0   6.158546574835866e-05 
  9670.0   6.259365827902332e-05 
  9675.0   6.721442454574918e-05 
  9680.0    6.85182945412605e-05 
  9685.0   6.673276741529948e-05 
  9690.0   6.725647203411468e-05 
  9695.0   6.780231955403094e-05 
  9700.0    6.67055421159254e-05 
  9705.0    6.60520267250945e-05 
  9710.0   6.651826000930054e-05 
  9715.0   6.540358502197392e-05 
  9720.0    6.47133434623948e-05 
  9725.0   6.415238453492135e-05 
  9730.0   6.291117080402255e-05 
  9735.0   6.197825686882429e-05 
  9740.0   6.138871689980898e-05 
  9745.0   6.041396021667533e-05 
  9750.0    5.94461767866226e-05 
  9755.0  5.9316517730173145e-05 
  9760.0   5.865796088196708e-05 
  9765.0  5.8920924880745495e-05 
  9770.0   6.034175419793934e-05 
  9775.0   6.080066369248615e-05 
  9780.0   5.977633121149343e-05 
  9785.0   5.906889371241384e-05 
  9790.0   5.861810734942208e-05 
  9795.0   5.795045282698136e-05 
  9800.0   5.797158474321983e-05 
  9805.0  5.8015829000004154e-05 
  9810.0   5.915980308934111e-05 
  9815.0   5.926605139727489e-05 
  9820.0  5.8577001329148615e-05 
  9825.0   5.772340109217294e-05 
  9830.0   5.723459037676347e-05 
  9835.0   5.764955185175864e-05 
  9840.0   5.775938086497399e-05 
  9845.0   5.707167262322876e-05 
  9850.0   5.632393631532758e-05 
  9855.0   5.624678294367043e-05 
  9860.0   5.633045273613883e-05 
  9865.0   5.599884600821877e-05 
  9870.0  5.5442008608948504e-05 
  9875.0   5.490122444678123e-05 
  9880.0  5.4583846275832705e-05 
  9885.0   5.438837641488343e-05 
  9890.0   5.397042598492354e-05 
  9895.0   5.346148629836643e-05 
  9900.0    5.29028716243708e-05 
  9905.0  5.2525049063728763e-05 
  9910.0   5.220178268180202e-05 
  9915.0   5.180511190261889e-05 
  9920.0   5.145941443793377e-05 
  9925.0   5.098565546609411e-05 
  9930.0   5.051284352749134e-05 
  9935.0   5.012624745166492e-05 
  9940.0   4.978869690458966e-05 
  9945.0  4.9387798333551264e-05 
  9950.0   4.898898358783425e-05 
  9955.0   4.858236296297525e-05 
  9960.0  4.8177996723000924e-05 
  9965.0   4.775687188747402e-05 
  9970.0   4.733531070327711e-05 
  9975.0   4.694486659532173e-05 
  9980.0  4.6553965038727586e-05 
  9985.0   4.615499811599035e-05 
  9990.0  4.5756451232490155e-05 
  9995.0  4.5325834055472213e-05 
 10000.0   4.489332786711133e-05 
 10005.0  4.4556081446809005e-05 
 10010.0    4.41265335675602e-05 
 10015.0   4.364311713251274e-05 
 10020.0   4.316164091041644e-05 
 10025.0   4.278833309441603e-05 
 10030.0  4.2500244410699954e-05 
 10035.0   4.210209342311656e-05 
 10040.0  4.1704327076977155e-05 
 10045.0   4.132095685415704e-05 
 10050.0   4.093540125359552e-05 
 10055.0    4.05135573403123e-05 
 10060.0  4.0090221915279946e-05 
 10065.0  3.9706323396974966e-05 
 10070.0  3.9362556102520404e-05 
 10075.0   3.893801164967024e-05 
 10080.0   3.855308823185957e-05 
 10085.0  3.8099185176456745e-05 
 10090.0  3.7645769448883674e-05 
 10095.0   3.723071161143578e-05 
 10100.0   3.689460703687497e-05 
 10105.0   3.659712910738415e-05 
 10110.0   3.626499027882743e-05 
 10115.0   3.588802541891746e-05 
 10120.0   3.547446473329961e-05 
 10125.0  3.5110775836053944e-05 
 10130.0   3.478195883182209e-05 
 10135.0   3.441577981333164e-05 
 10140.0   3.404989946039024e-05 
 10145.0    3.36790815018943e-05 
 10150.0  3.3306685133859866e-05 
 10155.0  3.2959213174828004e-05 
 10160.0   3.260993798005489e-05 
 10165.0   3.224742975003397e-05 
 10170.0   3.188535846195967e-05 
 10175.0    3.15176466782956e-05 
 10180.0   3.115013364542263e-05 
 10185.0   3.080606611825617e-05 
 10190.0  3.0431123196189595e-05 
 10195.0  3.0085826140047533e-05 
 10200.0  2.9770573199761416e-05 
 10205.0  2.9418866711605014e-05 
 10210.0  2.9067336291830444e-05 
 10215.0  2.8730450020973602e-05 
 10220.0  2.8393393362390835e-05 
 10225.0  2.8053415065235976e-05 
 10230.0  2.7685575811368293e-05 
 10235.0   2.735326396653755e-05 
 10240.0  2.6994066151714304e-05 
 10245.0   2.669821119903609e-05 
 10250.0  2.6400294649954986e-05 
 10255.0  2.5943030404677222e-05 
 10260.0   2.548485302220149e-05 
 10265.0   2.503228495389362e-05 
 10270.0  2.4580272898819924e-05 
 10275.0  2.4152169488670886e-05 
 10280.0  2.3723945763512414e-05 
 10285.0   2.328461977413327e-05 
 10290.0  2.2845289740384126e-05 
 10295.0   2.243615121541333e-05 
 10300.0  2.2051387261147754e-05 
 10305.0   2.164213446187464e-05 
 10310.0  2.1234959298768104e-05 
 10315.0  2.0844209562508398e-05 
 10320.0  2.0453075071514023e-05 
 10325.0   2.007510852558942e-05 
 10330.0  1.9696779301141538e-05 
 10335.0  1.9320171509003754e-05 
 10340.0  1.8943949675181293e-05 
 10345.0    1.85811940090381e-05 
 10350.0   1.821740500377542e-05 
 10355.0  1.7870564037656357e-05 
 10360.0  1.7522713353548177e-05 
 10365.0  1.7170177952055892e-05 
 10370.0  1.6818174295197003e-05 
 10375.0   1.648403573574008e-05 
 10380.0   1.614980576392159e-05 
 10385.0  1.5828061911452078e-05 
 10390.0  1.5506314431405287e-05 
 10395.0  1.5178312196811857e-05 
 10400.0   1.485057338565992e-05 
 10405.0  1.4544038425387294e-05 
 10410.0    1.42374850960032e-05 
 10415.0  1.3927173256033324e-05 
 10420.0  1.3617009033454784e-05 
 10425.0  1.3321425779493138e-05 
 10430.0  1.3025990659657434e-05 
 10435.0  1.2733211890386113e-05 
 10440.0  1.2440605192072113e-05 
 10445.0  1.2157872806261399e-05 
 10450.0  1.1862856566597944e-05 
 10455.0  1.1585256574256785e-05 
 10460.0  1.1307119401206328e-05 
 10465.0  1.1042705163469213e-05 
 10470.0  1.0778535985143142e-05 
 10475.0  1.0518941378487647e-05 
 10480.0   1.025957595739962e-05 
 10485.0  1.0005733985482441e-05 
 10490.0   9.741888356959245e-06 
 10495.0   9.500165284094473e-06 
 10500.0   9.258999329292044e-06 
 10505.0   9.025161707365816e-06 
 10510.0   8.791810292799781e-06 
 10515.0   8.559184566988104e-06 
 10520.0   8.326471446111192e-06 
 10525.0   8.100891164118254e-06 
 10530.0   7.883682020762436e-06 
 10535.0   7.671789580456939e-06 
 10540.0  7.4599721764597665e-06 
 10545.0  7.2498378146768985e-06 
 10550.0   7.047216217146636e-06 
 10555.0   6.851266574672169e-06 
 10560.0  6.6485980631935195e-06 
 10565.0   6.458928509176743e-06 
 10570.0  6.2629931491808505e-06 
 10575.0   6.082556998395712e-06 
 10580.0   5.896119092192307e-06 
 10585.0  5.7215965680158554e-06 
 10590.0  5.5471411521831006e-06 
 10595.0   5.381934457024109e-06 
 10600.0   5.222403146322304e-06 
 10605.0   5.063830785610421e-06 
 10610.0  4.9002708527694075e-06 
 10615.0   4.746810565252158e-06 
 10620.0   4.593486619685557e-06 
 10625.0   4.453473716942645e-06 
 10630.0   4.318048443808088e-06 
 10635.0  4.1802963932164165e-06 
 10640.0   4.038498278470559e-06 
 10645.0   3.914143846749112e-06 
 10650.0  3.7899272047509454e-06 
 10655.0   3.669171423434757e-06 
 10660.0  3.5483313947061313e-06 
 10665.0  3.4400855712103257e-06 
 10670.0  3.3318712151315786e-06 
 10675.0   3.223763892899669e-06 
 10680.0   3.115683006031408e-06 
 10685.0   3.024989259338412e-06 
 10690.0   2.934132014886072e-06 
 10695.0   2.847613424383768e-06 
 10700.0  2.7639141640060902e-06 
 10705.0  2.6799454699574336e-06 
 10710.0  2.5958210691082795e-06 
 10715.0  2.5231650327562675e-06 
 10720.0  2.4505404795219494e-06 
 10725.0   2.385799452200521e-06 
 10730.0  2.3234031112732245e-06 
 10735.0  2.2599840941142093e-06 
 10740.0   2.194257632549591e-06 
 10745.0  2.1302424794929694e-06 
 10750.0  2.0749742476353445e-06 
 10755.0  2.0229346832824345e-06 
 10760.0  1.9666032228334787e-06 
 10765.0  1.9083431410480913e-06 
 10770.0  1.8445077482295682e-06 
 10775.0  1.7886485041240462e-06 
 10780.0  1.7419183092863238e-06 
 10785.0   1.689594556327726e-06 
 10790.0  1.6336333264459905e-06 
 10795.0  1.5823750773682363e-06 
 10800.0   1.524904865452506e-06 
 10805.0   1.469549166887322e-06 
 10810.0  1.4202398374007518e-06 
 10815.0   1.376930394810943e-06 
 10820.0  1.3377176562545245e-06 
 10825.0  1.2966935548082635e-06 
 10830.0  1.2479273969703144e-06 
 10835.0  1.1926489999845127e-06 
 10840.0   1.145926886820665e-06 
 10845.0  1.1130383252968418e-06 
 10850.0  1.0756538384364439e-06 
 10855.0  1.0272350109610627e-06 
 10860.0   9.732998434041923e-07 
 10865.0   9.361019374947594e-07 
 10870.0   9.101959244407113e-07 
 10875.0   8.823807838590625e-07 
 10880.0   8.487922205847627e-07 
 10885.0   8.102899950563412e-07 
 10890.0   7.696613534637501e-07 
 10895.0   7.317841152995201e-07 
 10900.0   6.948360023429883e-07 
 10905.0   6.641252256270036e-07 
 10910.0   6.407942922568751e-07 
 10915.0   6.155916601079462e-07 
 10920.0   5.799733580532851e-07 
 10925.0    5.45230537927968e-07 
 10930.0   5.197362091158546e-07 
 10935.0   4.966393889889835e-07 
 10940.0  4.6818769754871813e-07 
 10945.0   4.428410137069053e-07 
 10950.0  4.2179429281803316e-07 
 10955.0  4.0012637040684346e-07 
 10960.0   3.769555490181885e-07 
 10965.0  3.5896323590929655e-07 
 10970.0   3.402762419114553e-07 
 10975.0  3.1603855363780703e-07 
 10980.0  2.9310973934176283e-07 
 10985.0  3.1421870835443865e-07 
