# rubin.lsst.i
# photon
# Rubin LSST i 1.9 https://github.com/lsst/throughputs/blob/e70d1daf069e606caa3feb43eccc62ec21e0baf5/baseline/total_i.dat
  3200.0   4.184474664168839e-22 
  3205.0  1.0372021917828559e-10 
  3210.0  4.0245031020156843e-10 
  3215.0  1.1423028926784815e-09 
  3220.0  2.4220609156301555e-09 
  3225.0   4.664130936055162e-09 
  3230.0   8.339545453026825e-09 
  3235.0  1.5870473618701463e-08 
  3240.0  2.6574485583916594e-08 
  3245.0  4.4592998678987964e-08 
  3250.0   6.903453095435653e-08 
  3255.0   1.073125134109485e-07 
  3260.0   1.617441034020771e-07 
  3265.0  2.2268292053513684e-07 
  3270.0   2.917383184735374e-07 
  3275.0  3.9601640926726173e-07 
  3280.0   5.243510998641891e-07 
  3285.0   6.747155673289733e-07 
  3290.0    8.63485027183803e-07 
  3295.0  1.0880665525746918e-06 
  3300.0  1.3298796248064935e-06 
  3305.0  1.5978243086630683e-06 
  3310.0  1.9109064196558143e-06 
  3315.0  2.1866322810446328e-06 
  3320.0  2.5164729638650754e-06 
  3325.0  2.9298969335426515e-06 
  3330.0  3.3575714048506048e-06 
  3335.0  3.7138471027765906e-06 
  3340.0   4.118756124410495e-06 
  3345.0   4.545539991992172e-06 
  3350.0   5.015859900303168e-06 
  3355.0   5.448047118237627e-06 
  3360.0   5.874996449741745e-06 
  3365.0   6.311094017771437e-06 
  3370.0    6.76873544854987e-06 
  3375.0  7.1836153760952014e-06 
  3380.0   7.690524417009408e-06 
  3385.0   8.192798686714222e-06 
  3390.0   8.671318314284438e-06 
  3395.0   9.189695953188748e-06 
  3400.0   9.694009198023305e-06 
  3405.0  1.0050708451590983e-05 
  3410.0  1.0455741271463124e-05 
  3415.0  1.0938866897545896e-05 
  3420.0   1.143917689760222e-05 
  3425.0  1.1904431603844491e-05 
  3430.0   1.233927673429419e-05 
  3435.0  1.2657639147753202e-05 
  3440.0  1.2982481933928607e-05 
  3445.0   1.327223782107694e-05 
  3450.0  1.3614626027715588e-05 
  3455.0   1.402522405102549e-05 
  3460.0  1.4418376603594664e-05 
  3465.0  1.4751766919910876e-05 
  3470.0    1.50913722185187e-05 
  3475.0  1.5565582160442385e-05 
  3480.0  1.6051161077853197e-05 
  3485.0  1.6362549302460346e-05 
  3490.0  1.6708162150726636e-05 
  3495.0  1.7077376071950758e-05 
  3500.0   1.745028518285037e-05 
  3505.0  1.7757613339773063e-05 
  3510.0   1.809744061536599e-05 
  3515.0   1.834426976626271e-05 
  3520.0  1.8625965624122568e-05 
  3525.0   1.887533614175183e-05 
  3530.0   1.909454482523396e-05 
  3535.0   1.943496923893457e-05 
  3540.0   1.974649724569398e-05 
  3545.0  1.9994695873075266e-05 
  3550.0  2.0246102393335214e-05 
  3555.0  2.0498004670761932e-05 
  3560.0  2.0753083830544394e-05 
  3565.0  2.1054435052685275e-05 
  3570.0  2.1394210616859377e-05 
  3575.0  2.1639783081626955e-05 
  3580.0  2.1887327816503017e-05 
  3585.0   2.212424408827603e-05 
  3590.0  2.2326144575228297e-05 
  3595.0   2.260806880955703e-05 
  3600.0   2.289365244286247e-05 
  3605.0  2.3091701876967384e-05 
  3610.0  2.3329797006769416e-05 
  3615.0  2.3627882525913794e-05 
  3620.0   2.392858955977139e-05 
  3625.0  2.4168715640654114e-05 
  3630.0   2.444965027935645e-05 
  3635.0  2.4751000281510537e-05 
  3640.0  2.5015303253215372e-05 
  3645.0   2.524996622365507e-05 
  3650.0     2.5486204093216e-05 
  3655.0  2.5788948673133937e-05 
  3660.0  2.6135529366377034e-05 
  3665.0  2.6393947152523773e-05 
  3670.0   2.661250143098546e-05 
  3675.0  2.6967694425867027e-05 
  3680.0  2.7326613422775028e-05 
  3685.0  2.7555801786809912e-05 
  3690.0  2.7830055035327206e-05 
  3695.0  2.8033695924048885e-05 
  3700.0  2.8279422105124875e-05 
  3705.0  2.8534339598539117e-05 
  3710.0  2.8744091883876384e-05 
  3715.0  2.9125464781362526e-05 
  3720.0  2.9466289271740583e-05 
  3725.0  2.9798392072799874e-05 
  3730.0    3.00876311655046e-05 
  3735.0   3.039860200117095e-05 
  3740.0   3.066488988119743e-05 
  3745.0   3.090553674379348e-05 
  3750.0   3.110357521495011e-05 
  3755.0  3.1419911564130066e-05 
  3760.0   3.169422726495958e-05 
  3765.0   3.206828823678806e-05 
  3770.0   3.239675951716967e-05 
  3775.0   3.274548531337134e-05 
  3780.0    3.30480536929872e-05 
  3785.0  3.3365432419789256e-05 
  3790.0   3.363523860592736e-05 
  3795.0  3.3903786662216024e-05 
  3800.0   3.422468034407015e-05 
  3805.0  3.4548576015678496e-05 
  3810.0   3.492631068352014e-05 
  3815.0   3.521332780590777e-05 
  3820.0  3.5554264625197506e-05 
  3825.0   3.584791398300411e-05 
  3830.0   3.619618716521843e-05 
  3835.0   3.653430749832899e-05 
  3840.0   3.687544549820179e-05 
  3845.0   3.721116554423763e-05 
  3850.0   3.760204152989324e-05 
  3855.0   3.790602420925412e-05 
  3860.0   3.826518040415592e-05 
  3865.0  3.8552830522726085e-05 
  3870.0   3.884271942876851e-05 
  3875.0  3.9289759479437866e-05 
  3880.0   3.968431741513069e-05 
  3885.0   3.999768725284811e-05 
  3890.0   4.037008336861047e-05 
  3895.0   4.068056503948071e-05 
  3900.0   4.099499752217281e-05 
  3905.0   4.140928254230103e-05 
  3910.0   4.177000401898272e-05 
  3915.0   4.205902998600745e-05 
  3920.0  4.2349251830798284e-05 
  3925.0   4.273801985825615e-05 
  3930.0  4.3069380348855734e-05 
  3935.0  4.3431716898040536e-05 
  3940.0   4.385728925595692e-05 
  3945.0   4.416786465673246e-05 
  3950.0  4.4482422789845606e-05 
  3955.0   4.476862038998637e-05 
  3960.0  4.5059111476854417e-05 
  3965.0  4.5510213151772406e-05 
  3970.0   4.589934542087208e-05 
  3975.0  4.6251585018644295e-05 
  3980.0   4.660167236496275e-05 
  3985.0   4.691958645072089e-05 
  3990.0   4.730247406157284e-05 
  3995.0   4.762860035321711e-05 
  4000.0   4.795715615352226e-05 
  4005.0   4.825121258833888e-05 
  4010.0   4.854677260730231e-05 
  4015.0   4.892254978232425e-05 
  4020.0   4.923365215341614e-05 
  4025.0  4.9538476643915423e-05 
  4030.0  4.9844879687994865e-05 
  4035.0   5.015868090286436e-05 
  4040.0  5.0474143748913595e-05 
  4045.0   5.077287606032143e-05 
  4050.0   5.114200361349278e-05 
  4055.0   5.140449058596436e-05 
  4060.0  5.1668093990206915e-05 
  4065.0   5.198087801635315e-05 
  4070.0  5.2295237896076475e-05 
  4075.0   5.253024370362733e-05 
  4080.0  5.2766109460587156e-05 
  4085.0   5.307956992962886e-05 
  4090.0  5.3394591674383706e-05 
  4095.0    5.36741314412234e-05 
  4100.0   5.395488273353571e-05 
  4105.0   5.424703110254175e-05 
  4110.0    5.46128214810375e-05 
  4115.0  5.4867885772090145e-05 
  4120.0    5.51239298077732e-05 
  4125.0  5.5403678923855474e-05 
  4130.0   5.568459579418888e-05 
  4135.0  5.5934808047116506e-05 
  4140.0   5.618593979643472e-05 
  4145.0   5.646243464695194e-05 
  4150.0   5.674005204967245e-05 
  4155.0   5.698363954541386e-05 
  4160.0   5.722807299380398e-05 
  4165.0   5.748696028955819e-05 
  4170.0   5.774680230074523e-05 
  4175.0   5.797809129708532e-05 
  4180.0  5.8210120973587254e-05 
  4185.0   5.843044694963525e-05 
  4190.0   5.865143099939788e-05 
  4195.0   5.890929066218937e-05 
  4200.0   5.916808034514304e-05 
  4205.0   5.939997657445719e-05 
  4210.0  5.9632594302936095e-05 
  4215.0   5.985501709075934e-05 
  4220.0   6.007809314945562e-05 
  4225.0  6.0273120957222744e-05 
  4230.0   6.046862981756604e-05 
  4235.0   6.063796583497446e-05 
  4240.0   6.088573361989072e-05 
  4245.0   6.111105012040455e-05 
  4250.0   6.133702024910027e-05 
  4255.0   6.157392205626754e-05 
  4260.0   6.181155647373723e-05 
  4265.0   6.200942984596626e-05 
  4270.0   6.220778053936277e-05 
  4275.0   6.244362204386202e-05 
  4280.0   6.260062308923925e-05 
  4285.0   6.289362552443995e-05 
  4290.0   6.310764598593993e-05 
  4295.0   6.329928958603151e-05 
  4300.0   6.341119933936359e-05 
  4305.0   6.362701772308543e-05 
  4310.0   6.384340550916025e-05 
  4315.0   6.400700469948486e-05 
  4320.0   6.417088985920233e-05 
  4325.0   6.438419729770443e-05 
  4330.0   6.451699475216495e-05 
  4335.0    6.46960313948775e-05 
  4340.0   6.487616761241927e-05 
  4345.0   6.500885759095746e-05 
  4350.0   6.522012312143337e-05 
  4355.0   6.540975897038725e-05 
  4360.0   6.559678928004014e-05 
  4365.0   6.574742192414146e-05 
  4370.0   6.589900385297154e-05 
  4375.0   6.608052740487204e-05 
  4380.0   6.626228357571189e-05 
  4385.0   6.635556025974007e-05 
  4390.0   6.653074860092063e-05 
  4395.0   6.660945619426907e-05 
  4400.0    6.67741393107097e-05 
  4405.0   6.694389409587286e-05 
  4410.0   6.711727751178596e-05 
  4415.0   6.727007448331098e-05 
  4420.0   6.742231833144511e-05 
  4425.0   6.760968635978243e-05 
  4430.0    6.77140372914749e-05 
  4435.0   6.784899803942394e-05 
  4440.0    6.79841054173278e-05 
  4445.0    6.80904498231488e-05 
  4450.0   6.819691368538067e-05 
  4455.0   6.837368291924892e-05 
  4460.0    6.85507715856788e-05 
  4465.0   6.878669288755032e-05 
  4470.0   6.885463939394377e-05 
  4475.0   6.901391349024293e-05 
  4480.0   6.908906948568258e-05 
  4485.0   6.923836472300613e-05 
  4490.0   6.938860687642637e-05 
  4495.0   6.953815423150913e-05 
  4500.0   6.968470600710763e-05 
  4505.0   6.978352446925358e-05 
  4510.0   6.996386846385184e-05 
  4515.0   7.008774328954636e-05 
  4520.0   7.012736993114014e-05 
  4525.0   7.028997136183723e-05 
  4530.0   7.045296408106648e-05 
  4535.0   7.050412637288895e-05 
  4540.0   7.063980432538872e-05 
  4545.0   7.075745014142102e-05 
  4550.0   7.087856907421723e-05 
  4555.0    7.09434355394126e-05 
  4560.0   7.109729576369918e-05 
  4565.0   7.116020840908955e-05 
  4570.0   7.130806579059648e-05 
  4575.0   7.145153555996662e-05 
  4580.0   7.150932411957354e-05 
  4585.0   7.157470424319512e-05 
  4590.0   7.172694809002883e-05 
  4595.0   7.185789477300792e-05 
  4600.0    7.18992488676782e-05 
  4605.0   7.204237953940742e-05 
  4610.0   7.209612042486371e-05 
  4615.0     7.2188889414457e-05 
  4620.0    7.21962118153179e-05 
  4625.0   7.230841425355607e-05 
  4630.0   7.242054144371881e-05 
  4635.0   7.249254482833223e-05 
  4640.0   7.265029127455424e-05 
  4645.0   7.269373810290611e-05 
  4650.0   7.282724681005719e-05 
  4655.0   7.293555078777844e-05 
  4660.0   7.304753339395876e-05 
  4665.0   7.319045090490189e-05 
  4670.0   7.324589673231578e-05 
  4675.0     7.3376879889693e-05 
  4680.0   7.342108616417574e-05 
  4685.0   7.355566771174135e-05 
  4690.0   7.360337177946752e-05 
  4695.0   7.372054956775357e-05 
  4700.0   7.375072418841532e-05 
  4705.0    7.38798429617568e-05 
  4710.0   7.400906373314775e-05 
  4715.0   7.404694640689124e-05 
  4720.0   7.417209346148338e-05 
  4725.0    7.42162428580443e-05 
  4730.0   7.434776425011854e-05 
  4735.0   7.437140918288218e-05 
  4740.0   7.448246682356836e-05 
  4745.0   7.452445721400208e-05 
  4750.0   7.456645464697651e-05 
  4755.0   7.469957233128576e-05 
  4760.0   7.474517533336671e-05 
  4765.0   7.485105339901843e-05 
  4770.0   7.486929519757724e-05 
  4775.0   7.491093013441449e-05 
  4780.0   7.504033726242183e-05 
  4785.0   7.506817827910675e-05 
  4790.0   7.509601451704177e-05 
  4795.0   7.511831926965441e-05 
  4800.0   7.514061533807235e-05 
  4805.0   7.525766916465433e-05 
  4810.0    7.52868338594048e-05 
  4815.0   7.539162690570229e-05 
  4820.0   7.540845776492497e-05 
  4825.0   7.553131726300313e-05 
  4830.0   7.556618300452657e-05 
  4835.0   7.568885477231365e-05 
  4840.0   7.581242674008478e-05 
  4845.0   7.582727892131254e-05 
  4850.0     7.5926777597136e-05 
  4855.0   7.593608512931289e-05 
  4860.0   7.603009780178768e-05 
  4865.0   7.611855561429584e-05 
  4870.0   7.611934878085861e-05 
  4875.0   7.624813809888186e-05 
  4880.0   7.628877346768305e-05 
  4885.0   7.629424085973538e-05 
  4890.0   7.629886743513122e-05 
  4895.0   7.639307408035422e-05 
  4900.0   7.640246121681698e-05 
  4905.0    7.65084006615991e-05 
  4910.0   7.652983623290348e-05 
  4915.0   7.663073968245297e-05 
  4920.0   7.664237878922957e-05 
  4925.0   7.674984289006121e-05 
  4930.0   7.676889903489776e-05 
  4935.0   7.679325513714703e-05 
  4940.0    7.69061031832591e-05 
  4945.0   7.692148486237385e-05 
  4950.0   7.693685602180381e-05 
  4955.0   7.703825920426874e-05 
  4960.0   7.705111444783182e-05 
  4965.0   7.706350735153164e-05 
  4970.0   7.707588944594088e-05 
  4975.0   7.718951230721333e-05 
  4980.0    7.72145362353831e-05 
  4985.0   7.724105011762507e-05 
  4990.0   7.726755779842548e-05 
  4995.0   7.737359859352362e-05 
  5000.0    7.73909183920681e-05 
  5005.0   7.731026128682906e-05 
  5010.0   7.731834428778943e-05 
  5015.0   7.733252151596888e-05 
  5020.0   7.734668934823395e-05 
  5025.0   7.735834075867316e-05 
  5030.0   7.728115290156316e-05 
  5035.0   7.731234980452253e-05 
  5040.0   7.725550447106727e-05 
  5045.0   7.733520359033305e-05 
  5050.0   7.741115680827945e-05 
  5055.0   7.742128160665964e-05 
  5060.0   7.742767814540535e-05 
  5065.0   7.753195942295344e-05 
  5070.0   7.763715695252035e-05 
  5075.0   7.763280631779975e-05 
  5080.0    7.77172009743631e-05 
  5085.0   7.772209042981343e-05 
  5090.0   7.781516909030804e-05 
  5095.0   7.789918566729628e-05 
  5100.0   7.789814062877546e-05 
  5105.0   7.799917799331057e-05 
  5110.0   7.801486083677387e-05 
  5115.0   7.812942764563812e-05 
  5120.0   7.815418621505067e-05 
  5125.0   7.816062985771683e-05 
  5130.0   7.825609317108806e-05 
  5135.0   7.827385053555492e-05 
  5140.0   7.829159972938669e-05 
  5145.0   7.840043895454956e-05 
  5150.0   7.842020315757992e-05 
  5155.0   7.844200913534637e-05 
  5160.0   7.846381135900752e-05 
  5165.0    7.85579194582223e-05 
  5170.0   7.856285554782228e-05 
  5175.0   7.857693943302482e-05 
  5180.0   7.859101599166965e-05 
  5185.0   7.861578217739847e-05 
  5190.0   7.864054400151357e-05 
  5195.0   7.874959784378175e-05 
  5200.0   7.876938465577935e-05 
  5205.0   7.879270621656978e-05 
  5210.0   7.881602484145601e-05 
  5215.0   7.882211707746544e-05 
  5220.0   7.882820103482113e-05 
  5225.0   7.885027452937469e-05 
  5230.0   7.887234420673287e-05 
  5235.0   7.888831738126829e-05 
  5240.0   7.890428491757204e-05 
  5245.0   7.892606987606362e-05 
  5250.0   7.894785192360623e-05 
  5255.0   7.886103494779447e-05 
  5260.0   7.886372033582985e-05 
  5265.0   7.888045820101679e-05 
  5270.0   7.889719098753056e-05 
  5275.0   7.893643601205367e-05 
  5280.0   7.897568842088284e-05 
  5285.0   7.898767234022553e-05 
  5290.0    7.89996503115049e-05 
  5295.0   7.902872830986155e-05 
  5300.0   7.905780698365621e-05 
  5305.0   7.908200669221719e-05 
  5310.0   7.910620476267852e-05 
  5315.0   7.911452440430943e-05 
  5320.0   7.912283746531378e-05 
  5325.0   7.913130099422611e-05 
  5330.0   7.913975768273586e-05 
  5335.0   7.924740911907408e-05 
  5340.0   7.926522726540751e-05 
  5345.0   7.930086827117238e-05 
  5350.0   7.942646580024829e-05 
  5355.0    7.94469273649382e-05 
  5360.0   7.955738210867083e-05 
  5365.0   7.958860084015505e-05 
  5370.0   7.961982215269783e-05 
  5375.0    7.96517580725342e-05 
  5380.0   7.977383757721868e-05 
  5385.0   7.980049690279136e-05 
  5390.0    7.98280746890797e-05 
  5395.0     7.9849203300092e-05 
  5400.0   7.986635053185967e-05 
  5405.0   7.988940163040777e-05 
  5410.0   7.981831938291057e-05 
  5415.0   7.982700482441496e-05 
  5420.0    7.98367174641308e-05 
  5425.0   7.987188815438773e-05 
  5430.0   7.999745468917185e-05 
  5435.0   7.999851362990505e-05 
  5440.0   7.999852562746637e-05 
  5445.0   8.000346910831763e-05 
  5450.0   8.001224745418639e-05 
  5455.0    8.00344292024744e-05 
  5460.0   8.006059805947633e-05 
  5465.0   8.009899938659834e-05 
  5470.0   8.013648585864218e-05 
  5475.0   8.024916225643426e-05 
  5480.0   8.027128648557842e-05 
  5485.0   8.029770768789705e-05 
  5490.0    8.03241279197411e-05 
  5495.0   8.035327218021079e-05 
  5500.0   8.047314265551372e-05 
  5505.0    8.05099076948777e-05 
  5510.0   8.054667835228135e-05 
  5515.0   8.058264188715569e-05 
  5520.0   8.061861182643245e-05 
  5525.0   8.062808625041725e-05 
  5530.0   8.063755260322927e-05 
  5535.0   8.068386455368784e-05 
  5540.0   8.073019006119783e-05 
  5545.0   8.076617142546003e-05 
  5550.0    8.08932534280849e-05 
  5555.0   8.092222659909984e-05 
  5560.0   8.095120032873604e-05 
  5565.0   8.088792188249359e-05 
  5570.0   8.091580461871885e-05 
  5575.0   8.095388624249308e-05 
  5580.0   8.099197429573278e-05 
  5585.0   8.102190336467948e-05 
  5590.0   8.105183223898265e-05 
  5595.0   8.107704687272937e-05 
  5600.0   8.101082570431034e-05 
  5605.0   8.107663628505162e-05 
  5610.0   8.114248361870829e-05 
  5615.0   8.115436823382604e-05 
  5620.0    8.10746333793516e-05 
  5625.0   8.111033255579252e-05 
  5630.0   8.114603581261821e-05 
  5635.0   8.118843292447594e-05 
  5640.0    8.12308399888917e-05 
  5645.0   8.116391723991675e-05 
  5650.0   8.118877750913583e-05 
  5655.0   8.124365060292096e-05 
  5660.0   8.129854806657223e-05 
  5665.0   8.133021866863216e-05 
  5670.0   8.136188823581107e-05 
  5675.0   8.140553174670647e-05 
  5680.0   8.144918598610043e-05 
  5685.0    8.13864848770278e-05 
  5690.0   8.132371677599505e-05 
  5695.0   8.137509102920612e-05 
  5700.0   8.142648313829546e-05 
  5705.0     8.1547313491574e-05 
  5710.0   8.157582262778366e-05 
  5715.0    8.16217016888498e-05 
  5720.0   8.166759199665644e-05 
  5725.0   8.170595787447381e-05 
  5730.0   8.174432814600315e-05 
  5735.0   8.188779679852912e-05 
  5740.0    8.19387077367809e-05 
  5745.0   8.200924167988922e-05 
  5750.0   8.207981824415159e-05 
  5755.0    8.22132981529707e-05 
  5760.0   8.225393388259358e-05 
  5765.0   8.239418682196373e-05 
  5770.0   8.244151071635165e-05 
  5775.0   8.258295881209842e-05 
  5780.0   8.263137182583138e-05 
  5785.0   8.274138122926348e-05 
  5790.0   8.275822017890212e-05 
  5795.0   8.281505680857754e-05 
  5800.0   8.277868232140023e-05 
  5805.0   8.281864140290916e-05 
  5810.0   8.295181041746711e-05 
  5815.0   8.301138204354371e-05 
  5820.0    8.31643178694484e-05 
  5825.0   8.320364636290776e-05 
  5830.0   8.333640351073302e-05 
  5835.0   8.338355470180486e-05 
  5840.0   8.342975724049294e-05 
  5845.0   8.345276468507402e-05 
  5850.0   8.357351207969934e-05 
  5855.0   8.360160001444608e-05 
  5860.0   8.363369731368713e-05 
  5865.0    8.36562809088171e-05 
  5870.0   8.367776852090251e-05 
  5875.0   8.363914153867016e-05 
  5880.0   8.350658215188315e-05 
  5885.0    8.32844001485409e-05 
  5890.0    8.31578421609532e-05 
  5895.0   8.322584376989864e-05 
  5900.0   8.319162576696588e-05 
  5905.0    8.34281484806109e-05 
  5910.0   8.365671421101727e-05 
  5915.0   8.362046557947896e-05 
  5920.0   8.349181129748681e-05 
  5925.0   8.353621921170945e-05 
  5930.0   8.386395705937148e-05 
  5935.0   8.399189285154675e-05 
  5940.0    8.38342964439781e-05 
  5945.0   8.350953119766421e-05 
  5950.0    8.37603064536802e-05 
  5955.0   8.409414590018092e-05 
  5960.0     8.4247070500635e-05 
  5965.0   8.433979985588094e-05 
  5970.0   8.433556925976025e-05 
  5975.0   8.440835279924874e-05 
  5980.0   8.457631682008759e-05 
  5985.0    8.46250732684426e-05 
  5990.0   8.467591451133516e-05 
  5995.0   8.481674309217382e-05 
  6000.0    8.48540280954702e-05 
  6005.0   8.497346573271913e-05 
  6010.0   8.498923615746767e-05 
  6015.0   8.501620840128584e-05 
  6020.0   8.504525448155819e-05 
  6025.0   8.520026105561515e-05 
  6030.0   8.525983803637333e-05 
  6035.0   8.532244792980785e-05 
  6040.0   8.547969482336287e-05 
  6045.0   8.552950527364364e-05 
  6050.0   8.567927538460994e-05 
  6055.0     8.5728798434114e-05 
  6060.0   8.587855914416327e-05 
  6065.0   8.596179324650318e-05 
  6070.0   8.614023469096668e-05 
  6075.0   8.620483612132139e-05 
  6080.0   8.636575011945715e-05 
  6085.0   8.642076683349224e-05 
  6090.0   8.657220704101012e-05 
  6095.0   8.663386563003663e-05 
  6100.0    8.67920908800668e-05 
  6105.0   8.695032988460464e-05 
  6110.0   8.701205246769944e-05 
  6115.0    8.71694592753833e-05 
  6120.0   8.723021038130537e-05 
  6125.0   8.734726683307971e-05 
  6130.0    8.73674959746845e-05 
  6135.0   8.751592867238783e-05 
  6140.0    8.76644861292483e-05 
  6145.0   8.771698773729919e-05 
  6150.0   8.786659424211115e-05 
  6155.0    8.79095091333103e-05 
  6160.0   8.804961349395378e-05 
  6165.0   8.809632031542579e-05 
  6170.0   8.824032065685313e-05 
  6175.0   8.828449823102803e-05 
  6180.0   8.842606742031178e-05 
  6185.0   8.846623309749599e-05 
  6190.0    8.85063975227505e-05 
  6195.0   8.864907364894192e-05 
  6200.0   8.869428273173832e-05 
  6205.0   8.881761563451333e-05 
  6210.0   8.884336614247906e-05 
  6215.0   8.890631018132936e-05 
  6220.0   8.906704627110913e-05 
  6225.0   8.912729184809857e-05 
  6230.0   8.928546219803795e-05 
  6235.0   8.932127468728145e-05 
  6240.0   8.935605238583507e-05 
  6245.0   8.950457140669575e-05 
  6250.0   8.955958822291767e-05 
  6255.0    8.96135781518897e-05 
  6260.0   8.977010912507823e-05 
  6265.0   8.982984983808392e-05 
  6270.0   8.979009743752157e-05 
  6275.0   8.896113376206484e-05 
  6280.0   8.763871855284376e-05 
  6285.0   8.821226130673194e-05 
  6290.0   8.908490274996119e-05 
  6295.0   8.911540562975123e-05 
  6300.0   8.923589218311188e-05 
  6305.0   8.965518080752475e-05 
  6310.0   8.996710642297734e-05 
  6315.0   9.019762019589207e-05 
  6320.0   9.043048498010593e-05 
  6325.0   9.066766337961065e-05 
  6330.0   9.080609736033413e-05 
  6335.0   9.094600679199383e-05 
  6340.0   9.108482118096535e-05 
  6345.0   9.110846639624706e-05 
  6350.0   9.123554159440156e-05 
  6355.0   9.126158090614592e-05 
  6360.0   9.139128498248547e-05 
  6365.0   9.144065715378211e-05 
  6370.0   9.158821143571398e-05 
  6375.0   9.163002253473635e-05 
  6380.0   9.177115694329953e-05 
  6385.0   9.181734064810889e-05 
  6390.0    9.19629512325334e-05 
  6395.0    9.20260250999321e-05 
  6400.0   9.208912153532426e-05 
  6405.0   9.226172772040634e-05 
  6410.0   9.233481703604448e-05 
  6415.0   9.245547777302097e-05 
  6420.0   9.247641340407345e-05 
  6425.0   9.250479565155173e-05 
  6430.0   9.263298708406808e-05 
  6435.0    9.26591117062801e-05 
  6440.0   9.268522808066447e-05 
  6445.0   9.278556024277647e-05 
  6450.0     9.2785995347099e-05 
  6455.0   9.282868131550324e-05 
  6460.0    9.27714023465251e-05 
  6465.0   9.274905703454598e-05 
  6470.0   9.262645087391648e-05 
  6475.0   9.259280593565283e-05 
  6480.0   9.255904734519748e-05 
  6485.0   9.279402687956551e-05 
  6490.0    9.29298018930308e-05 
  6495.0   9.295533288248077e-05 
  6500.0   9.327780657174969e-05 
  6505.0   9.354038000521679e-05 
  6510.0   9.349696045614842e-05 
  6515.0   9.322277085455133e-05 
  6520.0   9.315045774920489e-05 
  6525.0   9.359234982258367e-05 
  6530.0   9.383342244439624e-05 
  6535.0    9.38838000988577e-05 
  6540.0   9.403388919244903e-05 
  6545.0   9.395034432055638e-05 
  6550.0   9.397209099607987e-05 
  6555.0   9.400997366612517e-05 
  6560.0    9.41532923890297e-05 
  6565.0   9.431476260195319e-05 
  6570.0   9.447532891381224e-05 
  6575.0   9.452361984611826e-05 
  6580.0   9.467306684868855e-05 
  6585.0   9.479855998657463e-05 
  6590.0   9.492409619024208e-05 
  6595.0  0.00043696506808597874 
  6600.0   0.0007803291491628441 
  6605.0   0.0008520709589190752 
  6610.0   0.0009248587398697912 
  6615.0   0.0009491476766727745 
  6620.0    0.000974495030760293 
  6625.0    0.001027737473631502 
  6630.0   0.0010810514499430715 
  6635.0    0.001125322307382477 
  6640.0   0.0011684595910115268 
  6645.0   0.0012460303266254693 
  6650.0   0.0013250567832131122 
  6655.0   0.0014306683928827645 
  6660.0   0.0015362106639356234 
  6665.0   0.0017547518062675678 
  6670.0    0.001971846973015519 
  6675.0    0.002150306141744315 
  6680.0   0.0023313077343835482 
  6685.0   0.0028715268774554027 
  6690.0   0.0034119951693064306 
  6695.0    0.004187592031651921 
  6700.0   0.0049598506711091075 
  6705.0    0.006411377962472083 
  6710.0    0.007873451880347162 
  6715.0      0.0103705146346504 
  6720.0    0.012868176188484261 
  6725.0    0.016746996844202965 
  6730.0     0.02061701944822345 
  6735.0    0.025588034146200846 
  6740.0    0.030561322385124625 
  6745.0     0.03631110445648733 
  6750.0     0.04203229588818027 
  6755.0     0.04792148612148845 
  6760.0     0.05381539514942381 
  6765.0     0.06057444050755996 
  6770.0      0.0672829490276696 
  6775.0     0.07366431518304263 
  6780.0      0.0801321279574965 
  6785.0     0.08710037042123314 
  6790.0     0.09407564735995018 
  6795.0     0.10351007931263279 
  6800.0     0.11294850177228317 
  6805.0     0.12315431410888976 
  6810.0      0.1332477984549303 
  6815.0     0.14556927879948284 
  6820.0       0.157903328157882 
  6825.0     0.17121606048881302 
  6830.0     0.18473247111413052 
  6835.0     0.19925062870055282 
  6840.0     0.21377448689949477 
  6845.0     0.22861972774875233 
  6850.0      0.2434632238031433 
  6855.0      0.2594555855075729 
  6860.0      0.2739909099927836 
  6865.0     0.27787891401732817 
  6870.0     0.25779061699271516 
  6875.0      0.2540505779496738 
  6880.0      0.2906109727570245 
  6885.0     0.32510946726002754 
  6890.0      0.3353504173025429 
  6895.0     0.35256557889386625 
  6900.0     0.37824120344992196 
  6905.0      0.4038430697285212 
  6910.0     0.43112429104539735 
  6915.0      0.4591605666226587 
  6920.0      0.4873034414789233 
  6925.0      0.5156738539835142 
  6930.0      0.5434169028322624 
  6935.0      0.5703681997848999 
  6940.0      0.5955866236067876 
  6945.0      0.6196595040799437 
  6950.0       0.645866233711406 
  6955.0      0.6727702506974111 
  6960.0      0.6982904672300837 
  6965.0      0.7266299930090805 
  6970.0      0.7560801373596451 
  6975.0      0.7837004366945912 
  6980.0      0.8096913393784503 
  6985.0      0.8289654475090704 
  6990.0      0.8463322290757216 
  6995.0      0.8637564073321053 
  7000.0      0.8830325204981668 
  7005.0      0.8984987057804941 
  7010.0       0.913978132654078 
  7015.0      0.9250565544727772 
  7020.0      0.9371320910237022 
  7025.0      0.9439673552055189 
  7030.0      0.9528062612751831 
  7035.0      0.9604414245546277 
  7040.0      0.9640697163812518 
  7045.0      0.9664320730155543 
  7050.0      0.9687958392949492 
  7055.0      0.9691252847388593 
  7060.0      0.9704697037319433 
  7065.0      0.9723275084656622 
  7070.0      0.9741872709029026 
  7075.0       0.975058681567388 
  7080.0      0.9759304646647224 
  7085.0      0.9771366382682293 
  7090.0      0.9783431397291555 
  7095.0       0.977877444029377 
  7100.0       0.977411237856202 
  7105.0      0.9783422208206761 
  7110.0      0.9792729927954625 
  7115.0      0.9806223362594363 
  7120.0      0.9819724106344472 
  7125.0      0.9811113852230967 
  7130.0       0.981271096451257 
  7135.0      0.9826874196945777 
  7140.0      0.9841156854110151 
  7145.0      0.9832412602551138 
  7150.0      0.9823192114890547 
  7155.0      0.9794494694009784 
  7160.0      0.9755168942023514 
  7165.0      0.9676723406595564 
  7170.0      0.9485568911506905 
  7175.0      0.9291802097659033 
  7180.0      0.9210581238803217 
  7185.0      0.9059658676921117 
  7190.0      0.8960063433866401 
  7195.0      0.8964824131711623 
  7200.0      0.8989970189865653 
  7205.0      0.9080626649520211 
  7210.0      0.9323729264256173 
  7215.0      0.9547684756727002 
  7220.0      0.9608422424929755 
  7225.0      0.9580074677901266 
  7230.0      0.9410086926594294 
  7235.0      0.9152265805433406 
  7240.0       0.910694843389468 
  7245.0      0.9121020820773444 
  7250.0      0.9155648875256802 
  7255.0      0.9190896973405998 
  7260.0       0.926679110019589 
  7265.0       0.926723637767274 
  7270.0      0.9257514712749314 
  7275.0      0.9160373504482168 
  7280.0      0.9143748106055063 
  7285.0      0.9303297746704885 
  7290.0      0.9281881776072979 
  7295.0      0.9314416330991062 
  7300.0      0.9387620425307741 
  7305.0      0.9355389801230706 
  7310.0      0.9353758618859274 
  7315.0      0.9390262341279908 
  7320.0      0.9466965263009429 
  7325.0       0.958214704987843 
  7330.0      0.9636996825343769 
  7335.0      0.9648461097228108 
  7340.0      0.9690302839720819 
  7345.0      0.9697577745983167 
  7350.0      0.9684223597717698 
  7355.0      0.9717424398493208 
  7360.0      0.9729935058113008 
  7365.0      0.9741936062098387 
  7370.0       0.977435865320232 
  7375.0      0.9817629582594719 
  7380.0      0.9850775178916398 
  7385.0      0.9871794088089179 
  7390.0      0.9903057738098537 
  7395.0      0.9908018095050729 
  7400.0      0.9923241279487376 
  7405.0      0.9926183495480353 
  7410.0      0.9929110980253483 
  7415.0      0.9945677246455955 
  7420.0      0.9972525684806299 
  7425.0      0.9962647109518966 
  7430.0      0.9952770453709223 
  7435.0      0.9949022374491854 
  7440.0       0.993501627013831 
  7445.0      0.9937750168403171 
  7450.0      0.9940483962946276 
  7455.0      0.9939553907494321 
  7460.0      0.9938623455471948 
  7465.0      0.9951959916006663 
  7470.0      0.9965291716338168 
  7475.0      0.9970331182793567 
  7480.0      0.9965104861065079 
  7485.0      0.9964507744546482 
  7490.0       0.996391020471634 
  7495.0       0.996489798530411 
  7500.0      0.9965885454706808 
  7505.0      0.9960328612977605 
  7510.0      0.9965013368521732 
  7515.0      0.9966533702234293 
  7520.0       0.996805347165484 
  7525.0      0.9974933927403591 
  7530.0      0.9981813142700167 
  7535.0      0.9987821115440564 
  7540.0      0.9983457052553133 
  7545.0      0.9986370837221472 
  7550.0      0.9989765037981798 
  7555.0      0.9988511653934632 
  7560.0      0.9987738615081783 
  7565.0      0.9988797277332341 
  7570.0                     1.0 
  7575.0      0.9997649536416945 
  7580.0      0.9995298303483487 
  7585.0      0.9955434088569071 
  7590.0      0.9495254809510706 
  7595.0      0.7647489860622065 
  7600.0     0.49498340443339084 
  7605.0      0.3512859377686046 
  7610.0      0.3663968710931604 
  7615.0       0.511752726341856 
  7620.0      0.6642952324250074 
  7625.0      0.6426530726984492 
  7630.0      0.5606579541052915 
  7635.0      0.5618250751058427 
  7640.0      0.6080320789081224 
  7645.0       0.663074837037708 
  7650.0      0.7283078411140856 
  7655.0      0.7870726587941999 
  7660.0      0.8336163205965005 
  7665.0      0.8727223798252106 
  7670.0      0.9137966333846869 
  7675.0      0.9420496286064324 
  7680.0      0.9580582321621289 
  7685.0      0.9673637383365106 
  7690.0      0.9735740299966984 
  7695.0       0.979002777337649 
  7700.0      0.9865100885159487 
  7705.0      0.9913929840886988 
  7710.0      0.9932642742374987 
  7715.0      0.9943000044203517 
  7720.0        0.99430263856334 
  7725.0      0.9941302807026914 
  7730.0      0.9939577428666397 
  7735.0      0.9941088822700607 
  7740.0      0.9932536214433884 
  7745.0      0.9943230169906495 
  7750.0       0.995342719324091 
  7755.0      0.9950337298728644 
  7760.0      0.9946771725660741 
  7765.0      0.9949875724995618 
  7770.0      0.9953090351373667 
  7775.0      0.9955063729732256 
  7780.0      0.9957036169696278 
  7785.0      0.9962402762741096 
  7790.0      0.9967769537494183 
  7795.0      0.9971710509893266 
  7800.0       0.996543787319569 
  7805.0       0.997399622605361 
  7810.0      0.9982551761710886 
  7815.0      0.9975517660439802 
  7820.0      0.9968482712223005 
  7825.0        0.99710117652331 
  7830.0      0.9973540047539793 
  7835.0      0.9967704214456982 
  7840.0      0.9961868632870305 
  7845.0      0.9964850113471574 
  7850.0      0.9967831168714493 
  7855.0      0.9975133049693444 
  7860.0      0.9982433899843727 
  7865.0      0.9963766952433116 
  7870.0       0.995531566519519 
  7875.0       0.995113527477078 
  7880.0      0.9957153690704567 
  7885.0      0.9956114897905287 
  7890.0      0.9944825353214716 
  7895.0      0.9919752868562476 
  7900.0      0.9915143302044379 
  7905.0      0.9920167849817608 
  7910.0      0.9925191644849357 
  7915.0      0.9932846170235116 
  7920.0      0.9920035863845318 
  7925.0      0.9906221118931064 
  7930.0      0.9912810118864536 
  7935.0      0.9939579933047882 
  7940.0      0.9966325991188393 
  7945.0      0.9957986969574629 
  7950.0      0.9939474153427136 
  7955.0      0.9915455784967737 
  7960.0      0.9860954647250697 
  7965.0       0.984754263527282 
  7970.0      0.9895183334725405 
  7975.0      0.9918051377840527 
  7980.0      0.9920544202821248 
  7985.0      0.9911285251432738 
  7990.0      0.9902026421333586 
  7995.0      0.9893760159396958 
  8000.0      0.9865232986346743 
  8005.0      0.9849078446346213 
  8010.0      0.9853180343612935 
  8015.0      0.9847687495026841 
  8020.0      0.9852319362653772 
  8025.0       0.984064676681296 
  8030.0      0.9828972715431706 
  8035.0      0.9813836336817087 
  8040.0      0.9788603090666753 
  8045.0      0.9753321775131497 
  8050.0      0.9737994921171672 
  8055.0      0.9723016349226847 
  8060.0      0.9688078833580555 
  8065.0      0.9623863256117043 
  8070.0      0.9559655852049946 
  8075.0      0.9485854675712329 
  8080.0      0.9412045373016055 
  8085.0      0.9314505762046555 
  8090.0      0.9217131679658489 
  8095.0      0.9119397037191684 
  8100.0      0.9031112708100381 
  8105.0      0.8915979132787325 
  8110.0       0.878277308997636 
  8115.0      0.8629526522052817 
  8120.0      0.8485813778250507 
  8125.0       0.833996630704143 
  8130.0      0.8134980887248834 
  8135.0      0.7852040270259474 
  8140.0       0.764745901700762 
  8145.0      0.7460299581929326 
  8150.0      0.7219516989303758 
  8155.0      0.6967054833023065 
  8160.0      0.6726022367590619 
  8165.0      0.6493061307286888 
  8170.0      0.6403012834531071 
  8175.0       0.619483205763923 
  8180.0      0.5868491699642376 
  8185.0      0.5768393233366039 
  8190.0      0.5643941164388507 
  8195.0      0.5422550424714209 
  8200.0      0.5194942098127928 
  8205.0       0.510940562743851 
  8210.0     0.49816196366564447 
  8215.0      0.4748973797857414 
  8220.0      0.4474714120392724 
  8225.0     0.40639390277464854 
  8230.0     0.36177433129027503 
  8235.0     0.35033956931444477 
  8240.0     0.34866307108993355 
  8245.0      0.3358445197094863 
  8250.0      0.3171921890345946 
  8255.0      0.2949970061763599 
  8260.0      0.2730150087886628 
  8265.0      0.2561402848024539 
  8270.0      0.2367864511313374 
  8275.0     0.21332281624758223 
  8280.0     0.19284459271388993 
  8285.0     0.17792367896494823 
  8290.0     0.16112846201007788 
  8295.0     0.14461265728099978 
  8300.0      0.1287704329773949 
  8305.0     0.11547180775084903 
  8310.0     0.10287166384563036 
  8315.0     0.08899501072152653 
  8320.0     0.07428275181963358 
  8325.0     0.06364290836874373 
  8330.0     0.05298538119801034 
  8335.0     0.04401432944558794 
  8340.0     0.03519356723275905 
  8345.0     0.02899088011346756 
  8350.0     0.02256730479963426 
  8355.0    0.018089344403239064 
  8360.0    0.013660087094639886 
  8365.0    0.010806764159085396 
  8370.0    0.007943403023826982 
  8375.0    0.006183513446474841 
  8380.0     0.00441735290439696 
  8385.0   0.0035673180280916916 
  8390.0    0.002711583103076482 
  8395.0   0.0020812064403318213 
  8400.0   0.0014527496495535112 
  8405.0    0.001110814738502726 
  8410.0   0.0007698625963126538 
  8415.0   0.0006031081714271915 
  8420.0   0.0004361388847792093 
  8425.0   0.0003348834427570532 
  8430.0  0.00023328585098641104 
  8435.0  0.00014686393983346407 
  8440.0    6.08079245745151e-05 
  8445.0   3.038724838487206e-05 
  8500.0  1.2655209304689451e-14 
  8505.0   5.057596268565982e-05 
  8510.0  0.00010109738568184989 
  8515.0  0.00010093766296300729 
  8520.0  0.00010098578281279585 
  8525.0  0.00010092502726133997 
  8530.0  0.00010096688974946633 
  8535.0  0.00010092143927766999 
  8540.0  0.00010077120618531981 
  8545.0  0.00010070608020973432 
  8550.0  0.00010075304770931869 
  8555.0  0.00010070428975043068 
  8560.0   0.0001006652166429897 
  8565.0  0.00010065037065751242 
  8570.0  0.00010063323722457448 
  8575.0    0.000100585105241472 
  8580.0  0.00010063912823834396 
  8585.0   0.0001006158218066869 
  8590.0  0.00010059473425754453 
  8595.0  0.00010056267584539277 
  8600.0   0.0001005209115476601 
  8605.0  0.00010045673485163838 
  8610.0   0.0001003828894332595 
  8615.0  0.00010031332003721174 
  8620.0  0.00010024599769354753 
  8625.0  0.00010028394066551574 
  8630.0  0.00010022010447001063 
  8635.0  0.00010012837753446176 
  8640.0  0.00010003443676789479 
  8645.0   9.997174498213717e-05 
  8650.0   9.991865944223034e-05 
  8655.0   9.985805628868872e-05 
  8660.0   9.980704711099409e-05 
  8665.0    9.97497798095092e-05 
  8670.0   9.969024766443115e-05 
  8675.0   9.965387889838899e-05 
  8680.0   9.961745936229657e-05 
  8685.0   9.955524777524199e-05 
  8690.0   9.949746083593168e-05 
  8695.0   9.944060755465854e-05 
  8700.0    9.94653584466951e-05 
  8705.0   9.936592547178873e-05 
  8710.0   9.924739424997444e-05 
  8715.0   9.910877854371988e-05 
  8720.0   9.897474608409327e-05 
  8725.0   9.883369819177143e-05 
  8730.0    9.86925738755279e-05 
  8735.0   9.856390297747163e-05 
  8740.0    9.84319873940623e-05 
  8745.0   9.828827598389378e-05 
  8750.0   9.815904654987121e-05 
  8755.0   9.806111558308795e-05 
  8760.0   9.797732609450051e-05 
  8765.0   9.790182089926574e-05 
  8770.0    9.78229773543711e-05 
  8775.0   9.772174638340202e-05 
  8780.0   9.762050553388158e-05 
  8785.0    9.75306188272412e-05 
  8790.0    9.74384799501993e-05 
  8795.0   9.734403317811485e-05 
  8800.0   9.725910240316613e-05 
  8805.0   9.718668666534272e-05 
  8810.0   9.712355721795274e-05 
  8815.0    9.70610065781222e-05 
  8820.0   9.689770679542724e-05 
  8825.0   9.693115518337265e-05 
  8830.0   9.686646800394962e-05 
  8835.0   9.679576388920146e-05 
  8840.0   9.672369306837087e-05 
  8845.0   9.664892363497165e-05 
  8850.0   9.657852871797229e-05 
  8855.0   9.642285126270176e-05 
  8860.0   9.627196980933082e-05 
  8865.0   9.619829946788624e-05 
  8870.0   9.622115588878452e-05 
  8875.0    9.61529848440042e-05 
  8880.0   9.598721722197257e-05 
  8885.0   9.591724434344332e-05 
  8890.0   9.604909224094261e-05 
  8895.0   9.585018933717793e-05 
  8900.0   9.571631079631039e-05 
  8905.0    9.54810637828643e-05 
  8910.0     9.5407586037051e-05 
  8915.0   9.513020369859573e-05 
  8920.0   9.486055385102964e-05 
  8925.0   9.443429981503267e-05 
  8930.0   9.362562053944699e-05 
  8935.0   9.315035847194734e-05 
  8940.0   9.304932688235552e-05 
  8945.0    9.22541336317272e-05 
  8950.0   9.093089535313806e-05 
  8955.0   8.932079436936853e-05 
  8960.0   8.822637751606448e-05 
  8965.0   8.665525088533086e-05 
  8970.0   8.602572333882274e-05 
  8975.0    8.69918852944268e-05 
  8980.0   8.757726855979944e-05 
  8985.0   8.391517793656797e-05 
  8990.0   7.903635362622573e-05 
  8995.0   8.113435909984551e-05 
  9000.0   8.413939108902239e-05 
  9005.0   8.293597345078232e-05 
  9010.0   8.311385042462069e-05 
  9015.0   8.395592413885345e-05 
  9020.0   8.358573527557341e-05 
  9025.0   8.281527821238553e-05 
  9030.0   8.381530713982435e-05 
  9035.0   8.686463719171285e-05 
  9040.0   8.878547316462987e-05 
  9045.0   8.819878414229539e-05 
  9050.0   8.753052819544574e-05 
  9055.0   8.733081521963997e-05 
  9060.0   8.668087848436546e-05 
  9065.0   8.428917515722764e-05 
  9070.0   8.172296322817131e-05 
  9075.0   8.071544244125958e-05 
  9080.0   8.025706377681098e-05 
  9085.0   8.041936220600285e-05 
  9090.0   8.039816347559727e-05 
  9095.0   8.073996740961616e-05 
  9100.0   8.090303731944444e-05 
  9105.0   8.008358769370789e-05 
  9110.0   8.106235044489187e-05 
  9115.0   8.141119164931611e-05 
  9120.0   8.024090825871389e-05 
  9125.0   8.121525322586645e-05 
  9130.0   7.881168284796379e-05 
  9135.0   7.614077846300888e-05 
  9140.0   7.807542703027223e-05 
  9145.0   8.095291550591575e-05 
  9150.0   7.985675483039905e-05 
  9155.0   7.534515379479753e-05 
  9160.0    7.63579665452809e-05 
  9165.0   8.050159207134621e-05 
  9170.0   8.053833463212493e-05 
  9175.0   7.744423402852152e-05 
  9180.0   7.609426240133102e-05 
  9185.0   7.821429083323085e-05 
  9190.0   8.040866131594591e-05 
  9195.0    8.08607864907146e-05 
  9200.0   8.062159765895706e-05 
  9205.0    8.15882986614839e-05 
  9210.0   8.127043510879201e-05 
  9215.0   7.996044405105295e-05 
  9220.0   7.958651942515615e-05 
  9225.0   8.023899809669836e-05 
  9230.0   7.988081408784736e-05 
  9235.0   7.928108791557799e-05 
  9240.0   7.852076171925016e-05 
  9245.0   7.784882348811078e-05 
  9250.0   7.749478404446156e-05 
  9255.0   7.768841803542663e-05 
  9260.0   7.769993661056894e-05 
  9265.0   7.752916920230307e-05 
  9270.0   7.760490584398363e-05 
  9275.0   7.525029826537635e-05 
  9280.0   7.210786634101637e-05 
  9285.0   7.130229125802143e-05 
  9290.0   7.010637936778108e-05 
  9295.0   6.821964719293575e-05 
  9300.0   6.490594209524362e-05 
  9305.0   6.192081139849412e-05 
  9310.0  5.9025960106935454e-05 
  9315.0   5.582078987305204e-05 
  9320.0   5.009199722625584e-05 
  9325.0   4.781491847563784e-05 
  9330.0  4.8014924308263586e-05 
  9335.0   4.629948471715721e-05 
  9340.0   4.065530775651062e-05 
  9345.0   3.846465821611647e-05 
  9350.0   4.440266510484035e-05 
  9355.0  4.6057192271766274e-05 
  9360.0   4.398622460242161e-05 
  9365.0  4.4578562521342765e-05 
  9370.0   4.317557764969393e-05 
  9375.0   4.521608269331989e-05 
  9380.0  4.5850314945880244e-05 
  9385.0   4.662232657353534e-05 
  9390.0   5.263523135129511e-05 
  9395.0   5.886114211208387e-05 
  9400.0   5.763751367855332e-05 
  9405.0   5.393322859752268e-05 
  9410.0   5.353367344327929e-05 
  9415.0  5.5318634844330935e-05 
  9420.0   5.469583460044486e-05 
  9425.0   4.930003320434169e-05 
  9430.0   4.526940141896969e-05 
  9435.0  4.8070463475929726e-05 
  9440.0   4.538692721649373e-05 
  9445.0   4.300912299989645e-05 
  9450.0   4.847429757795067e-05 
  9455.0  4.9272451873177316e-05 
  9460.0  4.5920125783906444e-05 
  9465.0   4.699476675471736e-05 
  9470.0  5.0021242107283455e-05 
  9475.0   4.944492804173221e-05 
  9480.0   4.503914303779041e-05 
  9485.0   4.668439255179097e-05 
  9490.0  5.2654505089805675e-05 
  9495.0   4.922205778961381e-05 
  9500.0  4.4416274978750866e-05 
  9505.0  4.7637100823959355e-05 
  9510.0   5.346608763102501e-05 
  9515.0   5.239733362745388e-05 
  9520.0   4.578401129750208e-05 
  9525.0  4.3976880775857935e-05 
  9530.0   4.730116931380588e-05 
  9535.0  4.9316243179551074e-05 
  9540.0   4.970774976832579e-05 
  9545.0  4.8747145332647425e-05 
  9550.0   4.893573528533512e-05 
  9555.0   4.784238648667245e-05 
  9560.0     4.6688273227848e-05 
  9565.0    4.67828678618909e-05 
  9570.0  4.7188686715060375e-05 
  9575.0  5.0837897867057926e-05 
  9580.0   5.097379824209286e-05 
  9585.0  4.8967058704868956e-05 
  9590.0  4.7160224545509386e-05 
  9595.0  4.5781807308645425e-05 
  9600.0  4.7522725561125026e-05 
  9605.0   4.916050448063266e-05 
  9610.0   5.017258270414376e-05 
  9615.0   5.120363217524272e-05 
  9620.0  4.9710597687329794e-05 
  9625.0   4.713541020719098e-05 
  9630.0  4.8846736917772815e-05 
  9635.0  5.0555652565761694e-05 
  9640.0  4.9665924818686374e-05 
  9645.0   4.944863238581781e-05 
  9650.0    5.00979047148396e-05 
  9655.0  5.1262529276628186e-05 
  9660.0  4.9942830464717147e-05 
  9665.0   4.769484822152528e-05 
  9670.0   4.847564266943294e-05 
  9675.0    5.20541939246779e-05 
  9680.0    5.30639757097279e-05 
  9685.0   5.168117468300355e-05 
  9690.0   5.208675759130474e-05 
  9695.0   5.250948906370894e-05 
  9700.0   5.166009005685591e-05 
  9705.0   5.115397522931738e-05 
  9710.0   5.151504947720716e-05 
  9715.0   5.065178971793043e-05 
  9720.0   5.011723231838373e-05 
  9725.0  4.9682797820255915e-05 
  9730.0  4.8721540163334326e-05 
  9735.0  4.7999045204461463e-05 
  9740.0    4.75424761260104e-05 
  9745.0   4.678757606168449e-05 
  9750.0  4.6038076431426315e-05 
  9755.0   4.593766200827052e-05 
  9760.0   4.542764282535524e-05 
  9765.0  4.5631295227055175e-05 
  9770.0    4.67316561289139e-05 
  9775.0   4.708705846977239e-05 
  9780.0   4.629376444145487e-05 
  9785.0  4.5745889650953414e-05 
  9790.0  4.5396778267253307e-05 
  9795.0   4.487971339285031e-05 
  9800.0   4.489607899998466e-05 
  9805.0   4.493034395335247e-05 
  9810.0    4.58162943946989e-05 
  9815.0   4.589857836964522e-05 
  9820.0   4.536494372034991e-05 
  9825.0  4.4703873234810906e-05 
  9830.0  4.4325313901091304e-05 
  9835.0  4.4646680709431184e-05 
  9840.0    4.47317377606684e-05 
  9845.0   4.419914228847121e-05 
  9850.0   4.362005809576913e-05 
  9855.0   4.356030668679216e-05 
  9860.0   4.362510473620228e-05 
  9865.0   4.336829199044813e-05 
  9870.0   4.293704940878475e-05 
  9875.0    4.25182392524962e-05 
  9880.0   4.227244580905506e-05 
  9885.0  4.2121064225160704e-05 
  9890.0   4.179738262141169e-05 
  9895.0   4.140323441112722e-05 
  9900.0   4.097061541950664e-05 
  9905.0   4.067801083390326e-05 
  9910.0  4.0427657266973734e-05 
  9915.0  4.0120455683334526e-05 
  9920.0  3.9852730370091084e-05 
  9925.0   3.948582785533531e-05 
  9930.0  3.9119658770227993e-05 
  9935.0  3.8820259538030584e-05 
  9940.0   3.855884360304959e-05 
  9945.0   3.824836780708775e-05 
  9950.0   3.793950582911389e-05 
  9955.0  3.7624598590031936e-05 
  9960.0  3.7311437258748214e-05 
  9965.0   3.698529723741849e-05 
  9970.0   3.665881928597271e-05 
  9975.0  3.6356439946275715e-05 
  9980.0   3.605370633559725e-05 
  9985.0   3.574472650416894e-05 
  9990.0    3.54360719720205e-05 
  9995.0   3.510258060924713e-05 
 10000.0  3.4767626302121636e-05 
 10005.0   3.450644589804227e-05 
 10010.0   3.417378265265315e-05 
 10015.0   3.379940091798235e-05 
 10020.0    3.34265217807361e-05 
 10025.0   3.313741363796748e-05 
 10030.0   3.291430343043376e-05 
 10035.0  3.2605955499776974e-05 
 10040.0  3.2297905454588266e-05 
 10045.0    3.20010044834278e-05 
 10050.0   3.170241104703358e-05 
 10055.0  3.1375714136119106e-05 
 10060.0   3.104786212431142e-05 
 10065.0  3.0750552014847605e-05 
 10070.0    3.04843215214463e-05 
 10075.0  3.0155533178353863e-05 
 10080.0  2.9857429335729602e-05 
 10085.0  2.9505904230387655e-05 
 10090.0  2.9154756535959017e-05 
 10095.0  2.8833315099742238e-05 
 10100.0  2.8573018997805793e-05 
 10105.0  2.8342637291279584e-05 
 10110.0  2.8085412460323257e-05 
 10115.0   2.779347212083279e-05 
 10120.0  2.7473190153468454e-05 
 10125.0  2.7191531379873023e-05 
 10130.0  2.6936879134916792e-05 
 10135.0   2.665329188755925e-05 
 10140.0    2.63699359416599e-05 
 10145.0  2.6082756068399767e-05 
 10150.0  2.5794353796275636e-05 
 10155.0   2.552525422633851e-05 
 10160.0   2.525475814094208e-05 
 10165.0  2.4974013734777345e-05 
 10170.0  2.4693607718191585e-05 
 10175.0  2.4408833421236762e-05 
 10180.0   2.412421304678135e-05 
 10185.0  2.3857750038232987e-05 
 10190.0  2.3567375587988987e-05 
 10195.0  2.3299960371039457e-05 
 10200.0  2.3055812811942097e-05 
 10205.0  2.2783433812005858e-05 
 10210.0  2.2511191168182967e-05 
 10215.0  2.2250289681749686e-05 
 10220.0  2.1989256238585575e-05 
 10225.0  2.1725960133175415e-05 
 10230.0  2.1441087116953957e-05 
 10235.0    2.11837282935884e-05 
 10240.0  2.0905547637628114e-05 
 10245.0   2.067642284507996e-05 
 10250.0   2.044570144972407e-05 
 10255.0   2.009157327174184e-05 
 10260.0  1.9736737914889836e-05 
 10265.0   1.938624668996266e-05 
 10270.0  1.9036186069342702e-05 
 10275.0  1.8704641492679014e-05 
 10280.0   1.837300373808699e-05 
 10285.0  1.8032767837804494e-05 
 10290.0   1.769252880536068e-05 
 10295.0  1.7375671579180154e-05 
 10300.0  1.7077691233057666e-05 
 10305.0   1.676074550717289e-05 
 10310.0   1.644540880608675e-05 
 10315.0   1.614279277262752e-05 
 10320.0   1.583987876596228e-05 
 10325.0  1.5547162670993577e-05 
 10330.0  1.5254165699735144e-05 
 10335.0  1.4962501891289657e-05 
 10340.0   1.467113698816291e-05 
 10345.0  1.4390200955156469e-05 
 10350.0  1.4108464652932829e-05 
 10355.0  1.3839853755295885e-05 
 10360.0  1.3570460881820125e-05 
 10365.0  1.3297439930162596e-05 
 10370.0  1.3024830788000607e-05 
 10375.0  1.2766057265959301e-05 
 10380.0  1.2507212949637923e-05 
 10385.0  1.2258038505257737e-05 
 10390.0  1.2008861251501256e-05 
 10395.0  1.1754840004683427e-05 
 10400.0   1.150102276608259e-05 
 10405.0  1.1263626844380338e-05 
 10410.0  1.1026216696724398e-05 
 10415.0  1.0785895771505124e-05 
 10420.0  1.0545689168536873e-05 
 10425.0  1.0316774792990382e-05 
 10430.0  1.0087975139879899e-05 
 10435.0    9.86123269678564e-06 
 10440.0   9.634623514000335e-06 
 10445.0   9.415661490011566e-06 
 10450.0    9.18718623854351e-06 
 10455.0    8.97219899536656e-06 
 10460.0   8.756795732726475e-06 
 10465.0   8.552020193835333e-06 
 10470.0   8.347434441142494e-06 
 10475.0   8.146391464311709e-06 
 10480.0   7.945525980185121e-06 
 10485.0   7.748938129858355e-06 
 10490.0   7.544602950227727e-06 
 10495.0   7.357400578177252e-06 
 10500.0   7.170629666067886e-06 
 10505.0   6.989534179483033e-06 
 10510.0   6.808815236064116e-06 
 10515.0   6.628658302115691e-06 
 10520.0   6.448433685081312e-06 
 10525.0   6.273733093299089e-06 
 10530.0   6.105515527696617e-06 
 10535.0   5.941415481413722e-06 
 10540.0  5.7773735469806485e-06 
 10545.0   5.614635044160637e-06 
 10550.0  5.4577147996974955e-06 
 10555.0   5.305961649123475e-06 
 10560.0   5.149005072164987e-06 
 10565.0  5.0021155344932575e-06 
 10570.0   4.850373444981121e-06 
 10575.0   4.710634714084168e-06 
 10580.0   4.566247925236227e-06 
 10585.0   4.431089000956188e-06 
 10590.0   4.295982048715787e-06 
 10595.0   4.168037765839306e-06 
 10600.0   4.044488783006349e-06 
 10605.0  3.9216824587481975e-06 
 10610.0   3.795013510528334e-06 
 10615.0  3.6761662300502788e-06 
 10620.0  3.5574245395610854e-06 
 10625.0  3.4489915827874112e-06 
 10630.0   3.344111514592369e-06 
 10635.0  3.2374294741898617e-06 
 10640.0   3.127613960436402e-06 
 10645.0   3.031307702546544e-06 
 10650.0  2.9351081558726927e-06 
 10655.0   2.841588871870188e-06 
 10660.0   2.748004342480635e-06 
 10665.0  2.6641733921174143e-06 
 10670.0  2.5803668116872994e-06 
 10675.0   2.496643123592534e-06 
 10680.0   2.412939908358395e-06 
 10685.0  2.3427021593927763e-06 
 10690.0   2.272337789629187e-06 
 10695.0   2.205333489309226e-06 
 10700.0  2.1405126184843003e-06 
 10705.0   2.075483084821691e-06 
 10710.0  2.0103329640671996e-06 
 10715.0  1.9540645152688044e-06 
 10720.0  1.8978204485628673e-06 
 10725.0  1.8476817764869248e-06 
 10730.0   1.799358946190147e-06 
 10735.0   1.750244104546879e-06 
 10740.0  1.6993422631729517e-06 
 10745.0    1.64976574423602e-06 
 10750.0  1.6069632761879198e-06 
 10755.0    1.56666124886433e-06 
 10760.0   1.523035363705194e-06 
 10765.0  1.4779158582445772e-06 
 10770.0  1.4284785545781346e-06 
 10775.0  1.3852183772455796e-06 
 10780.0  1.3490281897871551e-06 
 10785.0  1.3085060726704647e-06 
 10790.0  1.2651669124795655e-06 
 10795.0  1.2254699745712933e-06 
 10800.0  1.1809621836295205e-06 
 10805.0   1.138091977012088e-06 
 10810.0   1.099904379383506e-06 
 10815.0   1.066363392629909e-06 
 10820.0  1.0359950972687818e-06 
 10825.0  1.0042239923801902e-06 
 10830.0    9.66457053896171e-07 
 10835.0   9.236467134671503e-07 
 10840.0   8.874627848589944e-07 
 10845.0   8.619922467857338e-07 
 10850.0   8.330398404837029e-07 
 10855.0   7.955418919102758e-07 
 10860.0   7.537718151694657e-07 
 10865.0   7.249639064372619e-07 
 10870.0   7.049010012432615e-07 
 10875.0   6.833595727230512e-07 
 10880.0    6.57346918472896e-07 
 10885.0   6.275288797448551e-07 
 10890.0   5.960640386389482e-07 
 10895.0   5.667300212155001e-07 
 10900.0   5.381155645718801e-07 
 10905.0   5.143316113869019e-07 
 10910.0   4.962629759965062e-07 
 10915.0  4.7674480396485054e-07 
 10920.0   4.491602190345859e-07 
 10925.0  4.2225365086092695e-07 
 10930.0   4.025095744229596e-07 
 10935.0   3.846222479740183e-07 
 10940.0  3.6258784280391063e-07 
 10945.0  3.4295810997548805e-07 
 10950.0   3.266584823578741e-07 
 10955.0  3.0987776537993976e-07 
 10960.0  2.9193312867270786e-07 
 10965.0    2.77998986380285e-07 
 10970.0   2.635268486508185e-07 
 10975.0   2.447559771569529e-07 
 10980.0  2.2699876278079123e-07 
 10985.0   2.433465984419884e-07 
