# rubin.lsst.u
# photon
# Rubin LSST u 1.9 https://github.com/lsst/throughputs/blob/e70d1daf069e606caa3feb43eccc62ec21e0baf5/baseline/total_u.dat
  3200.0   7.045800764911345e-18 
  3205.0   1.841125152373178e-06 
  3210.0   7.511252908609618e-06 
  3215.0  2.2405737064268394e-05 
  3220.0   4.981031907492841e-05 
  3225.0   9.983645956692562e-05 
  3230.0   0.0001855136326746893 
  3235.0   0.0003639059106032888 
  3240.0   0.0006275415006312574 
  3245.0    0.001075040990133399 
  3250.0    0.001698335659797488 
  3255.0    0.002685319039663405 
  3260.0    0.004115653096336158 
  3265.0    0.005732700651442884 
  3270.0    0.007597479897151163 
  3275.0    0.010418388226211188 
  3280.0    0.013934020745135882 
  3285.0     0.01807934595246593 
  3290.0    0.023328928301035803 
  3295.0    0.029566861921629838 
  3300.0    0.036346071800909714 
  3305.0     0.04384811898322535 
  3310.0      0.0526539454002105 
  3315.0    0.060380520856136585 
  3320.0     0.06963714916873141 
  3325.0     0.08112517929099028 
  3330.0     0.09302143747578702 
  3335.0     0.10293179928832151 
  3340.0     0.11419821425042732 
  3345.0      0.1263084021655973 
  3350.0      0.1396830115772512 
  3355.0     0.15216073689476547 
  3360.0     0.16456188230394153 
  3365.0      0.1774570939162045 
  3370.0     0.19105436217623586 
  3375.0     0.20366761753881987 
  3380.0     0.21900590599163478 
  3385.0     0.23394442498917045 
  3390.0     0.24828065965272159 
  3395.0     0.26375607425464476 
  3400.0      0.2788982692103718 
  3405.0     0.28984595381944117 
  3410.0      0.3022394439844761 
  3415.0      0.3167677106554975 
  3420.0     0.33184419707010876 
  3425.0     0.34560609774085316 
  3430.0     0.35850520195875785 
  3435.0      0.3683405385268596 
  3440.0      0.3783942151677192 
  3445.0      0.3875590675817526 
  3450.0     0.39829509022483334 
  3455.0      0.4113046950643501 
  3460.0      0.4238598618434731 
  3465.0     0.43418013976730135 
  3470.0     0.44470704161826263 
  3475.0     0.45939838195391114 
  3480.0      0.4744695045969215 
  3485.0      0.4839848178403512 
  3490.0     0.49452493163137773 
  3495.0      0.5056209033260178 
  3500.0      0.5168335837493325 
  3505.0      0.5264263801197608 
  3510.0      0.5370004924217704 
  3515.0      0.5442074099342292 
  3520.0      0.5524453191002753 
  3525.0      0.5597438783230025 
  3530.0      0.5661455682191874 
  3535.0      0.5757894102566725 
  3540.0      0.5845620718028481 
  3545.0      0.5922823818840625 
  3550.0      0.6001070313043556 
  3555.0      0.6073789379951001 
  3560.0      0.6147401653842651 
  3565.0       0.622906997136943 
  3570.0      0.6321875010734846 
  3575.0      0.6379347328806116 
  3580.0      0.6437057133607739 
  3585.0      0.6495466510142025 
  3590.0      0.6543372102526359 
  3595.0      0.6622993421195293 
  3600.0      0.6703611313706513 
  3605.0      0.6759171413588508 
  3610.0       0.682640735729408 
  3615.0      0.6915464176303413 
  3620.0      0.7005334785486894 
  3625.0      0.7087692617479237 
  3630.0      0.7182277898171728 
  3635.0      0.7279048772467956 
  3640.0      0.7365112918245265 
  3645.0      0.7446670602447708 
  3650.0      0.7528925260753092 
  3655.0      0.7626952350975041 
  3660.0      0.7738160104557675 
  3665.0      0.7816768037328309 
  3670.0      0.7883607967869263 
  3675.0      0.7984732253653393 
  3680.0      0.8086851262692689 
  3685.0       0.815424754930534 
  3690.0      0.8234971507426838 
  3695.0       0.829019593572729 
  3700.0      0.8357785251797236 
  3705.0      0.8429331175438233 
  3710.0      0.8487473071954089 
  3715.0       0.860526284520688 
  3720.0      0.8711200811535372 
  3725.0      0.8823991392575011 
  3730.0      0.8924393683673068 
  3735.0      0.9023821585579082 
  3740.0       0.911012188878259 
  3745.0      0.9198154981490261 
  3750.0      0.9273741674831241 
  3755.0      0.9373538088191931 
  3760.0      0.9460901423631153 
  3765.0      0.9565861785134899 
  3770.0      0.9657076140721063 
  3775.0      0.9744915421283123 
  3780.0      0.9818698000431783 
  3785.0      0.9876991011838321 
  3790.0      0.9920567803975866 
  3795.0      0.9939545859147743 
  3800.0      0.9972822914211341 
  3805.0      0.9979525931114299 
  3810.0                     1.0 
  3815.0      0.9974332176154938 
  3820.0      0.9962014150332641 
  3825.0      0.9920763928429122 
  3830.0      0.9892418625396163 
  3835.0      0.9845120327532907 
  3840.0      0.9796037745845334 
  3845.0      0.9709778974250947 
  3850.0      0.9634486680938714 
  3855.0       0.952449249547857 
  3860.0      0.9425074684198484 
  3865.0      0.9250993143798542 
  3870.0      0.9073779614013069 
  3875.0      0.8941686432764177 
  3880.0      0.8792582813992393 
  3885.0      0.8589741422996341 
  3890.0       0.839490812462961 
  3895.0      0.8187467478284348 
  3900.0      0.7976643580481815 
  3905.0      0.7752781321534935 
  3910.0      0.7513192290111719 
  3915.0      0.7238212870169287 
  3920.0      0.6958936187293318 
  3925.0      0.6713152016233241 
  3930.0      0.6453132606064602 
  3935.0      0.6210348497776111 
  3940.0      0.5971217241587352 
  3945.0      0.5687832037721544 
  3950.0      0.5400350317889431 
  3955.0      0.5102368042393827 
  3960.0     0.48005890576030674 
  3965.0     0.44429976618195083 
  3970.0     0.40718670581384425 
  3975.0     0.36621098348255726 
  3980.0         0.3245485564988 
  3985.0      0.2790847530157804 
  3990.0     0.23329529444003855 
  3995.0     0.19164208668694505 
  4000.0     0.14940399848058233 
  4005.0     0.11750030744934017 
  4010.0     0.08519922924531179 
  4015.0     0.06328929902560969 
  4020.0    0.040978823585642185 
  4025.0    0.027425129206455377 
  4030.0    0.013701946830940216 
  4035.0     0.00829900706818782 
  4040.0   0.0028274776409414545 
  4045.0     0.00233380017016309 
  4050.0   0.0018366445581176657 
  4055.0   0.0007913647893397365 
  4075.0   0.0019371947412293914 
  4080.0    0.004002011522664746 
  4085.0    0.003463227717406882 
  4090.0   0.0029178848790773963 
  4095.0   0.0012234137454034569 
  4240.0   0.0005895807143939708 
  4260.0  0.00021342336403918158 
  4265.0  0.00021410658256924465 
  4270.0  0.00021479144919709235 
  4275.0  0.00021560576435337997 
  4280.0  0.00021614785863434692 
  4285.0   0.0002171595394422679 
  4290.0  0.00021789851075236508 
  4295.0  0.00021856021908267553 
  4300.0  0.00021894662184273342 
  4305.0   0.0002196918010309486 
  4310.0   0.0002204389462554941 
  4315.0  0.00022100382265636582 
  4320.0  0.00022156968645430892 
  4325.0   0.0002223061958337328 
  4330.0  0.00022276471979079974 
  4335.0  0.00022338289873263285 
  4340.0  0.00022400487429394064 
  4345.0  0.00022446302715740945 
  4350.0  0.00022519248622286507 
  4355.0  0.00022584726217634492 
  4360.0   0.0002264930417059442 
  4365.0   0.0002270131471275231 
  4370.0  0.00022753653024589206 
  4375.0   0.0002281632960047418 
  4380.0  0.00022879086495185285 
  4385.0   0.0002291129313230528 
  4390.0  0.00022971782282309267 
  4395.0   0.0002299895849385636 
  4400.0   0.0002305582039269262 
  4405.0  0.00023114433440766667 
  4410.0    0.000231742993849425 
  4415.0  0.00023227057227550335 
  4420.0  0.00023279624087336274 
  4425.0  0.00023344318648034045 
  4430.0  0.00023380349008945427 
  4435.0  0.00023426948348104223 
  4440.0  0.00023473598315753888 
  4445.0  0.00023510316984772864 
  4450.0  0.00023547076899782903 
  4455.0  0.00023608111901493015 
  4460.0  0.00023669257197096003 
  4465.0  0.00023750716265215924 
  4470.0  0.00023774176881315054 
  4475.0  0.00023829171149985362 
  4480.0   0.0002385512106338264 
  4485.0  0.00023906669824815558 
  4490.0  0.00023958545538084583 
  4495.0  0.00024010181350909464 
  4500.0  0.00024060782848005623 
  4505.0  0.00024094902954056226 
  4510.0  0.00024157172251590864 
  4515.0   0.0002419994383594779 
  4520.0  0.00024213626149801367 
  4525.0   0.0002426976928276341 
  4530.0   0.0002432604752009688 
  4535.0   0.0002434371287113418 
  4540.0  0.00024390559847169727 
  4545.0   0.0002443118067481935 
  4550.0  0.00024473000702595525 
  4555.0   0.0002449539783996774 
  4560.0  0.00024548522803214724 
  4565.0   0.0002457024532435124 
  4570.0    0.000246212976219465 
  4575.0  0.00024670834961828744 
  4580.0   0.0002469078823512891 
  4585.0  0.00024713362728833084 
  4590.0   0.0002476592958817001 
  4595.0  0.00024811142948236495 
  4600.0  0.00024825421718267267 
  4605.0   0.0002487484197428463 
  4610.0  0.00024893397663891634 
  4615.0   0.0002492542900393066 
  4620.0  0.00024927957287497243 
  4625.0   0.0002496669862194716 
  4630.0  0.00025005413974690235 
  4635.0  0.00025030275352469863 
  4640.0  0.00025084742153078955 
  4645.0  0.00025099743503623537 
  4650.0   0.0002514584148114464 
  4655.0  0.00025183236752486683 
  4660.0   0.0002522190218317363 
  4665.0    0.000252712488388893 
  4670.0     0.00025290393212019 
  4675.0  0.00025335619165990566 
  4680.0   0.0002535088273861352 
  4685.0   0.0002539735114720513 
  4690.0  0.00025413822440266317 
  4695.0   0.0002545428166697631 
  4700.0   0.0002546470038059173 
  4705.0  0.00025509282598771047 
  4710.0   0.0002555390003490649 
  4715.0   0.0002556698019035051 
  4720.0   0.0002561019105076947 
  4725.0   0.0002562543498454475 
  4730.0  0.00025670846780559837 
  4735.0   0.0002567901091908147 
  4740.0  0.00025717356977051346 
  4745.0  0.00025731855447717574 
  4750.0  0.00025746356350037064 
  4755.0   0.0002579231931492447 
  4760.0  0.00025808065150605765 
  4765.0  0.00025844622801372824 
  4770.0   0.0002585092134202873 
  4775.0  0.00025865297081434575 
  4780.0  0.00025909978862909713 
  4785.0    0.000259195918281514 
  4790.0  0.00025929203143383063 
  4795.0   0.0002593690454358753 
  4800.0  0.00025944602945307326 
  4805.0  0.00025985019370435524 
  4810.0  0.00025995089376143054 
  4815.0   0.0002603127239068699 
  4820.0   0.0002603708376124599 
  4825.0  0.00026079504772590604 
  4830.0   0.0002609154323961872 
  4835.0    0.000261338994313203 
  4840.0   0.0002617656644468675 
  4845.0   0.0002618169461595727 
  4850.0   0.0002621604958665067 
  4855.0  0.00026219263297712835 
  4860.0   0.0002625172405742596 
  4865.0  0.00026282266831298775 
  4870.0   0.0002628254069639088 
  4875.0  0.00026327009160013077 
  4880.0   0.0002634103976788525 
  4885.0  0.00026342927552744426 
  4890.0  0.00026344525019854614 
  4895.0   0.0002637705275461062 
  4900.0   0.0002638029395149494 
  4905.0   0.0002641687279529004 
  4910.0   0.0002642427408397919 
  4915.0   0.0002645911409590343 
  4920.0  0.00026463132854634625 
  4925.0  0.00026500238132711026 
  4930.0   0.0002650681785140548 
  4935.0   0.0002651522754301247 
  4940.0   0.0002655419179338969 
  4945.0  0.00026559502790052004 
  4950.0   0.0002656481015447037 
  4955.0   0.0002659982271451671 
  4960.0  0.00026604261381787513 
  4965.0  0.00026608540412034797 
  4970.0  0.00026612815710042856 
  4975.0   0.0002665204748912745 
  4980.0   0.0002666068776812404 
  4985.0   0.0002666984249947954 
  4990.0  0.00026678995089597055 
  4995.0   0.0002671560892769843 
  5000.0   0.0002672158911956015 
  5005.0   0.0002669373977921699 
  5010.0  0.00026696530683305005 
  5015.0   0.0002670142580632636 
  5020.0  0.00026706317685119997 
  5025.0   0.0002671034069206822 
  5030.0   0.0002668368921608671 
  5035.0   0.0002669446090403154 
  5040.0   0.0002667483330850075 
  5045.0  0.00026702351874793265 
  5050.0   0.0002672857705372176 
  5055.0  0.00026732072951016363 
  5060.0   0.0002673428155227994 
  5065.0   0.0002677028786296081 
  5070.0   0.0002680661053776406 
  5075.0  0.00026805108347638547 
  5080.0  0.00026834248192253744 
  5085.0   0.0002683593642676855 
  5090.0   0.0002686807469018772 
  5095.0    0.000268970839912292 
  5100.0   0.0002689672315961552 
  5105.0   0.0002693160940979739 
  5110.0    0.000269370243926915 
  5115.0   0.0002697658209864481 
  5120.0  0.00026985130754388607 
  5125.0  0.00026987355619725986 
  5130.0  0.00027020317257717857 
  5135.0  0.00027026448532639885 
  5140.0   0.0002703257698639944 
  5145.0   0.0002707015706834342 
  5150.0  0.00027076981265854264 
  5155.0  0.00027084510448739435 
  5160.0   0.0002709203833540457 
  5165.0  0.00027124532044127604 
  5170.0   0.0002712623638051343 
  5175.0   0.0002713109927400802 
  5180.0  0.00027135959637783767 
  5185.0  0.00027144510923294445 
  5190.0   0.0002715306070282416 
  5195.0   0.0002719071488790873 
  5200.0   0.0002719754689185921 
  5205.0  0.00027205599376285244 
  5210.0   0.0002721365084700027 
  5215.0  0.00027215754378407395 
  5220.0  0.00027217855051355297 
  5225.0  0.00027225476602619293 
  5230.0  0.00027233096835879467 
  5235.0    0.000272386120644843 
  5240.0  0.00027244125346316664 
  5245.0   0.0002725164727165226 
  5250.0  0.00027259168191893417 
  5255.0  0.00027229191967234964 
  5260.0   0.0002723011917984852 
  5265.0    0.000272358984413634 
  5270.0   0.0002724167594931053 
  5275.0  0.00027255226498161506 
  5280.0   0.0002726877959667072 
  5285.0  0.00027272917412520057 
  5290.0  0.00027277053174618027 
  5295.0  0.00027287093245735534 
  5300.0   0.0002729713355006874 
  5305.0    0.000273054892419563 
  5310.0    0.000273138443682397 
  5315.0  0.00027316716979779946 
  5320.0  0.00027319587319156956 
  5325.0  0.00027322509612195934 
  5330.0  0.00027325429543376036 
  5335.0     0.00027362599504784 
  5340.0    0.000273687517665104 
  5345.0  0.00027381057917304886 
  5350.0  0.00027424424317861026 
  5355.0  0.00027431489300881615 
  5360.0  0.00027469627190179904 
  5365.0   0.0002748040641509269 
  5370.0  0.00027491186531195135 
  5375.0  0.00027502213387391617 
  5380.0  0.00027544365082084936 
  5385.0  0.00027553570032212916 
  5390.0   0.0002756309210908362 
  5395.0  0.00027570387410313636 
  5400.0  0.00027576308018200887 
  5405.0   0.0002758426711723931 
  5410.0   0.0002755972379031182 
  5415.0   0.0002756272270548203 
  5420.0   0.0002756607629235172 
  5425.0   0.0002757822005228665 
  5430.0   0.0002762157575111257 
  5435.0   0.0002762194138289163 
  5440.0   0.0002762194552541779 
  5445.0    0.000276236524138599 
  5450.0  0.00027626683407112445 
  5455.0  0.00027634342336299757 
  5460.0    0.000276433779371049 
  5465.0   0.0002765663717354142 
  5470.0  0.00027669580528192196 
  5475.0   0.0002770848551172035 
  5480.0   0.0002771612458065841 
  5485.0  0.00027725247311426724 
  5490.0   0.0002773436970710891 
  5495.0   0.0002774443265725403 
  5500.0  0.00027785821616774887 
  5505.0    0.000277985158746576 
  5510.0   0.0002781121207234088 
  5515.0    0.000278236295862064 
  5520.0  0.00027836049311388367 
  5525.0   0.0002783932064696787 
  5530.0  0.00027842589195727324 
  5535.0  0.00027858579817588273 
  5540.0  0.00027874575120437193 
  5545.0  0.00027886998790445925 
  5550.0   0.0002793087775104217 
  5555.0   0.0002794088162730359 
  5560.0  0.00027950885696446145 
  5565.0  0.00027929036871341767 
  5570.0  0.00027938664241534825 
  5575.0  0.00027951813090581237 
  5580.0   0.0002796496415959787 
  5585.0  0.00027975298088949547 
  5590.0   0.0002798563195109457 
  5595.0   0.0002799433807704292 
  5600.0  0.00027971473186817096 
  5605.0  0.00027994196309049334 
  5610.0  0.00028016932121353275 
  5615.0  0.00028021035649372053 
  5620.0  0.00027993504744402303 
  5625.0   0.0002800583098040751 
  5630.0  0.00028018158625290766 
  5635.0  0.00028032797529007854 
  5640.0  0.00028047439869150967 
  5645.0  0.00028024332736711986 
  5650.0  0.00028032916507434396 
  5655.0   0.0002805186312670588 
  5660.0  0.00028070818160421383 
  5665.0   0.0002808175340751494 
  5670.0  0.00028092688297284065 
  5675.0   0.0002810775755851151 
  5680.0  0.00028122830524082265 
  5685.0    0.000281011810423499 
  5690.0  0.00028079508429587835 
  5695.0   0.0002809724696679805 
  5700.0    0.000281149916692981 
  5705.0   0.0002815671205614147 
  5710.0   0.0002816655571014863 
  5715.0   0.0002818239686366473 
  5720.0  0.00028198241900463065 
  5725.0  0.00028211488896939487 
  5730.0  0.00028224737410479777 
  5735.0  0.00028274274364737306 
  5740.0  0.00028291852928242177 
  5745.0   0.0002831620693625607 
  5750.0  0.00028340575660531125 
  5755.0   0.0002838666369454451 
  5760.0   0.0002840069442700145 
  5765.0  0.00028449121057625896 
  5770.0    0.000284654610841774 
  5775.0   0.0002851430037921123 
  5780.0   0.0002853101645763348 
  5785.0  0.00028569000579528874 
  5790.0   0.0002857481474355222 
  5795.0   0.0002859443933383596 
  5800.0  0.00028581879926078805 
  5805.0   0.0002859567702501317 
  5810.0  0.00028641657713243885 
  5815.0   0.0002866222664495159 
  5820.0    0.000287150324312944 
  5825.0   0.0002872861180035665 
  5830.0  0.00028774450278960817 
  5835.0   0.0002879073067439348 
  5840.0   0.0002880668351848364 
  5845.0  0.00028814627544650537 
  5850.0  0.00028856319287473504 
  5855.0  0.00028866017508752086 
  5860.0  0.00028877100086139554 
  5865.0    0.000288848977652787 
  5870.0   0.0002889231702264425 
  5875.0  0.00028878979871857225 
  5880.0  0.00028833209676319314 
  5885.0  0.00028756494522572275 
  5890.0  0.00028712796494245686 
  5895.0   0.0002873627613619158 
  5900.0  0.00028724461320786115 
  5905.0  0.00028806128044773637 
  5910.0  0.00028885047376158096 
  5915.0  0.00028872531423921867 
  5920.0   0.0002882810958563265 
  5925.0  0.00028843442780562606 
  5930.0  0.00028956604328275314 
  5935.0  0.00029000778085910205 
  5940.0   0.0002894636309074974 
  5945.0  0.00028834227924859243 
  5950.0   0.0002892081577640358 
  5955.0  0.00029036084088327466 
  5960.0   0.0002908888599873903 
  5965.0   0.0002912090365380356 
  5970.0   0.0002911944291068774 
  5975.0  0.00029144573660875065 
  5980.0   0.0002920256839262107 
  5985.0   0.0002921940305238401 
  5990.0   0.0002923695755142768 
  5995.0   0.0002928558293993124 
  6000.0   0.0002929845673131539 
  6005.0   0.0002933969624021756 
  6010.0  0.00029345141463237614 
  6015.0  0.00029354454457990956 
  6020.0  0.00029364483508410535 
  6025.0   0.0002941800428408859 
  6030.0  0.00029438575064664405 
  6035.0   0.0002946019305139899 
  6040.0  0.00029514487366122285 
  6045.0   0.0002953168595238948 
  6050.0  0.00029583398678517854 
  6055.0  0.00029600498030848716 
  6060.0  0.00029652207511022047 
  6065.0  0.00029680946638682926 
  6070.0    0.000297425590224086 
  6075.0  0.00029764864648370155 
  6080.0   0.0002982042514346579 
  6085.0    0.000298394213520352 
  6090.0    0.000298917107302407 
  6095.0   0.0002991300024994004 
  6100.0   0.0002996763237225479 
  6105.0   0.0003002226924373533 
  6110.0   0.0003004358085935024 
  6115.0  0.00030097930389333096 
  6120.0  0.00030118906572646804 
  6125.0  0.00030159323904203216 
  6130.0  0.00030166308636022347 
  6135.0  0.00030217559579186535 
  6140.0  0.00030268853599277643 
  6145.0   0.0003028698139033634 
  6150.0   0.0003033863762642009 
  6155.0  0.00030353455309341547 
  6160.0   0.0003040183063860186 
  6165.0   0.0003041795760179581 
  6170.0   0.0003046767813796007 
  6175.0   0.0003048293180092114 
  6180.0   0.0003053181290721407 
  6185.0   0.0003054568133964419 
  6190.0  0.00030559549339807167 
  6195.0   0.0003060881265003102 
  6200.0  0.00030624422472992906 
  6205.0   0.0003066700694183433 
  6210.0  0.00030675898094798746 
  6215.0   0.0003069763145549053 
  6220.0   0.0003075313052226759 
  6225.0  0.00030773932156206437 
  6230.0  0.00030828545322580367 
  6235.0  0.00030840910683307385 
  6240.0   0.0003085291875079879 
  6245.0   0.0003090419949968167 
  6250.0  0.00030923195743534214 
  6255.0    0.000309418374230563 
  6260.0   0.0003099588454430687 
  6265.0  0.00031016511858464844 
  6270.0   0.0003100278612246877 
  6275.0   0.0003071656097886244 
  6280.0   0.0003025995655291103 
  6285.0    0.000304579897864005 
  6290.0  0.00030759296019472183 
  6295.0   0.0003076982807462345 
  6300.0  0.00030811429753996533 
  6305.0   0.0003095620201638663 
  6310.0   0.0003106390390577064 
  6315.0   0.0003114349585860187 
  6320.0  0.00031223899570218965 
  6325.0    0.000313057926898676 
  6330.0   0.0003135359126920915 
  6335.0  0.00031401899293256896 
  6340.0   0.0003144982922021794 
  6345.0   0.0003145799345628761 
  6350.0   0.0003150187006743168 
  6355.0   0.0003151086093876188 
  6360.0  0.00031555645250759816 
  6365.0   0.0003157269250776026 
  6370.0   0.0003162364015092738 
  6375.0  0.00031638076715732736 
  6380.0  0.00031686807700641735 
  6385.0    0.000317027540417574 
  6390.0  0.00031753030563722663 
  6395.0   0.0003177480875170425 
  6400.0   0.0003179659473197801 
  6405.0   0.0003185619231336207 
  6410.0   0.0003188142864214703 
  6415.0  0.00031923090463757865 
  6420.0   0.0003193031913273565 
  6425.0  0.00031940118974515045 
  6430.0   0.0003198438099982137 
  6435.0  0.00031993401327208066 
  6440.0  0.00032002418806779205 
  6445.0   0.0003203706156418714 
  6450.0   0.0003203721179730457 
  6455.0   0.0003205195043760717 
  6460.0   0.0003203217311610709 
  6465.0   0.0003202445771153689 
  6470.0   0.0003198212417271945 
  6475.0  0.00031970507225474043 
  6480.0   0.0003195885103632232 
  6485.0  0.00032039984930315907 
  6490.0   0.0003208686541962786 
  6495.0  0.00032095680777089337 
  6500.0  0.00032207024712599424 
  6505.0  0.00032297686246906003 
  6510.0   0.0003228269431537104 
  6515.0  0.00032188021942604827 
  6520.0  0.00032163053624239125 
  6525.0  0.00032315630420914394 
  6530.0   0.0003239886814029919 
  6535.0  0.00032416262571212986 
  6540.0  0.00032468085435879827 
  6545.0   0.0003243923900549569 
  6550.0   0.0003244674771246194 
  6555.0  0.00032459827866629045 
  6560.0   0.0003250931305308456 
  6565.0    0.000325650655984017 
  6570.0  0.00032620506044142437 
  6575.0   0.0003263717997020627 
  6580.0  0.00032688781133247163 
  6585.0   0.0003273211148954204 
  6590.0  0.00032775456696356657 
  6595.0   0.0003279904280563374 
  6600.0   0.0003285763185022303 
  6605.0  0.00032871915330306186 
  6610.0    0.000329212223599204 
  6615.0   0.0003293692035850076 
  6620.0  0.00032987677380750115 
  6625.0  0.00033010036864623333 
  6630.0  0.00033032405524017973 
  6635.0   0.0003306825993971936 
  6640.0  0.00033069387296821005 
  6645.0  0.00033094630888758173 
  6650.0   0.0003315337032000935 
  6655.0   0.0003315316503891551 
  6660.0  0.00033151491653267504 
  6665.0   0.0003319900828629389 
  6670.0    0.000332117399299121 
  6675.0    0.000332196497599675 
  6680.0  0.00033262625022702225 
  6685.0  0.00033271233555493836 
  6690.0  0.00033279548604665154 
  6695.0   0.0003331554457509104 
  6700.0   0.0003331791098436655 
  6705.0   0.0003333923130097954 
  6710.0  0.00033397430448557397 
  6715.0   0.0003340241017251843 
  6720.0   0.0003340701245343504 
  6725.0  0.00033463046872105485 
  6730.0   0.0003348381253684619 
  6735.0  0.00033491485567967367 
  6740.0  0.00033499156349373543 
  6745.0   0.0003354521184673723 
  6750.0   0.0003355593019606202 
  6755.0  0.00033569412523354086 
  6760.0   0.0003358289601356975 
  6765.0  0.00033633809051096764 
  6770.0   0.0003364933742560255 
  6775.0  0.00033655130691190684 
  6780.0   0.0003369635346328036 
  6785.0   0.0003371344133424046 
  6790.0  0.00033730533461986793 
  6795.0   0.0003373769842568725 
  6800.0   0.0003374486092891106 
  6805.0   0.0003379116785148376 
  6810.0  0.00033801991615383054 
  6815.0   0.0003381931094747065 
  6820.0   0.0003383663433884659 
  6825.0  0.00033849183060392305 
  6830.0  0.00033897302279950584 
  6835.0   0.0003390119647170767 
  6840.0   0.0003390546657368026 
  6845.0   0.0003391680657506042 
  6850.0  0.00033926526786122615 
  6855.0  0.00033928572047530793 
  6860.0  0.00033750898463214674 
  6865.0   0.0003213148509753376 
  6870.0    0.000280868764536473 
  6875.0   0.0002616127555504356 
  6880.0  0.00028370141934048137 
  6885.0  0.00030190419754917475 
  6890.0  0.00029693555828310536 
  6895.0  0.00029699570293037313 
  6900.0   0.0003038466820184469 
  6905.0  0.00030958284835235015 
  6910.0  0.00031604859753965483 
  6915.0    0.000320825792873665 
  6920.0   0.0003252463945788052 
  6925.0  0.00032919900573172766 
  6930.0   0.0003324380487151028 
  6935.0  0.00033363057045427227 
  6940.0  0.00033375187592314773 
  6945.0   0.0003342547359282062 
  6950.0   0.0003358308745858808 
  6955.0  0.00033649299085403346 
  6960.0  0.00033643978718400056 
  6965.0   0.0003386944487950749 
  6970.0  0.00034130826512592763 
  6975.0  0.00034174222720454996 
  6980.0    0.000341460492520355 
  6985.0  0.00034054224326047025 
  6990.0  0.00033890654642196257 
  6995.0  0.00033880139934931334 
  7000.0   0.0003394123024844348 
  7005.0  0.00033956037841292077 
  7010.0  0.00033970848725659036 
  7015.0   0.0003398603531065092 
  7020.0   0.0003403709124859728 
  7025.0  0.00034036873049673105 
  7030.0   0.0003410838399599972 
  7035.0   0.0003425562665735557 
  7040.0  0.00034259404261161844 
  7045.0  0.00034271046517712303 
  7050.0  0.00034282689736701323 
  7055.0   0.0003427836319095524 
  7060.0   0.0003430992398663506 
  7065.0  0.00034351686828206835 
  7070.0  0.00034393460710941136 
  7075.0   0.0003440417415432226 
  7080.0   0.0003441488825753129 
  7085.0  0.00034451264948437486 
  7090.0  0.00034487640198234355 
  7095.0   0.0003449957762187444 
  7100.0     0.00034511516675142 
  7105.0  0.00034508746610571365 
  7110.0  0.00034505974821814986 
  7115.0  0.00034552286581364606 
  7120.0   0.0003459862078560444 
  7125.0  0.00034567401738889574 
  7130.0   0.0003457214688198457 
  7135.0   0.0003458675490090722 
  7140.0   0.0003460175306921064 
  7145.0   0.0003456783999507813 
  7150.0   0.0003453225898478479 
  7155.0   0.0003448843599335758 
  7160.0  0.00034406980846132004 
  7165.0   0.0003407895210671539 
  7170.0  0.00033355572944309737 
  7175.0   0.0003267469988517927 
  7180.0   0.0003238958086202446 
  7185.0   0.0003187946955553453 
  7190.0  0.00031549427059338357 
  7195.0   0.0003154077985754655 
  7200.0  0.00031603810325621037 
  7205.0  0.00031960418207895816 
  7210.0  0.00032855065607482727 
  7215.0  0.00033710814424903424 
  7220.0   0.0003399252702269528 
  7225.0   0.0003391917312688581 
  7230.0   0.0003334381367710113 
  7235.0  0.00032481247645879067 
  7240.0  0.00032371324732019725 
  7245.0  0.00032438377251506003 
  7250.0  0.00032578643707161935 
  7255.0  0.00032723795759892965 
  7260.0   0.0003301392884090105 
  7265.0   0.0003301108727975101 
  7270.0  0.00032972035381400195 
  7275.0   0.0003264490974452778 
  7280.0  0.00032604506634298396 
  7285.0   0.0003318490467542518 
  7290.0   0.0003311997596515462 
  7295.0   0.0003322799741285619 
  7300.0  0.00033481014618435846 
  7305.0  0.00033377096252967434 
  7310.0   0.0003338231446230655 
  7315.0   0.0003349666497705853 
  7320.0  0.00033754236131267355 
  7325.0  0.00034156801595350327 
  7330.0  0.00034344165729166906 
  7335.0  0.00034352224796798623 
  7340.0   0.0003446832089770303 
  7345.0  0.00034507884084818136 
  7350.0  0.00034474043064843435 
  7355.0  0.00034514302903745496 
  7360.0  0.00034481059788092486 
  7365.0   0.0003444175492502163 
  7370.0   0.0003447466394100369 
  7375.0  0.00034588240889912966 
  7380.0  0.00034665929885589254 
  7385.0  0.00034660766727257186 
  7390.0  0.00034691515506387726 
  7395.0  0.00034697627183712907 
  7400.0  0.00034739663394956134 
  7405.0  0.00034773762426771075 
  7410.0  0.00034807856554299084 
  7415.0   0.0003480956110897325 
  7420.0  0.00034847189353738573 
  7425.0  0.00034842819235003295 
  7430.0   0.0003483844825930721 
  7435.0   0.0003487057784653996 
  7440.0   0.0003486679065025345 
  7445.0  0.00034869474062506137 
  7450.0   0.0003487215604760711 
  7455.0   0.0003487279075577916 
  7460.0   0.0003487342421432577 
  7465.0   0.0003486813170842194 
  7470.0   0.0003486283866470635 
  7475.0   0.0003490540230740402 
  7480.0  0.00034912061360002904 
  7485.0   0.0003490713588807189 
  7490.0  0.00034902209732839035 
  7495.0   0.0003490301411698449 
  7500.0  0.00034903817288873244 
  7505.0   0.0003490241093150869 
  7510.0   0.0003493690971860595 
  7515.0   0.0003493496803282131 
  7520.0  0.00034933025177481743 
  7525.0    0.000349309018759626 
  7530.0  0.00034928777418558363 
  7535.0   0.0003496787421822198 
  7540.0   0.0003497067965767574 
  7545.0   0.0003496900180109038 
  7550.0   0.0003496900677275439 
  7555.0  0.00034970291828919937 
  7560.0   0.0003497325928816685 
  7565.0  0.00034979094736240976 
  7570.0  0.00035020455856560925 
  7575.0   0.0003502270345866599 
  7580.0   0.0003502494971065582 
  7585.0  0.00034881188843922456 
  7590.0  0.00033264961351439697 
  7595.0    0.000268042869946629 
  7600.0  0.00017357254628057892 
  7605.0  0.00012325195441076017 
  7610.0  0.00012862565371024072 
  7615.0  0.00017964358722078483 
  7620.0    0.000233178447039334 
  7625.0   0.0002256080723649184 
  7630.0  0.00019684610091913333 
  7635.0      0.0001971877017621 
  7640.0  0.00021333156981472715 
  7645.0   0.0002327027547237465 
  7650.0  0.00025566091075696784 
  7655.0  0.00027612093433677785 
  7660.0  0.00029227121180282304 
  7665.0   0.0003062401460546212 
  7670.0  0.00032092389280961967 
  7675.0  0.00033062434686354387 
  7680.0  0.00033601734968974844 
  7685.0   0.0003395707855308466 
  7690.0   0.0003420428631899783 
  7695.0   0.0003442005418133355 
  7700.0   0.0003470926842631422 
  7705.0   0.0003489262321367503 
  7710.0    0.000349700692848999 
  7715.0   0.0003501046136124153 
  7720.0   0.0003501448190466445 
  7725.0   0.0003502252146856073 
  7730.0  0.00035030561172353465 
  7735.0   0.0003506935713086477 
  7740.0  0.00035072690373566653 
  7745.0   0.0003507906160735233 
  7750.0  0.00035083669881167323 
  7755.0   0.0003508495622455605 
  7760.0  0.00035084565633165853 
  7765.0  0.00035082612185112684 
  7770.0  0.00035081050093190095 
  7775.0   0.0003507690547952932 
  7780.0  0.00035072760181917734 
  7785.0  0.00035074667206898725 
  7790.0    0.000350765730249151 
  7795.0   0.0003511352370642045 
  7800.0   0.0003511453403398437 
  7805.0  0.00035109935301372736 
  7810.0  0.00035105335748163727 
  7815.0  0.00035106522128499213 
  7820.0   0.0003510770728065352 
  7825.0   0.0003510497695291013 
  7830.0   0.0003510224572166587 
  7835.0  0.00035100132213341655 
  7840.0   0.0003509801736977353 
  7845.0  0.00035097419698791816 
  7850.0  0.00035096820907991484 
  7855.0   0.0003509515278912275 
  7860.0  0.00035093483644945084 
  7865.0   0.0003506034398298415 
  7870.0   0.0003506312286659541 
  7875.0   0.0003502446233009933 
  7880.0   0.0003502172624282762 
  7885.0    0.000349854634586907 
  7890.0  0.00034913280851487716 
  7895.0  0.00034838896787414323 
  7900.0  0.00034836349859969915 
  7905.0   0.0003483486214936679 
  7910.0  0.00034833373430114364 
  7915.0  0.00034905474095850154 
  7920.0   0.0003490575227222943 
  7925.0  0.00034870290433937053 
  7930.0  0.00034906650924079014 
  7935.0   0.0003501395114873107 
  7940.0  0.00035121247601328337 
  7945.0  0.00035121074755018725 
  7950.0   0.0003508498951214949 
  7955.0  0.00035011840736071635 
  7960.0   0.0003483097174921399 
  7965.0   0.0003475977306842352 
  7970.0  0.00034904027695498987 
  7975.0   0.0003500865423419998 
  7980.0   0.0003504145462850899 
  7985.0  0.00035040653428541104 
  7990.0   0.0003503985119618096 
  7995.0   0.0003504615809236409 
  8000.0   0.0003498063566250678 
  8005.0   0.0003490704339058476 
  8010.0  0.00034905279054083714 
  8015.0   0.0003490730911593474 
  8020.0    0.000349452530994451 
  8025.0  0.00034946930704573274 
  8030.0   0.0003494860728048816 
  8035.0   0.0003498088231457401 
  8040.0   0.0003497723825763755 
  8045.0  0.00034977317306108017 
  8050.0  0.00035049217490465564 
  8055.0  0.00035122900089992347 
  8060.0   0.0003512475950551569 
  8065.0  0.00035122440261027885 
  8070.0   0.0003512012019791088 
  8075.0  0.00035121976701044555 
  8080.0   0.0003512383219338717 
  8085.0   0.0003509073944689762 
  8090.0  0.00035057640167827816 
  8095.0   0.0003502037139361966 
  8100.0  0.00035019021386323025 
  8105.0  0.00035021931798135335 
  8110.0  0.00034952995464676204 
  8115.0  0.00034846984193486147 
  8120.0  0.00034776887784086693 
  8125.0  0.00034746238456262137 
  8130.0  0.00034464015811583705 
  8135.0  0.00033921061780364434 
  8140.0  0.00033701593727931885 
  8145.0  0.00033597200092715514 
  8150.0  0.00033241228873180325 
  8155.0   0.0003284798655789188 
  8160.0  0.00032490634788607126 
  8165.0   0.0003227677480443804 
  8170.0    0.000327817891401634 
  8175.0   0.0003278193723453558 
  8180.0   0.0003213506968757566 
  8185.0   0.0003263902253103413 
  8190.0  0.00033035156078849804 
  8195.0  0.00033076617108093525 
  8200.0   0.0003308213118890587 
  8205.0   0.0003394055353823306 
  8210.0   0.0003458304738886022 
  8215.0   0.0003451915527735437 
  8220.0  0.00034131538325403167 
  8225.0   0.0003269527910628033 
  8230.0  0.00030791187145164296 
  8235.0  0.00031615045107842766 
  8240.0   0.0003348165066759579 
  8245.0  0.00034203142734968094 
  8250.0  0.00034385210984397703 
  8255.0   0.0003420767316681636 
  8260.0   0.0003403011030697444 
  8265.0   0.0003446217992708767 
  8270.0   0.0003460647087757789 
  8275.0  0.00033743155774469853 
  8280.0  0.00033239572975586195 
  8285.0   0.0003355927526623297 
  8290.0  0.00033555214312394415 
  8295.0   0.0003369455226501399 
  8300.0   0.0003404958108576763 
  8305.0  0.00034116445974102994 
  8310.0  0.00034434898982854613 
  8315.0   0.0003439858730515444 
  8320.0   0.0003396689080270781 
  8325.0   0.0003424445509897622 
  8330.0  0.00034629620635697004 
  8335.0   0.0003455109175916404 
  8340.0     0.00034580702655937 
  8345.0   0.0003485979756779004 
  8350.0  0.00034957624060777816 
  8355.0  0.00034873820108298215 
  8360.0   0.0003486004578646031 
  8365.0  0.00034921543326223896 
  8370.0  0.00034983464507232264 
  8375.0  0.00035000782672515437 
  8380.0   0.0003498226205557018 
  8385.0  0.00035041991562083456 
  8390.0  0.00035065815148445725 
  8395.0   0.0003505367707983102 
  8400.0   0.0003507736996418718 
  8405.0  0.00035026746213624743 
  8410.0  0.00034976142457739004 
  8415.0  0.00034998588411619234 
  8420.0   0.0003502100739484694 
  8425.0   0.0003503902535528013 
  8430.0  0.00035021346890015686 
  8435.0   0.0003497191819558276 
  8440.0   0.0003499300283233486 
  8445.0   0.0003497376621125826 
  8450.0    0.000349934992628153 
  8455.0  0.00035024557858196137 
  8460.0  0.00035023384976941107 
  8465.0   0.0003498408212199722 
  8470.0    0.000350151668506915 
  8475.0  0.00035008938289280187 
  8480.0  0.00034967131352633924 
  8485.0   0.0003496390480022049 
  8490.0  0.00034961453960944495 
  8495.0   0.0003495304881093064 
  8500.0  0.00034941274510366665 
  8505.0    0.000349258058168385 
  8510.0   0.0003490697432437983 
  8515.0  0.00034851825155011545 
  8520.0     0.00034868440009587 
  8525.0   0.0003484746229131634 
  8530.0  0.00034861916599786594 
  8535.0   0.0003484622342986607 
  8540.0    0.000347943508452095 
  8545.0  0.00034771864103912674 
  8550.0  0.00034788081074223177 
  8555.0  0.00034771245892902376 
  8560.0   0.0003475775470369884 
  8565.0   0.0003475262867170128 
  8570.0  0.00034746712828283375 
  8575.0   0.0003473009378430902 
  8580.0  0.00034748746881538154 
  8585.0   0.0003474069962090962 
  8590.0   0.0003473341849755007 
  8595.0   0.0003472234934712334 
  8600.0   0.0003470792894189924 
  8605.0   0.0003468576996849805 
  8610.0  0.00034660272572042744 
  8615.0    0.000346362516034962 
  8620.0    0.000346130064987302 
  8625.0  0.00034626107473986403 
  8630.0  0.00034604066068835975 
  8635.0  0.00034572394529928577 
  8640.0  0.00034539958597936375 
  8645.0  0.00034518312335364587 
  8650.0   0.0003449998292391615 
  8655.0   0.0003447905782570134 
  8660.0   0.0003446144534201459 
  8665.0   0.0003444167204907455 
  8670.0   0.0003442111674939297 
  8675.0  0.00034408559317033267 
  8680.0   0.0003439598435475595 
  8685.0  0.00034374503895520073 
  8690.0  0.00034354551181677034 
  8695.0  0.00034334920841918264 
  8700.0  0.00034343466846812443 
  8705.0   0.0003430913456137653 
  8710.0  0.00034268208020214237 
  8715.0    0.000342203466945573 
  8720.0  0.00034174067875424003 
  8725.0  0.00034125366762901855 
  8730.0   0.0003407663926267588 
  8735.0  0.00034032211687180704 
  8740.0  0.00033986663784512413 
  8745.0  0.00033937043010730396 
  8750.0   0.0003389242258355559 
  8755.0   0.0003385860891250951 
  8760.0  0.00033829678020706044 
  8765.0   0.0003380360753536519 
  8770.0  0.00033776384382375445 
  8775.0   0.0003374143128363192 
  8780.0  0.00033706474774015445 
  8785.0   0.0003367543863060148 
  8790.0  0.00033643624856254236 
  8795.0   0.0003361101421033162 
  8800.0   0.0003358168925439444 
  8805.0   0.0003355668549901705 
  8810.0  0.00033534888120338144 
  8815.0  0.00033513290592728385 
  8820.0   0.0003345690633231192 
  8825.0    0.000334684554145293 
  8830.0   0.0003344612018107092 
  8835.0  0.00033421707416077083 
  8840.0  0.00033396822753874373 
  8845.0   0.0003337100631288223 
  8850.0   0.0003334670030789812 
  8855.0  0.00033292947889896783 
  8860.0  0.00033240851438704475 
  8865.0  0.00033215414492932535 
  8870.0   0.0003322330637353916 
  8875.0   0.0003319976822867257 
  8880.0  0.00033142531871005704 
  8885.0  0.00033118371587752585 
  8890.0   0.0003316389611978366 
  8895.0    0.000330952187894261 
  8900.0  0.00033048993115466975 
  8905.0   0.0003296776686611477 
  8910.0  0.00032942396419893843 
  8915.0  0.00032846621656766286 
  8920.0   0.0003275351677337015 
  8925.0   0.0003260633948891461 
  8930.0  0.00032327118156739293 
  8935.0  0.00032163019345719893 
  8940.0  0.00032128135089514375 
  8945.0  0.00031853570221240183 
  8950.0   0.0003139668160533564 
  8955.0   0.0003084074483881061 
  8960.0   0.0003046286384079276 
  8965.0   0.0002992038416548288 
  8970.0  0.00029703020464589533 
  8975.0  0.00030036617523999134 
  8980.0   0.0003023873905737478 
  8985.0  0.00028974289907710536 
  8990.0  0.00027289726120173827 
  8995.0   0.0002801412688193558 
  9000.0   0.0002905170637800923 
  9005.0   0.0002863618951457867 
  9010.0  0.00028697606997501665 
  9015.0  0.00028988358784243814 
  9020.0   0.0002886053972088689 
  9025.0   0.0002859451578029389 
  9030.0  0.00028939806450851865 
  9035.0  0.00029992681212250775 
  9040.0   0.0003065590876789663 
  9045.0   0.0003045333638186606 
  9050.0   0.0003022260051247174 
  9055.0  0.00030153643479886974 
  9060.0  0.00029929232880367666 
  9065.0  0.00029103423923302593 
  9070.0   0.0002821736051706984 
  9075.0   0.0002786948305216007 
  9080.0  0.00027711213754068586 
  9085.0   0.0002776725226646412 
  9090.0  0.00027759932754362136 
  9095.0  0.00027877951049971845 
  9100.0  0.00027934255939728026 
  9105.0   0.0002765131581370216 
  9110.0   0.0002798926368440928 
  9115.0    0.000281097118135473 
  9120.0   0.0002770563556575433 
  9125.0  0.00028042058060976077 
  9130.0   0.0002721215164052399 
  9135.0   0.0002628993995166889 
  9140.0  0.00026957936729317357 
  9145.0  0.00027951477913993315 
  9150.0  0.00027572994807851766 
  9155.0  0.00026015226123237193 
  9160.0   0.0002636493080094059 
  9165.0   0.0002779564465048947 
  9170.0  0.00027808331146950913 
  9175.0   0.0002673999797890122 
  9180.0   0.0002627387885414684 
  9185.0  0.00027005883717973585 
  9190.0   0.0002776355745584219 
  9195.0   0.0002791966754474917 
  9200.0   0.0002783708026168021 
  9205.0  0.00028170863443579197 
  9210.0   0.0002806111129917272 
  9215.0  0.00027608796692724156 
  9220.0   0.0002747968774270136 
  9225.0   0.0002770497602370998 
  9230.0   0.0002758130200468329 
  9235.0  0.00027374228142625713 
  9240.0  0.00027111702194656184 
  9245.0  0.00026879694903629244 
  9250.0   0.0002675745192290398 
  9255.0  0.00026824309999454204 
  9260.0   0.0002682828714094045 
  9265.0   0.0002676932445367041 
  9270.0   0.0002679547485299802 
  9275.0   0.0002598247434130239 
  9280.0   0.0002489745330183709 
  9285.0  0.00024619303787398034 
  9290.0  0.00024206378513759276 
  9295.0   0.0002355492634078651 
  9300.0  0.00022410767983143908 
  9305.0  0.00021380060018901662 
  9310.0  0.00020380523789296885 
  9315.0   0.0001927384042350218 
  9320.0  0.00017295798988674926 
  9325.0  0.00016509567683618698 
  9330.0   0.0001657862583400613 
  9335.0  0.00015986317681249167 
  9340.0  0.00014037492408283493 
  9345.0   0.0001328110343991889 
  9350.0   0.0001533138251098183 
  9355.0  0.00015902658780346735 
  9360.0   0.0001518759365009764 
  9365.0  0.00015392116490996874 
  9370.0  0.00014907692917015856 
  9375.0  0.00015612239891066903 
  9380.0  0.00015831228036076794 
  9385.0  0.00016097788737749985 
  9390.0   0.0001817392860305496 
  9395.0   0.0002032361531955084 
  9400.0  0.00019901120058929075 
  9405.0  0.00018622101978079395 
  9410.0  0.00018484143301736967 
  9415.0  0.00019100455992478535 
  9420.0  0.00018885415099225724 
  9425.0  0.00017022349110695014 
  9430.0  0.00015630649817047809 
  9435.0  0.00016597802435721828 
  9440.0  0.00015671229204624996 
  9445.0  0.00014850219341933118 
  9450.0  0.00016737238550073148 
  9455.0   0.0001701282580984709 
  9460.0  0.00015855332369874432 
  9465.0  0.00016226385137688563 
  9470.0  0.00017271368612907742 
  9475.0  0.00017072378499035905 
  9480.0  0.00015551146046049292 
  9485.0   0.0001611921892108039 
  9490.0  0.00018180583452641677 
  9495.0  0.00016995425706281723 
  9500.0   0.0001533608173753401 
  9505.0   0.0001644817068349156 
  9510.0  0.00018460807226356374 
  9515.0   0.0001809178711460849 
  9520.0  0.00015808334667114386 
  9525.0  0.00015184367407284832 
  9530.0  0.00016332180022401866 
  9535.0  0.00017027946101998167 
  9540.0  0.00017163125764162645 
  9545.0  0.00016831447609025842 
  9550.0   0.0001689656407659724 
  9555.0  0.00016519051857214883 
  9560.0  0.00016120558843557814 
  9565.0  0.00016153220543358349 
  9570.0  0.00016293341953940775 
  9575.0  0.00017553344070987489 
  9580.0  0.00017600267845227773 
  9585.0  0.00016907379448271245 
  9590.0   0.0001628351451661357 
  9595.0  0.00015807573672337798 
  9600.0  0.00016408679114682188 
  9605.0  0.00016974172537748293 
  9610.0  0.00017323623597477412 
  9615.0  0.00017679625062521018 
  9620.0  0.00017164109095579977 
  9625.0  0.00016274946604943896 
  9630.0  0.00016865834659506422 
  9635.0  0.00017455890220731366 
  9640.0  0.00017148684417006785 
  9645.0  0.00017073657537489893 
  9650.0  0.00017297838730364826 
  9655.0   0.0001769996109388302 
  9660.0  0.00017244294587448686 
  9665.0   0.0001646810974433411 
  9670.0  0.00016737702984178138 
  9675.0  0.00017973307603850702 
  9680.0   0.0001832196574774072 
  9685.0   0.0001784451126551014 
  9690.0  0.00017984551208887416 
  9695.0  0.00018130512220181595 
  9700.0  0.00017837231151404212 
  9705.0  0.00017662479478342433 
  9710.0  0.00017787151441076934 
  9715.0  0.00017489084522243116 
  9720.0   0.0001730451217850709 
  9725.0   0.0001715451033850407 
  9730.0    0.000168226066386906 
  9735.0  0.00016573143086208287 
  9740.0   0.0001641549860320502 
  9745.0  0.00016154846193796297 
  9750.0  0.00015896058449948127 
  9755.0  0.00015861387289390843 
  9760.0  0.00015685287517839966 
  9765.0  0.00015755604758086012 
  9770.0   0.0001613553812124547 
  9775.0   0.0001625825168404929 
  9780.0  0.00015984342580550732 
  9785.0  0.00015795171998977102 
  9790.0  0.00015674630582154328 
  9795.0   0.0001549609806943808 
  9800.0  0.00015501748797438502 
  9805.0  0.00015513579823922216 
  9810.0   0.0001581948139694682 
  9815.0  0.00015847892463972805 
  9820.0   0.0001566363872807333 
  9825.0  0.00015435383859664225 
  9830.0  0.00015304674634561316 
  9835.0   0.0001541563638546881 
  9840.0  0.00015445004942169066 
  9845.0   0.0001526111001404724 
  9850.0  0.00015061163428782226 
  9855.0   0.0001504053242151199 
  9860.0  0.00015062905936235176 
  9865.0  0.00014974233456113635 
  9870.0  0.00014825333723205849 
  9875.0   0.0001468072666661627 
  9880.0  0.00014595858938717732 
  9885.0  0.00014543589802116973 
  9890.0  0.00014431828797070834 
  9895.0  0.00014295737034028628 
  9900.0   0.0001414636205335146 
  9905.0  0.00014045331342339842 
  9910.0  0.00013958889091891078 
  9915.0  0.00013852818319435607 
  9920.0   0.0001376037794056384 
  9925.0  0.00013633693589868215 
  9930.0  0.00013507262478262158 
  9935.0  0.00013403885707037396 
  9940.0   0.0001331362383459806 
  9945.0  0.00013206422539877271 
  9950.0  0.00013099778465332758 
  9955.0  0.00012991047078907117 
  9960.0  0.00012882918520717586 
  9965.0  0.00012770308671571375 
  9970.0  0.00012657582141684066 
  9975.0  0.00012553176396908007 
  9980.0   0.0001244864832920569 
  9985.0   0.0001234196356213999 
  9990.0   0.0001223539111463165 
  9995.0  0.00012120242989294696 
 10000.0  0.00012004589737533415 
 10005.0  0.00011914409189364539 
 10010.0   0.0001179954699696318 
 10015.0  0.00011670280216110938 
 10020.0  0.00011541532253122924 
 10025.0  0.00011441708796279516 
 10030.0  0.00011364673151555768 
 10035.0  0.00011258206567619719 
 10040.0  0.00011151842837781384 
 10045.0  0.00011049328667832451 
 10050.0   0.0001094623012233255 
 10055.0  0.00010833427989970455 
 10060.0  0.00010720227023583628 
 10065.0  0.00010617571586082092 
 10070.0   0.0001052564733962559 
 10075.0  0.00010412123076133744 
 10080.0  0.00010309193577904867 
 10085.0  0.00010187818749626304 
 10090.0   0.0001006657423404546 
 10095.0     9.9555867155737e-05 
 10100.0   9.865711499852242e-05 
 10105.0   9.786165146993773e-05 
 10110.0   9.697350381812388e-05 
 10115.0   9.596549022151968e-05 
 10120.0   9.485961845876884e-05 
 10125.0   9.388710512305584e-05 
 10130.0   9.300784011374029e-05 
 10135.0   9.202866813066017e-05 
 10140.0   9.105029478683347e-05 
 10145.0    9.00587181605182e-05 
 10150.0   8.906292082706282e-05 
 10155.0   8.813377199545428e-05 
 10160.0   8.719980126573702e-05 
 10165.0   8.623044506412902e-05 
 10170.0   8.526225725636871e-05 
 10175.0   8.427898662033782e-05 
 10180.0   8.329624744896336e-05 
 10185.0   8.237620215451174e-05 
 10190.0   8.137359527098449e-05 
 10195.0   8.045026218486676e-05 
 10200.0   7.960726782657629e-05 
 10205.0   7.866679575668561e-05 
 10210.0    7.77267944981137e-05 
 10215.0   7.682595206517687e-05 
 10220.0   7.592465401113926e-05 
 10225.0   7.501554342145646e-05 
 10230.0   7.403193192686799e-05 
 10235.0   7.314332162514908e-05 
 10240.0   7.218281755774388e-05 
 10245.0   7.139169391032072e-05 
 10250.0   7.059505750182661e-05 
 10255.0   6.937232131206337e-05 
 10260.0   6.814714337027226e-05 
 10265.0   6.693696487683869e-05 
 10270.0   6.572827317689584e-05 
 10275.0   6.458351379989202e-05 
 10280.0   6.343843269750136e-05 
 10285.0   6.226366385899067e-05 
 10290.0   6.108888420573202e-05 
 10295.0  5.9994837412713556e-05 
 10300.0   5.896596883998894e-05 
 10305.0   5.787161647458766e-05 
 10310.0  5.6782819760992255e-05 
 10315.0  5.5737945055394054e-05 
 10320.0  5.4692041505876567e-05 
 10325.0  5.3681349375462795e-05 
 10330.0   5.266968743347893e-05 
 10335.0  5.1662628645154075e-05 
 10340.0    5.06566019191537e-05 
 10345.0  4.9686584067078866e-05 
 10350.0   4.871380303998926e-05 
 10355.0   4.778634149943385e-05 
 10360.0   4.685617994736539e-05 
 10365.0    4.59134913421903e-05 
 10370.0    4.49722246356519e-05 
 10375.0   4.407872965269044e-05 
 10380.0   4.318499023075561e-05 
 10385.0  4.2324639008653497e-05 
 10390.0   4.146427808631774e-05 
 10395.0   4.058719179168087e-05 
 10400.0  3.9710809898007916e-05 
 10405.0  3.8891127639393315e-05 
 10410.0  3.8071396261308734e-05 
 10415.0   3.724161453058823e-05 
 10420.0   3.641222753251627e-05 
 10425.0   3.562183041435248e-05 
 10430.0   3.483182941059867e-05 
 10435.0   3.404893155562878e-05 
 10440.0   3.326649382276311e-05 
 10445.0   3.251046025197984e-05 
 10450.0   3.172157934443096e-05 
 10455.0  3.0979269923961515e-05 
 10460.0   3.023552406865054e-05 
 10465.0  2.9528473690431175e-05 
 10470.0  2.8822078607292546e-05 
 10475.0  2.8127916044828872e-05 
 10480.0  2.7434366330385594e-05 
 10485.0  2.6755586459119996e-05 
 10490.0   2.605005655636066e-05 
 10495.0  2.5403682928540715e-05 
 10500.0  2.4758799048550026e-05 
 10505.0  2.4133511316543577e-05 
 10510.0   2.350952371535027e-05 
 10515.0  2.2887476624292235e-05 
 10520.0  2.2265195836613105e-05 
 10525.0  2.1661988441024554e-05 
 10530.0   2.108116568247429e-05 
 10535.0   2.051455992273159e-05 
 10540.0   1.994815481198055e-05 
 10545.0  1.9386250198798644e-05 
 10550.0  1.8844434907779336e-05 
 10555.0   1.832046059380436e-05 
 10560.0   1.777851985369716e-05 
 10565.0  1.7271338655544015e-05 
 10570.0  1.6747402533279005e-05 
 10575.0  1.6264911689560077e-05 
 10580.0  1.5766371999626278e-05 
 10585.0   1.529969434345013e-05 
 10590.0  1.4833196136687148e-05 
 10595.0  1.4391429243587128e-05 
 10600.0   1.396483847247409e-05 
 10605.0  1.3540811957956578e-05 
 10610.0  1.3103448549062732e-05 
 10615.0  1.2693091847928504e-05 
 10620.0  1.2283099728628444e-05 
 10625.0  1.1908701675455564e-05 
 10630.0   1.154657106021446e-05 
 10635.0  1.1178218583037462e-05 
 10640.0  1.0799046827689214e-05 
 10645.0  1.0466519923183717e-05 
 10650.0  1.0134361471893125e-05 
 10655.0   9.811457449846203e-06 
 10660.0     9.4883281480816e-06 
 10665.0   9.198876070544579e-06 
 10670.0     8.9095081376789e-06 
 10675.0   8.620426416034436e-06 
 10680.0   8.331415383222865e-06 
 10685.0   8.088898004241297e-06 
 10690.0   7.845943428104346e-06 
 10695.0   7.614590522673892e-06 
 10700.0   7.390776577505193e-06 
 10705.0   7.166242159866476e-06 
 10710.0   6.941291378293934e-06 
 10715.0  6.7470072942663406e-06 
 10720.0   6.552807396893987e-06 
 10725.0   6.379688247767697e-06 
 10730.0   6.212838849529121e-06 
 10735.0   6.043254789108128e-06 
 10740.0   5.867500563821337e-06 
 10745.0   5.696322420889961e-06 
 10750.0   5.548533767098555e-06 
 10755.0    5.40937865210555e-06 
 10760.0  5.2587468980935665e-06 
 10765.0   5.102957961711087e-06 
 10770.0  4.9322605022157624e-06 
 10775.0   4.782891466683251e-06 
 10780.0   4.657933740438852e-06 
 10785.0   4.518018697906177e-06 
 10790.0  4.3683769498213396e-06 
 10795.0   4.231311091691109e-06 
 10800.0   4.077634287374076e-06 
 10805.0   3.929611745388182e-06 
 10810.0  3.7977573476764933e-06 
 10815.0  3.6819467997057787e-06 
 10820.0  3.5770909422277184e-06 
 10825.0  3.4673914544394455e-06 
 10830.0  3.3369895114929848e-06 
 10835.0   3.189173675891009e-06 
 10840.0   3.064237560247531e-06 
 10845.0   2.976292712558847e-06 
 10850.0  2.8763256464870833e-06 
 10855.0  2.7468524737396963e-06 
 10860.0   2.602628467699884e-06 
 10865.0   2.503160323823375e-06 
 10870.0   2.433886987845789e-06 
 10875.0  2.3595085964369554e-06 
 10880.0  2.2696919263128976e-06 
 10885.0  2.1667359986929063e-06 
 10890.0  2.0580939805836515e-06 
 10895.0   1.956809285027469e-06 
 10900.0  1.8580090938426789e-06 
 10905.0  1.7758876979667284e-06 
 10910.0  1.7135001903773647e-06 
 10915.0  1.6461077127803749e-06 
 10920.0  1.5508634696760458e-06 
 10925.0  1.4579602874562004e-06 
 10930.0  1.3897878055833627e-06 
 10935.0  1.3280263227444359e-06 
 10940.0  1.2519457781944081e-06 
 10945.0    1.18416810271697e-06 
 10950.0  1.1278886372384527e-06 
 10955.0  1.0699480631333201e-06 
 10960.0  1.0079886990434408e-06 
 10965.0   9.598767974395221e-07 
 10970.0   9.099073015189097e-07 
 10975.0   8.450951083189197e-07 
 10980.0   7.837828773328648e-07 
 10985.0   8.402287958732727e-07 
