# rubin.lsst.y
# photon
# Rubin LSST y 1.9 https://github.com/lsst/throughputs/blob/e70d1daf069e606caa3feb43eccc62ec21e0baf5/baseline/total_y.dat
  3200.0   7.540250507490849e-22 
  3205.0   1.868995508547245e-10 
  3210.0   7.251988360025077e-10 
  3215.0   2.058382630436605e-09 
  3220.0   4.364453728119679e-09 
  3225.0   8.404571297501033e-09 
  3230.0  1.5027516446181853e-08 
  3235.0  2.8597937940031317e-08 
  3240.0   4.788612537823465e-08 
  3245.0   8.035474173113807e-08 
  3250.0   1.243973733477901e-07 
  3255.0  1.9337271668431688e-07 
  3260.0  2.9145619358252494e-07 
  3265.0  4.0126542501318414e-07 
  3270.0   5.257003998043225e-07 
  3275.0   7.136052122674985e-07 
  3280.0   9.448590239319006e-07 
  3285.0  1.2158095835848013e-06 
  3290.0  1.5559643532282391e-06 
  3295.0  1.9606509857706963e-06 
  3300.0  2.3963881539812565e-06 
  3305.0   2.879213406988331e-06 
  3310.0  3.4433744393190808e-06 
  3315.0  3.9402210528421554e-06 
  3320.0   4.534580339403154e-06 
  3325.0   5.279553256520677e-06 
  3330.0  6.0502049889672904e-06 
  3335.0   6.692199080865245e-06 
  3340.0  7.4218284133131475e-06 
  3345.0    8.19087531463089e-06 
  3350.0   9.038372363111511e-06 
  3355.0   9.817155878582661e-06 
  3360.0   1.058650093905425e-05 
  3365.0  1.1372330743882227e-05 
  3370.0  1.2196981699526459e-05 
  3375.0  1.2944578192584167e-05 
  3380.0  1.3858007346722504e-05 
  3385.0    1.47630848345781e-05 
  3390.0  1.5625357438479108e-05 
  3395.0  1.6559452532491706e-05 
  3400.0   1.746820416931239e-05 
  3405.0   1.811096149098195e-05 
  3410.0   1.884081390274174e-05 
  3415.0   1.971138632571423e-05 
  3420.0  2.0612924280796283e-05 
  3425.0   2.145129404436435e-05 
  3430.0    2.22348670084044e-05 
  3435.0  2.2808542927679478e-05 
  3440.0   2.339389621092139e-05 
  3445.0   2.391602435136089e-05 
  3450.0  2.4532993757573977e-05 
  3455.0  2.5272874436061054e-05 
  3460.0  2.5981319096848565e-05 
  3465.0  2.6582074676353355e-05 
  3470.0  2.7194029397241325e-05 
  3475.0  2.8048536125616395e-05 
  3480.0   2.892352927823021e-05 
  3485.0  2.9484637997259123e-05 
  3490.0  3.0107418074493236e-05 
  3495.0  3.0772726310368487e-05 
  3500.0   3.144469312541128e-05 
  3505.0  3.1998485770171586e-05 
  3510.0  3.2610840484418074e-05 
  3515.0   3.305561641919655e-05 
  3520.0   3.356322071977314e-05 
  3525.0   3.401257609243395e-05 
  3530.0  3.4407581085778986e-05 
  3535.0  3.5021011818231075e-05 
  3540.0  3.5582372418924745e-05 
  3545.0   3.602961609376296e-05 
  3550.0   3.648264025906833e-05 
  3555.0  3.6936557758311264e-05 
  3560.0   3.739619986833993e-05 
  3565.0  3.7939222323497296e-05 
  3570.0   3.855148385590298e-05 
  3575.0   3.899399529418344e-05 
  3580.0    3.94400606817359e-05 
  3585.0   3.986697401777927e-05 
  3590.0    4.02307903558827e-05 
  3595.0  4.0738806181423236e-05 
  3600.0  4.1253416092770414e-05 
  3605.0  4.1610292992708454e-05 
  3610.0  4.2039330582228064e-05 
  3615.0  4.2576468375473734e-05 
  3620.0   4.311833002995245e-05 
  3625.0   4.355102730943219e-05 
  3630.0  4.4057259924528646e-05 
  3635.0  4.4600280181320195e-05 
  3640.0  4.5076543219448685e-05 
  3645.0   4.549939619956075e-05 
  3650.0   4.592508708283897e-05 
  3655.0   4.647062031115875e-05 
  3660.0   4.709514440506478e-05 
  3665.0   4.756080258190181e-05 
  3670.0   4.795462836442985e-05 
  3675.0   4.859467147016219e-05 
  3680.0  4.9241428677645774e-05 
  3685.0   4.965441664314187e-05 
  3690.0   5.014860966909589e-05 
  3695.0    5.05155621393015e-05 
  3700.0   5.095835056802055e-05 
  3705.0  5.1417701361931226e-05 
  3710.0   5.179566631641036e-05 
  3715.0  5.2482884525290194e-05 
  3720.0    5.30970361793901e-05 
  3725.0     5.3695471709582e-05 
  3730.0  5.4216668607780026e-05 
  3735.0  5.4777025209177635e-05 
  3740.0  5.5256864970116224e-05 
  3745.0   5.569050067673276e-05 
  3750.0  5.6047357821890825e-05 
  3755.0   5.661738285702047e-05 
  3760.0   5.711168841946157e-05 
  3765.0    5.77857308403212e-05 
  3770.0   5.837762252024981e-05 
  3775.0   5.900601200108493e-05 
  3780.0  5.9551227723738236e-05 
  3785.0  6.0123131080288076e-05 
  3790.0   6.060931068351819e-05 
  3795.0   6.109322318872593e-05 
  3800.0   6.167146034909641e-05 
  3805.0    6.22551069710085e-05 
  3810.0   6.293576924034396e-05 
  3815.0   6.345296223980777e-05 
  3820.0   6.406731630596686e-05 
  3825.0   6.459646031971498e-05 
  3830.0   6.522403420883985e-05 
  3835.0   6.583331308323741e-05 
  3840.0   6.644802966849752e-05 
  3845.0   6.705298332472892e-05 
  3850.0   6.775732570597049e-05 
  3855.0   6.830508993834745e-05 
  3860.0   6.895227456681854e-05 
  3865.0   6.947060819925776e-05 
  3870.0   6.999297603425013e-05 
  3875.0   7.079852374082177e-05 
  3880.0   7.150950084394955e-05 
  3885.0   7.207418034795378e-05 
  3890.0   7.274522276694821e-05 
  3895.0    7.33046979135879e-05 
  3900.0   7.387129225994454e-05 
  3905.0   7.461781675440893e-05 
  3910.0   7.526782195599431e-05 
  3915.0   7.578863481052001e-05 
  3920.0   7.631160258738519e-05 
  3925.0   7.701214651502243e-05 
  3930.0   7.760924443242665e-05 
  3935.0   7.826215992795298e-05 
  3940.0   7.902902373889459e-05 
  3945.0   7.958866778295217e-05 
  3950.0   8.015548854617763e-05 
  3955.0   8.067120480040251e-05 
  3960.0   8.119465774036992e-05 
  3965.0   8.200752432607452e-05 
  3970.0   8.270872460210551e-05 
  3975.0    8.33434458082352e-05 
  3980.0   8.397428874614271e-05 
  3985.0   8.454715679741873e-05 
  3990.0   8.523710445721939e-05 
  3995.0   8.582477056430173e-05 
  4000.0    8.64168145456415e-05 
  4005.0    8.69466920953476e-05 
  4010.0   8.747927904158156e-05 
  4015.0   8.815641398970901e-05 
  4020.0   8.871700761251045e-05 
  4025.0   8.926628875378829e-05 
  4030.0    8.98184143834163e-05 
  4035.0    9.03838712112308e-05 
  4040.0   9.095232222979843e-05 
  4045.0   9.149062551598746e-05 
  4050.0     9.2155778120199e-05 
  4055.0   9.262876880271797e-05 
  4060.0   9.310377124917467e-05 
  4065.0   9.366739514492424e-05 
  4070.0   9.423385866372998e-05 
  4075.0   9.465732942215566e-05 
  4080.0   9.508234977389658e-05 
  4085.0    9.56471925918037e-05 
  4090.0   9.621484876405829e-05 
  4095.0   9.671856787767264e-05 
  4100.0   9.722447011014728e-05 
  4105.0   9.775090940407427e-05 
  4110.0   9.841004855736049e-05 
  4115.0   9.886966387455217e-05 
  4120.0   9.933104465110005e-05 
  4125.0   9.983514100340249e-05 
  4130.0  0.00010034134160063202 
  4135.0   0.0001007922137455331 
  4140.0  0.00010124474278495073 
  4145.0  0.00010174297508512052 
  4150.0  0.00010224323017799426 
  4155.0   0.0001026821647840776 
  4160.0  0.00010312262376189231 
  4165.0  0.00010358912797564916 
  4170.0  0.00010405735254718201 
  4175.0  0.00010447412576532666 
  4180.0  0.00010489223365852959 
  4185.0  0.00010528925196692919 
  4190.0  0.00010568745609698121 
  4195.0  0.00010615210855858505 
  4200.0  0.00010661843687810719 
  4205.0  0.00010703630430498969 
  4210.0  0.00010745547184356596 
  4215.0  0.00010785626852017694 
  4220.0  0.00010825824236391817 
  4225.0  0.00010860967441800207 
  4230.0  0.00010896197330895862 
  4235.0   0.0001092671098180009 
  4240.0  0.00010971357713251283 
  4245.0   0.0001101195881598691 
  4250.0  0.00011052677699821141 
  4255.0  0.00011095366426963266 
  4260.0  0.00011138187167455886 
  4265.0   0.0001117384313182687 
  4270.0  0.00011209585107500685 
  4275.0  0.00011252082772481556 
  4280.0  0.00011280373712374663 
  4285.0  0.00011333171540967966 
  4290.0  0.00011371737144130941 
  4295.0  0.00011406270529294477 
  4300.0  0.00011426436204608059 
  4305.0    0.000114653257859292 
  4310.0  0.00011504317971202462 
  4315.0  0.00011533797869561825 
  4320.0    0.000115633292984246 
  4325.0  0.00011601766417788459 
  4330.0  0.00011625695970569926 
  4335.0  0.00011657957634086077 
  4340.0  0.00011690417436444724 
  4345.0  0.00011714327622508912 
  4350.0  0.00011752396798480435 
  4355.0  0.00011786568395181859 
  4360.0  0.00011820270484463274 
  4365.0   0.0001184741386475078 
  4370.0  0.00011874728302225442 
  4375.0  0.00011907438096505225 
  4380.0  0.00011940189807757058 
  4385.0   0.0001195699788094491 
  4390.0  0.00011988566096420188 
  4395.0  0.00012002748879644347 
  4400.0  0.00012032424097012722 
  4405.0  0.00012063013208136654 
  4410.0  0.00012094256183533877 
  4415.0  0.00012121789566683503 
  4420.0  0.00012149223279282734 
  4425.0  0.00012182986224076154 
  4430.0  0.00012201789830951561 
  4435.0  0.00012226109200284298 
  4440.0  0.00012250454991729248 
  4445.0  0.00012269617814408688 
  4450.0  0.00012288802162639954 
  4455.0  0.00012320655248447765 
  4460.0  0.00012352565894683783 
  4465.0   0.0001239507793882154 
  4470.0  0.00012407321618624468 
  4475.0  0.00012436022152904997 
  4480.0  0.00012449564952855667 
  4485.0    0.000124764673379659 
  4490.0  0.00012503540353445573 
  4495.0   0.0001253048816913466 
  4500.0  0.00012556896193773753 
  4505.0  0.00012574702872488426 
  4510.0  0.00012607200115414437 
  4515.0  0.00012629521847346684 
  4520.0  0.00012636662404486297 
  4525.0   0.0001266596251068197 
  4530.0  0.00012695333125454944 
  4535.0  0.00012704552359118422 
  4540.0  0.00012729000965748828 
  4545.0   0.0001275020025586851 
  4550.0  0.00012772025387283536 
  4555.0  0.00012783714056384507 
  4560.0  0.00012811439033290058 
  4565.0  0.00012822775632132305 
  4570.0  0.00012849418921563366 
  4575.0  0.00012875271581410159 
  4580.0  0.00012885684841158974 
  4585.0   0.0001289746606938671 
  4590.0   0.0001292489978175161 
  4595.0   0.0001294849583315663 
  4600.0  0.00012955947670205482 
  4605.0  0.00012981739226058004 
  4610.0  0.00012991423111643563 
  4615.0   0.0001300813970039125 
  4620.0  0.00013009459166781625 
  4625.0  0.00013029677582706366 
  4630.0  0.00013049882439238722 
  4635.0  0.00013062857151740183 
  4640.0  0.00013091282409786683 
  4645.0  0.00013099111348801042 
  4650.0   0.0001312316906637956 
  4655.0  0.00013142684995821522 
  4660.0  0.00013162863798917438 
  4665.0  0.00013188616944076757 
  4670.0  0.00013198608053160914 
  4675.0   0.0001322221067710182 
  4680.0  0.00013230176465172112 
  4685.0   0.0001325442750416202 
  4690.0  0.00013263023580127343 
  4695.0  0.00013284138533580314 
  4700.0   0.0001328957587558901 
  4705.0   0.0001331284254522741 
  4710.0  0.00013336127594493026 
  4715.0  0.00013342953895829378 
  4720.0  0.00013365504878154103 
  4725.0  0.00013373460417057814 
  4730.0  0.00013397160028667977 
  4735.0  0.00013401420747887938 
  4740.0  0.00013421432876022332 
  4745.0  0.00013428999370939575 
  4750.0  0.00013436567134893562 
  4755.0   0.0001346055439177108 
  4760.0   0.0001346877186438547 
  4765.0   0.0001348785065449259 
  4770.0  0.00013491137751246178 
  4775.0  0.00013498640194893515 
  4780.0  0.00013521958824851672 
  4785.0  0.00013526975661062561 
  4790.0  0.00013531991636162456 
  4795.0  0.00013536010860454745 
  4800.0   0.0001354002851989102 
  4805.0   0.0001356112113595693 
  4810.0  0.00013566376493487855 
  4815.0  0.00013585259767588957 
  4820.0   0.0001358829261890198 
  4825.0   0.0001361043139299151 
  4830.0  0.00013616714055603076 
  4835.0  0.00013638819001469558 
  4840.0  0.00013661086159654949 
  4845.0    0.000136637624613661 
  4850.0   0.0001368169171177588 
  4855.0  0.00013683368890629922 
  4860.0  0.00013700309585895892 
  4865.0  0.00013716249318339912 
  4870.0  0.00013716392243678393 
  4875.0  0.00013739599546829244 
  4880.0   0.0001374692187244514 
  4885.0  0.00013747907073910221 
  4890.0  0.00013748740763686745 
  4895.0  0.00013765716412040752 
  4900.0  0.00013767407935258308 
  4905.0  0.00013786497785631208 
  4910.0  0.00013790360387041847 
  4915.0   0.0001380854277187472 
  4920.0  0.00013810640090841195 
  4925.0   0.0001383000467793671 
  4930.0  0.00013833438516525938 
  4935.0  0.00013837827385549764 
  4940.0  0.00013858162137346734 
  4945.0  0.00013860933852390066 
  4950.0  0.00013863703671829645 
  4955.0   0.0001388197610646976 
  4960.0  0.00013884292568261975 
  4965.0    0.000138865257183205 
  4970.0   0.0001388875692058951 
  4975.0   0.0001390923129087805 
  4980.0  0.00013913740499374335 
  4985.0   0.0001391851819144026 
  4990.0  0.00013923294766032026 
  4995.0   0.0001394240287931325 
  5000.0  0.00013945523835472525 
  5005.0   0.0001393098975825803 
  5010.0   0.0001393244628164471 
  5015.0  0.00013935000959604415 
  5020.0  0.00013937553944459155 
  5025.0  0.00013939653480494818 
  5030.0   0.0001392574454746364 
  5035.0  0.00013931366100519886 
  5040.0  0.00013921122806227662 
  5045.0   0.0001393548425832668 
  5050.0  0.00013949170714480189 
  5055.0  0.00013950995161328392 
  5060.0  0.00013952147791189832 
  5065.0  0.00013970938846676121 
  5070.0   0.0001398989500699168 
  5075.0  0.00013989111040585075 
  5080.0  0.00014004318609110473 
  5085.0  0.00014005199668787004 
  5090.0   0.0001402197205895203 
  5095.0   0.0001403711149909963 
  5100.0  0.00014036923187474648 
  5105.0  0.00014055129703234798 
  5110.0  0.00014057955686849793 
  5115.0  0.00014078600152595458 
  5120.0  0.00014083061544539738 
  5125.0  0.00014084222662333082 
  5130.0    0.000141014247570968 
  5135.0   0.0001410462456082795 
  5140.0  0.00014107822892244398 
  5145.0  0.00014127435271064532 
  5150.0   0.0001413099669881569 
  5155.0  0.00014134926045940855 
  5160.0   0.0001413885471659175 
  5165.0  0.00014155812607362112 
  5170.0  0.00014156702070319794 
  5175.0  0.00014159239928260607 
  5180.0  0.00014161776465985981 
  5185.0  0.00014166239230358995 
  5190.0  0.00014170701208787232 
  5195.0  0.00014190352260723277 
  5200.0  0.00014193917762516945 
  5205.0  0.00014198120211443002 
  5210.0   0.0001420232213133125 
  5215.0  0.00014203419927096516 
  5220.0   0.0001420451623108257 
  5225.0  0.00014208493783627812 
  5230.0  0.00014212470648330213 
  5235.0  0.00014215348948405207 
  5240.0  0.00014218226232494145 
  5245.0  0.00014222151792032796 
  5250.0   0.0001422607682703047 
  5255.0   0.0001421043276658176 
  5260.0  0.00014210916662413896 
  5265.0  0.00014213932756585785 
  5270.0  0.00014216947935601743 
  5275.0  0.00014224019726921468 
  5280.0  0.00014231092848862646 
  5285.0  0.00014233252301629307 
  5290.0  0.00014235410682579523 
  5295.0  0.00014240650417778373 
  5300.0  0.00014245890274688366 
  5305.0  0.00014250250962215537 
  5310.0  0.00014254611354563919 
  5315.0  0.00014256110519622004 
  5320.0  0.00014257608498878361 
  5325.0  0.00014259133591830242 
  5330.0   0.0001426065745216983 
  5335.0   0.0001428005579634985 
  5340.0  0.00014283266552722298 
  5345.0  0.00014289688914747984 
  5350.0  0.00014312321070714026 
  5355.0  0.00014316008160155822 
  5360.0  0.00014335911648749418 
  5365.0  0.00014341537135215682 
  5370.0  0.00014347163086778037 
  5375.0  0.00014352917807623056 
  5380.0  0.00014374916030124763 
  5385.0  0.00014379719930478132 
  5390.0  0.00014384689333658818 
  5395.0   0.0001438849662209271 
  5400.0   0.0001439158648243158 
  5405.0    0.000143957401951787 
  5410.0  0.00014382931467780876 
  5415.0  0.00014384496548465245 
  5420.0  0.00014386246726024536 
  5425.0  0.00014392584339138303 
  5430.0  0.00014415210910060985 
  5435.0  0.00014415401726807213 
  5440.0  0.00014415403888718206 
  5445.0  0.00014416294683548838 
  5450.0  0.00014417876505215933 
  5455.0  0.00014421873564636985 
  5460.0   0.0001442658908457976 
  5465.0  0.00014433508845112652 
  5470.0  0.00014440263752539217 
  5475.0   0.0001446056757401791 
  5480.0  0.00014464554268726817 
  5485.0  0.00014469315260253366 
  5490.0    0.000144740760769044 
  5495.0   0.0001447932775226233 
  5500.0  0.00014500927916793753 
  5505.0  0.00014507552825031243 
  5510.0  0.00014514178745616275 
  5515.0    0.000145206592260553 
  5520.0   0.0001452714086054119 
  5525.0  0.00014528848112609682 
  5530.0  0.00014530553910286175 
  5535.0  0.00014538899132469937 
  5540.0  0.00014547246797578367 
  5545.0  0.00014553730490799441 
  5550.0  0.00014576630142767476 
  5555.0  0.00014581850988512336 
  5560.0   0.0001458707193491844 
  5565.0  0.00014575669420273564 
  5570.0  0.00014580693774173307 
  5575.0  0.00014587555925483445 
  5580.0  0.00014594419235356703 
  5585.0  0.00014599812329960587 
  5590.0  0.00014605205389490506 
  5595.0  0.00014609748962344057 
  5600.0  0.00014597816181317712 
  5605.0  0.00014609674976140437 
  5610.0  0.00014621540393686708 
  5615.0  0.00014623681952242204 
  5620.0  0.00014609314060806181 
  5625.0   0.0001461574690494742 
  5630.0   0.0001462218048435714 
  5635.0  0.00014629820268795052 
  5640.0  0.00014637461846642809 
  5645.0  0.00014625402643698122 
  5650.0  0.00014629882361527478 
  5655.0   0.0001463977026637737 
  5660.0  0.00014649662562576485 
  5665.0  0.00014655369474254066 
  5670.0  0.00014661076199450364 
  5675.0   0.0001466894057984668 
  5680.0  0.00014676806893474124 
  5685.0   0.0001466550841260259 
  5690.0  0.00014654197860056555 
  5695.0  0.00014663455288286764 
  5700.0  0.00014672715934072487 
  5705.0   0.0001469448906465039 
  5710.0   0.0001469962629324001 
  5715.0   0.0001470789351054328 
  5720.0  0.00014716162754462736 
  5725.0  0.00014723076127177355 
  5730.0   0.0001472999029162072 
  5735.0  0.00014755842750216808 
  5740.0   0.0001476501669100505 
  5745.0  0.00014777726616216734 
  5750.0   0.0001479044422158434 
  5755.0  0.00014814496749822385 
  5760.0  0.00014821819140456864 
  5765.0   0.0001484709214082459 
  5770.0  0.00014855619711124642 
  5775.0  0.00014881108073734912 
  5780.0  0.00014889831898842398 
  5785.0   0.0001490965513895329 
  5790.0   0.0001491268944812585 
  5795.0  0.00014922931174032902 
  5800.0  0.00014916376641686295 
  5805.0  0.00014923577103125499 
  5810.0  0.00014947573609501815 
  5815.0  0.00014958308170463612 
  5820.0  0.00014985866574598923 
  5825.0  0.00014992953406676199 
  5830.0  0.00015016875696368477 
  5835.0  0.00015025372146244316 
  5840.0  0.00015033697652878955 
  5845.0  0.00015037843499361527 
  5850.0  0.00015059601681132777 
  5855.0  0.00015064663010958522 
  5860.0  0.00015070446811705696 
  5865.0  0.00015074516282267863 
  5870.0  0.00015078388261212296 
  5875.0  0.00015071427838560578 
  5880.0   0.0001504754118459055 
  5885.0  0.00015007504905298382 
  5890.0  0.00014984699678675633 
  5895.0  0.00014996953287730832 
  5900.0   0.0001499078734493786 
  5905.0    0.000150334077609931 
  5910.0  0.00015074594361534605 
  5915.0  0.00015068062507854309 
  5920.0  0.00015044879537638503 
  5925.0  0.00015052881660357063 
  5930.0   0.0001511193866680326 
  5935.0  0.00015134992168121744 
  5940.0  0.00015106593946420853 
  5945.0  0.00015048072590459434 
  5950.0  0.00015093261255780613 
  5955.0   0.0001515341774513523 
  5960.0  0.00015180974126490708 
  5965.0   0.0001519768357329271 
  5970.0  0.00015196921237345997 
  5975.0   0.0001521003653053356 
  5980.0  0.00015240302953322906 
  5985.0   0.0001524908866393075 
  5990.0   0.0001525825004590313 
  5995.0   0.0001528362677448583 
  6000.0  0.00015290345378076256 
  6005.0  0.00015311867546978158 
  6010.0  0.00015314709312379003 
  6015.0   0.0001531956959930772 
  6020.0   0.0001532480358299962 
  6025.0   0.0001535273512739886 
  6030.0  0.00015363470653252163 
  6035.0  0.00015374752697442466 
  6040.0  0.00015403087938161748 
  6045.0  0.00015412063575563119 
  6050.0  0.00015439051530942335 
  6055.0  0.00015447975379910832 
  6060.0  0.00015474961641283633 
  6065.0   0.0001548996008273157 
  6070.0  0.00015522114493981672 
  6075.0  0.00015533755404899068 
  6080.0  0.00015562751442717033 
  6085.0   0.0001557266522734275 
  6090.0  0.00015599954127222326 
  6095.0  0.00015611064750287615 
  6100.0  0.00015639576286802673 
  6105.0  0.00015668090301823202 
  6110.0  0.00015679212456355272 
  6115.0  0.00015707576512940058 
  6120.0   0.0001571852361129823 
  6125.0  0.00015739616700412962 
  6130.0  0.00015743261908174831 
  6135.0  0.00015770008867208173 
  6140.0  0.00015796778307326318 
  6145.0   0.0001580623888024219 
  6150.0  0.00015833197354468164 
  6155.0  0.00015840930440604736 
  6160.0  0.00015866176667699616 
  6165.0  0.00015874593044009003 
  6170.0  0.00015900541310749007 
  6175.0   0.0001590850192714237 
  6180.0  0.00015934012110307833 
  6185.0   0.0001594124979943439 
  6190.0   0.0001594848726296838 
  6195.0  0.00015974196911592466 
  6200.0   0.0001598234340157884 
  6205.0   0.0001600456748123937 
  6210.0   0.0001600920761641379 
  6215.0  0.00016020549872227847 
  6220.0    0.000160495138516949 
  6225.0  0.00016060369855827478 
  6230.0  0.00016088871499572935 
  6235.0  0.00016095324762213168 
  6240.0  0.00016101591559845228 
  6245.0  0.00016128354073954973 
  6250.0  0.00016138267876994336 
  6255.0   0.0001614799663919277 
  6260.0   0.0001617620287401908 
  6265.0  0.00016186967903747095 
  6270.0  0.00016179804685360785 
  6275.0  0.00016030428855030702 
  6280.0  0.00015792135096489728 
  6285.0  0.00015895485131754716 
  6290.0  0.00016052731515428875 
  6295.0   0.0001605822800837663 
  6300.0   0.0001607993918762938 
  6305.0   0.0001615549326590081 
  6310.0  0.00016211700973414386 
  6315.0   0.0001625323860316962 
  6320.0  0.00016295199875450238 
  6325.0  0.00016337938443389122 
  6330.0  0.00016362883674921825 
  6335.0  0.00016388094776618968 
  6340.0  0.00016413108556146715 
  6345.0  0.00016417369326275264 
  6350.0   0.0001644026775210584 
  6355.0  0.00016444959928528283 
  6360.0   0.0001646833206734937 
  6365.0  0.00016477228728688088 
  6370.0   0.0001650381740082766 
  6375.0  0.00016511351588173128 
  6380.0  0.00016536783425648578 
  6385.0  0.00016545105538496067 
  6390.0   0.0001657134396437314 
  6395.0  0.00016582709614755374 
  6400.0   0.0001659407933179681 
  6405.0   0.0001662518225340859 
  6410.0  0.00016638352646195328 
  6415.0  0.00016660095212616194 
  6420.0   0.0001666386772685842 
  6425.0   0.0001666898209062275 
  6430.0  0.00016692081657274788 
  6435.0  0.00016696789206291132 
  6440.0     0.00016701495269083 
  6445.0  0.00016719574710279304 
  6450.0   0.0001671965311428105 
  6455.0  0.00016727344949475536 
  6460.0  0.00016717023515853188 
  6465.0   0.0001671299698293059 
  6470.0  0.00016690903859202915 
  6475.0  0.00016684841180296305 
  6480.0  0.00016678758021734184 
  6485.0   0.0001672110036325773 
  6490.0  0.00016745566459873217 
  6495.0  0.00016750167038717803 
  6500.0   0.0001680827546556487 
  6505.0  0.00016855590113731036 
  6510.0  0.00016847766090330888 
  6515.0  0.00016798358256647615 
  6520.0  0.00016785327733749347 
  6525.0  0.00016864954860162178 
  6530.0  0.00016908395150876077 
  6535.0     0.00016917472996128 
  6540.0   0.0001694451843085871 
  6545.0  0.00016929463990020987 
  6550.0  0.00016933382651126917 
  6555.0   0.0001694020895179687 
  6560.0   0.0001696603439369445 
  6565.0  0.00016995130659119747 
  6570.0  0.00017024064045306747 
  6575.0  0.00017032765871845347 
  6580.0   0.0001705969560442619 
  6585.0  0.00017082308949531005 
  6590.0   0.0001710493004485891 
  6595.0  0.00017117239217327582 
  6600.0   0.0001714781580145818 
  6605.0  0.00017155270096599909 
  6610.0   0.0001718100256159908 
  6615.0    0.000171891950688782 
  6620.0  0.00017215684259338726 
  6625.0   0.0001722735327774582 
  6630.0  0.00017239027084694938 
  6635.0  0.00017257738868883127 
  6640.0  0.00017258327216576887 
  6645.0  0.00017271501399874052 
  6650.0   0.0001730215646813853 
  6655.0  0.00017302049335573386 
  6660.0  0.00017301176025257304 
  6665.0   0.0001732597411400442 
  6670.0  0.00017332618533194764 
  6675.0   0.0001733674653333273 
  6680.0   0.0001735917456140102 
  6685.0  0.00017363667202115486 
  6690.0   0.0001736800667892927 
  6695.0   0.0001738679233801972 
  6700.0  0.00017388027325086113 
  6705.0   0.0001739915402051489 
  6710.0   0.0001742952712430448 
  6715.0  0.00017432125953995408 
  6720.0  0.00017434527802850016 
  6725.0  0.00017463771172983398 
  6730.0  0.00017474608405428866 
  6735.0  0.00017478612824399308 
  6740.0  0.00017482616069283357 
  6745.0    0.000175066516172205 
  6750.0   0.0001751224533379615 
  6755.0  0.00017519281521493217 
  6760.0  0.00017526318316099504 
  6765.0  0.00017552888928168737 
  6770.0    0.000175609929116492 
  6775.0  0.00017564016314298758 
  6780.0  0.00017585529748554807 
  6785.0   0.0001759444760559936 
  6790.0  0.00017603367684185218 
  6795.0   0.0001760710695177211 
  6800.0  0.00017610844935279842 
  6805.0  0.00017635011697578133 
  6810.0   0.0001764066042815219 
  6815.0  0.00017649699080657527 
  6820.0   0.0001765873985163351 
  6825.0  0.00017665288807035737 
  6830.0  0.00017690401375015574 
  6835.0  0.00017692433684685682 
  6840.0  0.00017694662175235857 
  6845.0   0.0001770058032100308 
  6850.0  0.00017705653126907217 
  6855.0  0.00017706720512592624 
  6860.0  0.00017613995817443394 
  6865.0   0.0001676885267907911 
  6870.0  0.00014658043101246438 
  6875.0  0.00013653106115315872 
  6880.0   0.0001480587433579696 
  6885.0  0.00015755845073859608 
  6890.0  0.00015496540595354193 
  6895.0    0.000154996794379144 
  6900.0  0.00015857219896086932 
  6905.0   0.0001615658025214872 
  6910.0  0.00016494016244455559 
  6915.0  0.00016743329603399398 
  6920.0    0.000169740329727624 
  6925.0  0.00017180312744518515 
  6930.0  0.00017349352658000734 
  6935.0  0.00017411588254332588 
  6940.0   0.0001741791897179107 
  6945.0   0.0001744416234435051 
  6950.0  0.00017526418227862024 
  6955.0   0.0001756097290257865 
  6960.0  0.00017558196297320412 
  6965.0  0.00017675863091377755 
  6970.0  0.00017812273533812003 
  6975.0  0.00017834921245682886 
  6980.0  0.00017820218011769132 
  6985.0   0.0001777229621010033 
  6990.0  0.00017686932090672577 
  6995.0  0.00017681444651279285 
  7000.0  0.00017713326603336412 
  7005.0  0.00017721054423642765 
  7010.0   0.0001772878396173422 
  7015.0  0.00017736709571324134 
  7020.0  0.00017763354760589925 
  7025.0  0.00017763240886438042 
  7030.0  0.00017800561182099837 
  7035.0   0.0001787740451781423 
  7040.0  0.00017879375982298834 
  7045.0   0.0001788545186968325 
  7050.0  0.00017891528259347296 
  7055.0   0.0001788927031179196 
  7060.0  0.00017905741331776965 
  7065.0  0.00017927536618725297 
  7070.0  0.00017949337667860695 
  7075.0  0.00017954928824111282 
  7080.0  0.00017960520324714362 
  7085.0   0.0001797950467507684 
  7090.0    0.000179984882733499 
  7095.0  0.00018004718203207818 
  7100.0  0.00018010948983539435 
  7105.0  0.00018009503335927583 
  7110.0  0.00018008056788493745 
  7115.0  0.00018032226075124575 
  7120.0  0.00018056407075241491 
  7125.0  0.00018040114407985252 
  7130.0   0.0001804259081407914 
  7135.0  0.00018050214480290136 
  7140.0   0.0001805804175854922 
  7145.0  0.00018040343126123843 
  7150.0   0.0001802177402737317 
  7155.0  0.00017998903584722642 
  7160.0  0.00017956393586830163 
  7165.0  0.00017785201200636865 
  7170.0  0.00017407682434583094 
  7175.0   0.0001705234685058953 
  7180.0  0.00016903548284921834 
  7185.0   0.0001663733023360871 
  7190.0  0.00016465086903437394 
  7195.0  0.00016460574082056964 
  7200.0  0.00016493468566399226 
  7205.0   0.0001667957590080697 
  7210.0  0.00017146476524847708 
  7215.0  0.00017593076668167112 
  7220.0  0.00017740097480802217 
  7225.0  0.00017701815382463728 
  7230.0  0.00017401545481409705 
  7235.0  0.00016951387555013363 
  7240.0  0.00016894020734184285 
  7245.0   0.0001692901425588468 
  7250.0   0.0001700221683346773 
  7255.0   0.0001707796911758794 
  7260.0  0.00017229384431196503 
  7265.0   0.0001722790147078683 
  7270.0  0.00017207520977065627 
  7275.0   0.0001703679990408651 
  7280.0  0.00017015714236830342 
  7285.0    0.000173186136894183 
  7290.0   0.0001728472854611214 
  7295.0  0.00017341103025448842 
  7300.0   0.0001747314822139166 
  7305.0  0.00017418915067962838 
  7310.0   0.0001742163835894645 
  7315.0  0.00017481315866221082 
  7320.0  0.00017615737687254175 
  7325.0  0.00017825829469205785 
  7330.0  0.00017923611490415712 
  7335.0  0.00017927817375000158 
  7340.0  0.00017988405872754683 
  7345.0   0.0001800905319902156 
  7350.0  0.00017991392170384288 
  7355.0    0.000180124030668736 
  7360.0  0.00017995054073906522 
  7365.0  0.00017974541562380648 
  7370.0  0.00017991716194649948 
  7375.0  0.00018050989991619425 
  7380.0  0.00018091534501757278 
  7385.0    0.000180888399409187 
  7390.0   0.0001810488718385616 
  7395.0    0.000181080767599488 
  7400.0  0.00018130014713684352 
  7405.0  0.00018147810394128884 
  7410.0  0.00018165603515112974 
  7415.0  0.00018166493091991472 
  7420.0  0.00018186130606134582 
  7425.0  0.00018183849918608331 
  7430.0  0.00018181568783849416 
  7435.0  0.00018198336646066496 
  7440.0  0.00018196360175436443 
  7445.0  0.00018197760600739102 
  7450.0  0.00018199160281236572 
  7455.0  0.00018199491524184072 
  7460.0  0.00018199822114974202 
  7465.0   0.0001819706004993005 
  7470.0  0.00018194297704211476 
  7475.0  0.00018216510915076633 
  7480.0   0.0001821998615662473 
  7485.0   0.0001821741564010688 
  7490.0  0.00018214844766985917 
  7495.0  0.00018215264560817156 
  7500.0  0.00018215683721993105 
  7505.0   0.0001821494976900622 
  7510.0   0.0001823295407464864 
  7515.0  0.00018231940743245725 
  7520.0   0.0001823092680147282 
  7525.0  0.00018229818688036427 
  7530.0  0.00018228709971364088 
  7535.0  0.00018249113898284757 
  7540.0  0.00018250578007421243 
  7545.0  0.00018249702363802185 
  7550.0   0.0001824970495842553 
  7555.0  0.00018250375606466198 
  7560.0  0.00018251924270861622 
  7565.0  0.00018254969687803117 
  7570.0  0.00018276555323548915 
  7575.0  0.00018277728307258402 
  7580.0  0.00018278900586366672 
  7585.0  0.00018203874337565818 
  7590.0  0.00017360393849967658 
  7595.0  0.00013988682391022063 
  7600.0    9.05844360718662e-05 
  7605.0   6.432301089255434e-05 
  7610.0    6.71274493310869e-05 
  7615.0   9.375280475529144e-05 
  7620.0  0.00012169169941787604 
  7625.0   0.0001177408550278528 
  7630.0  0.00010273049181338474 
  7635.0  0.00010290876723991323 
  7640.0  0.00011133396589547661 
  7645.0  0.00012144344402798529 
  7650.0  0.00013342489882647355 
  7655.0   0.0001441026225662534 
  7660.0  0.00015253116618110018 
  7665.0  0.00015982130542742233 
  7670.0   0.0001674844926521664 
  7675.0   0.0001725469877237968 
  7680.0  0.00017536150033085408 
  7685.0  0.00017721597552685143 
  7690.0   0.0001785061090501352 
  7695.0  0.00017963216328802827 
  7700.0  0.00018114152118171124 
  7705.0  0.00018209841732514325 
  7710.0  0.00018250259464685782 
  7715.0  0.00018271339373551458 
  7720.0  0.00018273437623916926 
  7725.0  0.00018277633329847462 
  7730.0  0.00018281829108787484 
  7735.0  0.00018302076032041887 
  7740.0  0.00018303815592340508 
  7745.0  0.00018307140626350353 
  7750.0  0.00018309545602792425 
  7755.0  0.00018310216922612062 
  7760.0  0.00018310013079887082 
  7765.0  0.00018308993609964655 
  7770.0  0.00018308178381871662 
  7775.0  0.00018306015381447678 
  7780.0  0.00018303852024081885 
  7785.0   0.0001830484726662559 
  7790.0  0.00018305841879275852 
  7795.0  0.00018325125785160503 
  7800.0   0.0001832565305721237 
  7805.0   0.0001832325306015525 
  7810.0  0.00018320852634842903 
  7815.0  0.00018321471785716467 
  7820.0  0.00018322090295624043 
  7825.0  0.00018320665385958163 
  7830.0  0.00018319240004771193 
  7835.0   0.0001831813700222969 
  7840.0  0.00018317033302848058 
  7845.0  0.00018316721388953865 
  7850.0  0.00018316408890646182 
  7855.0  0.00018315538328968867 
  7860.0  0.00018314667232200997 
  7865.0  0.00018297372229882536 
  7870.0  0.00018298822479995413 
  7875.0   0.0001827864623109098 
  7880.0  0.00018277218315629335 
  7885.0  0.00018258293411191226 
  7890.0  0.00018220622587620375 
  7895.0  0.00018181802862720275 
  7900.0  0.00018180473666420447 
  7905.0  0.00018179697256619993 
  7910.0   0.0001817892032042334 
  7915.0  0.00018216548380194528 
  7920.0  0.00018216693555517385 
  7925.0    0.000181981866505222 
  7930.0  0.00018217162545992917 
  7935.0  0.00018273160631800673 
  7940.0  0.00018329156749039883 
  7945.0  0.00018329066543613858 
  7950.0  0.00018310234294817196 
  7955.0  0.00018272059244831768 
  7960.0   0.0001817766692572097 
  7965.0  0.00018140509595908916 
  7970.0  0.00018215793529482522 
  7975.0  0.00018270396265972086 
  7980.0   0.0001828751421051507 
  7985.0  0.00018287096078449682 
  7990.0  0.00018286677407597065 
  7995.0  0.00018289968864952243 
  8000.0  0.00018255773869914904 
  8005.0  0.00018217367367307473 
  8010.0  0.00018216446591352904 
  8015.0   0.0001821750604465878 
  8020.0  0.00018237308337257807 
  8025.0  0.00018238183849645815 
  8030.0   0.0001823905882490565 
  8035.0  0.00018255902593257938 
  8040.0  0.00018254000824518142 
  8045.0  0.00018254042078514083 
  8050.0  0.00018291565510606642 
  8055.0  0.00018330019153590328 
  8060.0  0.00018330989549601763 
  8065.0  0.00018329779177002277 
  8070.0  0.00018328568377174725 
  8075.0    0.000183295372532616 
  8080.0  0.00018330505601834532 
  8085.0  0.00018313235083869213 
  8090.0  0.00018295961156666022 
  8095.0  0.00018276511243836614 
  8100.0   0.0001827580669895161 
  8105.0   0.0001827732559130184 
  8110.0  0.00018241348940471568 
  8115.0  0.00018186023536634433 
  8120.0  0.00018149441462728298 
  8125.0   0.0001813344612166508 
  8130.0   0.0001798615912459827 
  8135.0  0.00017702801037245908 
  8140.0   0.0001758826454981513 
  8145.0  0.00017533783361526974 
  8150.0  0.00017348008290120893 
  8155.0   0.0001714278209431216 
  8160.0   0.0001695628653845613 
  8165.0  0.00016844676802473002 
  8170.0  0.00017108234835066133 
  8175.0  0.00017108312122894633 
  8180.0   0.0001677072341310043 
  8185.0  0.00017033727471689887 
  8190.0  0.00017240462550519834 
  8195.0   0.0001726210032696249 
  8200.0  0.00017264978028024927 
  8205.0  0.00017712973440269395 
  8210.0  0.00018048279595452615 
  8215.0  0.00018014935434672476 
  8220.0   0.0001781264501630391 
  8225.0  0.00017063086781403383 
  8230.0   0.0001606937492879361 
  8235.0  0.00016499331800152222 
  8240.0   0.0001747348016417698 
  8245.0  0.00017850014088773545 
  8250.0   0.0001794503228176884 
  8255.0    0.000178523784408726 
  8260.0  0.00017759711530864337 
  8265.0  0.00017985201009012997 
  8270.0  0.00018060503899133086 
  8275.0  0.00017609955045393553 
  8280.0   0.0001734714410651023 
  8285.0  0.00017513991066641288 
  8290.0  0.00017511871726796007 
  8295.0  0.00017584589735098136 
  8300.0  0.00017769872985280117 
  8305.0   0.0001780476858560781 
  8310.0   0.0001797096356765597 
  8315.0  0.00017952013146533633 
  8320.0  0.00017726718391883255 
  8325.0    0.000178715742794642 
  8330.0  0.00018072585347664872 
  8335.0   0.0001803160251859122 
  8340.0  0.00018047055920890364 
  8345.0  0.00018192710609621308 
  8350.0  0.00018243764522754904 
  8355.0  0.00018200028725022893 
  8360.0  0.00018192840150546704 
  8365.0  0.00018224934626768114 
  8370.0  0.00018257250193847945 
  8375.0  0.00018266288237418727 
  8380.0  0.00018256622655633822 
  8385.0  0.00018287794426632734 
  8390.0  0.00018300227534183896 
  8395.0    0.000182938928912693 
  8400.0   0.0001830625778775961 
  8405.0  0.00018279838149430812 
  8410.0  0.00018253428945969464 
  8415.0  0.00018265143091540902 
  8420.0  0.00018276843161606728 
  8425.0  0.00018286246415865422 
  8430.0  0.00018277020338119195 
  8435.0   0.0001825122437840712 
  8440.0   0.0001826222807669292 
  8445.0  0.00018252188825039982 
  8450.0  0.00018262487154963554 
  8455.0  0.00018278696085511874 
  8460.0  0.00018278083979569184 
  8465.0   0.0001825757251604919 
  8470.0    0.000182737950851107 
  8475.0  0.00018270544509284783 
  8480.0  0.00018248726209898472 
  8485.0   0.0001824704232937076 
  8490.0  0.00018245763279783273 
  8495.0  0.00018241376780936424 
  8500.0  0.00018235231982121272 
  8505.0   0.0001822715914508544 
  8510.0  0.00018217331322879023 
  8515.0  0.00018188549948669174 
  8520.0  0.00018197220946844777 
  8525.0   0.0001818627304741977 
  8530.0   0.0001819381649486952 
  8535.0  0.00018185626507582402 
  8540.0  0.00018158555124870126 
  8545.0   0.0001814681969306875 
  8550.0  0.00018155283042497274 
  8555.0  0.00018146497059697627 
  8560.0  0.00018139456247126003 
  8565.0  0.00018136781061863495 
  8570.0  0.00018133693688016745 
  8575.0  0.00018125020503468095 
  8580.0   0.0001813475522436551 
  8585.0  0.00018130555501646796 
  8590.0   0.0001812675561239226 
  8595.0  0.00018120978818937956 
  8600.0  0.00018113453064991583 
  8605.0  0.00018101888689446655 
  8610.0   0.0001808858205006907 
  8615.0  0.00018076045932253693 
  8620.0  0.00018063914723996506 
  8625.0  0.00018070751890823894 
  8630.0  0.00018059248872065643 
  8635.0  0.00018042720057152614 
  8640.0  0.00018025792319034228 
  8645.0  0.00018014495518185554 
  8650.0   0.0001800492972316114 
  8655.0  0.00017994009285210815 
  8660.0   0.0001798481764208074 
  8665.0   0.0001797449831089249 
  8670.0  0.00017963770864243557 
  8675.0  0.00017957217362821878 
  8680.0   0.0001795065471284684 
  8685.0  0.00017939444441821022 
  8690.0  0.00017929031474042963 
  8695.0  0.00017918786747586784 
  8700.0  0.00017923246756099622 
  8705.0   0.0001790532934472373 
  8710.0  0.00017883970508139252 
  8715.0  0.00017858992530416453 
  8720.0  0.00017834840434805175 
  8725.0   0.0001780942418719906 
  8730.0  0.00017783994168317925 
  8735.0  0.00017760808203955996 
  8740.0  0.00017737037560695433 
  8745.0  0.00017711141358174858 
  8750.0  0.00017687854747938805 
  8755.0  0.00017670207992222738 
  8760.0   0.0001765510947246699 
  8765.0   0.0001764150374815559 
  8770.0  0.00017627296467024345 
  8775.0  0.00017609055064184473 
  8780.0  0.00017590811881270448 
  8785.0   0.0001757461466800577 
  8790.0   0.0001755801164235381 
  8795.0   0.0009121316208393042 
  8800.0   0.0016474147218055216 
  8805.0   0.0016374317944654194 
  8810.0   0.0016276175378064917 
  8815.0    0.001635314296921691 
  8820.0    0.001641293254210449 
  8825.0   0.0016680597074706079 
  8830.0   0.0016931289309806627 
  8835.0   0.0016570087001182517 
  8840.0   0.0016209165280742358 
  8845.0   0.0016457871310231703 
  8850.0   0.0016706929884424118 
  8855.0   0.0016940624540304789 
  8860.0   0.0017174333200618798 
  8865.0   0.0017161190860294007 
  8870.0     0.00171652683065832 
  8875.0      0.0017066475153725 
  8880.0   0.0016950570072264742 
  8885.0    0.001719747179379626 
  8890.0   0.0017480726193457885 
  8895.0    0.001735816725586554 
  8900.0    0.001724768385472797 
  8905.0   0.0017205293314579363 
  8910.0   0.0017192052928325656 
  8915.0   0.0017313490474413884 
  8920.0   0.0017435349587692581 
  8925.0    0.001769733760211372 
  8930.0    0.001788320711231873 
  8935.0   0.0017960281533550733 
  8940.0   0.0018108472718821693 
  8945.0   0.0018036838005567651 
  8950.0   0.0017860055215996294 
  8955.0   0.0017704762032043696 
  8960.0   0.0017646811984101778 
  8965.0   0.0017879081436428658 
  8970.0    0.001829174642514338 
  8975.0   0.0018497182529736466 
  8980.0   0.0018621653232875456 
  8985.0    0.001867464304500315 
  8990.0    0.001837221156423151 
  8995.0   0.0019371601215492286 
  9000.0   0.0020619736208329392 
  9005.0   0.0020997331394377707 
  9010.0    0.002171632019721637 
  9015.0    0.002360047677772655 
  9020.0   0.0025153213098817588 
  9025.0    0.002641365879445862 
  9030.0   0.0028242931925301627 
  9035.0    0.003154008739813634 
  9040.0    0.003455735516943933 
  9045.0    0.003806387056375052 
  9050.0    0.004148204225707187 
  9055.0    0.004626575743295656 
  9060.0   0.0050763492887540805 
  9065.0    0.005665333332164361 
  9070.0    0.006199705117823522 
  9075.0    0.007192299427629591 
  9080.0    0.008214411112962365 
  9085.0    0.009687391869342516 
  9090.0    0.011140823656973733 
  9095.0    0.013668793613625713 
  9100.0    0.016182016408102864 
  9105.0    0.019481487825271246 
  9110.0     0.02322529015707962 
  9115.0    0.028914492089735663 
  9120.0    0.034007756721392224 
  9125.0     0.04268196599105549 
  9130.0     0.04943555977503411 
  9135.0     0.05683615130228725 
  9140.0      0.0675868489123659 
  9145.0     0.08378991648369541 
  9150.0      0.0961818067099771 
  9155.0     0.10546524660663661 
  9160.0     0.12179812187097254 
  9165.0      0.1450677968720435 
  9170.0     0.16180181627494422 
  9175.0     0.17323201982721845 
  9180.0      0.1875509822346825 
  9185.0     0.20929429840953093 
  9190.0     0.23214770312837016 
  9195.0      0.2560377415054981 
  9200.0     0.27779827584097894 
  9205.0      0.3041156233830646 
  9210.0      0.3258276325119189 
  9215.0     0.34231813480624196 
  9220.0      0.3623581421012042 
  9225.0      0.3903063498881128 
  9230.0      0.4134300043304191 
  9235.0     0.43671254218258204 
  9240.0      0.4586577746144839 
  9245.0      0.4831045330306315 
  9250.0      0.5091501545411811 
  9255.0      0.5447692238737605 
  9260.0      0.5792019577476051 
  9265.0       0.615404693691079 
  9270.0      0.6535181737686245 
  9275.0      0.6665790807760995 
  9280.0      0.6702587507196879 
  9285.0      0.6975770071045337 
  9290.0      0.7200994252942459 
  9295.0      0.7317163526117872 
  9300.0      0.7256648360957618 
  9305.0      0.7214848989914977 
  9310.0      0.7155845650474232 
  9315.0      0.7030058789479455 
  9320.0      0.6544389764766668 
  9325.0      0.6459453294202883 
  9330.0      0.6699919736714105 
  9335.0      0.6632498987906977 
  9340.0      0.5974945896603038 
  9345.0      0.5770963563955284 
  9350.0      0.6798039886433151 
  9355.0      0.7177538789238781 
  9360.0      0.6975316717338772 
  9365.0      0.7168495555522806 
  9370.0      0.7039009971014051 
  9375.0      0.7450914905648374 
  9380.0      0.7635774938419154 
  9385.0      0.7822353401765549 
  9390.0      0.8896697749679726 
  9395.0                     1.0 
  9400.0      0.9842021021885199 
  9405.0      0.9240003868117037 
  9410.0       0.920184102752676 
  9415.0      0.9532579626966069 
  9420.0      0.9448912185376446 
  9425.0      0.8526361452632158 
  9430.0      0.7838080115771414 
  9435.0      0.8340865025901688 
  9440.0      0.7892042671622145 
  9445.0      0.7482534028558734 
  9450.0      0.8437795335634427 
  9455.0      0.8587382415787862 
  9460.0      0.8013056352561231 
  9465.0      0.8204561154535032 
  9470.0      0.8737173455094742 
  9475.0      0.8648136354651454 
  9480.0       0.788813630051738 
  9485.0      0.8176789338712775 
  9490.0      0.9223026136951249 
  9495.0      0.8628402419913082 
  9500.0      0.7791933297498604 
  9505.0      0.8360996257364705 
  9510.0      0.9388595420913041 
  9515.0      0.9201772969180095 
  9520.0       0.804111495476285 
  9525.0      0.7729074901049784 
  9530.0      0.8319082397017377 
  9535.0      0.8675837999518241 
  9540.0      0.8747086466743732 
  9545.0      0.8578927042095253 
  9550.0      0.8612998468251201 
  9555.0      0.8427890024913468 
  9560.0      0.8231733109871591 
  9565.0        0.82540594936417 
  9570.0      0.8331356633805046 
  9575.0      0.8980998920558049 
  9580.0      0.9010380398063432 
  9585.0      0.8659894561394798 
  9590.0      0.8344432426200172 
  9595.0      0.8105859187778184 
  9600.0       0.841961938941068 
  9605.0       0.871456890514204 
  9610.0      0.8898859752330516 
  9615.0      0.9086391308910988 
  9620.0      0.8825967004133114 
  9625.0      0.8372614808476122 
  9630.0      0.8680600926494482 
  9635.0      0.8986981407744069 
  9640.0      0.8831459862523576 
  9645.0      0.8796697553360359 
  9650.0      0.8916127223321875 
  9655.0      0.9127372215833277 
  9660.0      0.8896267593198084 
  9665.0      0.8499446366799593 
  9670.0      0.8642256357653274 
  9675.0      0.9280007363228218 
  9680.0      0.9459788054427278 
  9685.0      0.9214531429468048 
  9690.0       0.928811220518708 
  9695.0      0.9363541004227921 
  9700.0      0.9212121926756426 
  9705.0      0.9123714150256994 
  9710.0      0.9189971144459376 
  9715.0      0.9039165395065192 
  9720.0      0.8946930717607491 
  9725.0      0.8871434556201547 
  9730.0      0.8701810220471617 
  9735.0      0.8571386621325927 
  9740.0      0.8488484492728349 
  9745.0      0.8352436013657025 
  9750.0      0.8217392273596109 
  9755.0      0.8202325014087825 
  9760.0      0.8114083489359232 
  9765.0      0.8148773348421281 
  9770.0      0.8343547996026289 
  9775.0      0.8408953649501647 
  9780.0      0.8269203376985137 
  9785.0      0.8169402325948512 
  9790.0       0.810513486827095 
  9795.0      0.8011969023470927 
  9800.0      0.8014041167946714 
  9805.0      0.8017728652905868 
  9810.0      0.8173347938248089 
  9815.0      0.8187158471244707 
  9820.0      0.8091113065430945 
  9825.0      0.7975341826943663 
  9830.0      0.7909922013289252 
  9835.0      0.7965540719218472 
  9840.0      0.7978982986570955 
  9845.0       0.788422068933043 
  9850.0      0.7781159747990459 
  9855.0      0.7767047268381133 
  9860.0      0.7775142256406228 
  9865.0      0.7732106639046642 
  9870.0      0.7657928636722038 
  9875.0      0.7578635845984641 
  9880.0       0.753025416176754 
  9885.0      0.7503363517422866 
  9890.0      0.7445778830458006 
  9895.0      0.7374781960794553 
  9900.0      0.7296948283296548 
  9905.0      0.7244834823277913 
  9910.0      0.7200246353915345 
  9915.0      0.7147485115354338 
  9920.0      0.7101728628030078 
  9925.0      0.7034710364871334 
  9930.0      0.6967853150154373 
  9935.0      0.6913685803940594 
  9940.0      0.6866295211695043 
  9945.0      0.6811455797780578 
  9950.0      0.6756896526303264 
  9955.0       0.670013464186213 
  9960.0      0.6643694983719151 
  9965.0      0.6588754673596843 
  9970.0      0.6533698891272375 
  9975.0      0.6480723021175874 
  9980.0      0.6427668735009011 
  9985.0       0.637264810146428 
  9990.0      0.6317684350036082 
  9995.0      0.6259271859895795 
 10000.0      0.6200578632260593 
 10005.0       0.615384336837732 
 10010.0      0.6094362604756816 
 10015.0      0.6029911840154526 
 10020.0      0.5965677975058191 
 10025.0        0.59145879956183 
 10030.0      0.5875269925151565 
 10035.0      0.5822168095387903 
 10040.0      0.5769082802615366 
 10045.0      0.5715012106028049 
 10050.0      0.5660658469590479 
 10055.0      0.5604982021318659 
 10060.0      0.5549043789826483 
 10065.0      0.5495574433054203 
 10070.0       0.544766555214542 
 10075.0      0.5388176233296528 
 10080.0      0.5334184856359433 
 10085.0      0.5269814601751467 
 10090.0      0.5205549106029794 
 10095.0      0.5150260333765807 
 10100.0      0.5105850999943203 
 10105.0      0.5064938339534342 
 10110.0      0.5019224316269247 
 10115.0      0.4965623467334744 
 10120.0      0.4906990501783615 
 10125.0     0.48565363930870975 
 10130.0     0.48109086776481025 
 10135.0     0.47598999731127284 
 10140.0       0.470894023779942 
 10145.0     0.46572583655297833 
 10150.0       0.460536704139049 
 10155.0     0.45573675498346694 
 10160.0     0.45091177472291943 
 10165.0     0.44597571963164034 
 10170.0      0.4410439883741906 
 10175.0     0.43595993231707025 
 10180.0     0.43087857412904573 
 10185.0      0.4260505373728507 
 10190.0       0.420797096693287 
 10195.0     0.41608745740411707 
 10200.0     0.41179189990526316 
 10205.0     0.40713435955009614 
 10210.0      0.4024742998471991 
 10215.0     0.39763527091975953 
 10220.0     0.39279797498915275 
 10225.0      0.3880907551420769 
 10230.0     0.38299820578519933 
 10235.0     0.37832852514964066 
 10240.0      0.3732888127644548 
 10245.0      0.3692255110922182 
 10250.0      0.3651330769039604 
 10255.0     0.35891199983949007 
 10260.0     0.35267464892715766 
 10265.0      0.3464920875301027 
 10270.0       0.340314318920915 
 10275.0       0.334289475058015 
 10280.0      0.3282664314974151 
 10285.0     0.32225899869311914 
 10290.0      0.3162488123017767 
 10295.0     0.31065083294748236 
 10300.0      0.3053880171572504 
 10305.0       0.299662921545059 
 10310.0     0.29396875821126595 
 10315.0     0.28855645754501075 
 10320.0      0.2831389396471885 
 10325.0     0.27787580211858004 
 10330.0     0.27260880543724936 
 10335.0     0.26740453927184366 
 10340.0     0.26220529985844643 
 10345.0        0.25724399887594 
 10350.0      0.2522660600174725 
 10355.0      0.2473821181319296 
 10360.0     0.24248734947280529 
 10365.0     0.23763755651509916 
 10370.0     0.23279394313065316 
 10375.0     0.22811480208965187 
 10380.0     0.22343658794208085 
 10385.0     0.21894652671293469 
 10390.0     0.21445798682028017 
 10395.0     0.20991524170741632 
 10400.0     0.20537641425779044 
 10405.0     0.20116356613703587 
 10410.0     0.19694935169161384 
 10415.0      0.1926655056980859 
 10420.0     0.18838331216078727 
 10425.0     0.18422437765954822 
 10430.0     0.18007058466329678 
 10435.0     0.17605965446477495 
 10440.0     0.17204942877013374 
 10445.0     0.16799172427801554 
 10450.0      0.1637713018076641 
 10455.0     0.16003108197666627 
 10460.0     0.15627902127441418 
 10465.0      0.1525844073564105 
 10470.0     0.14889509748298352 
 10475.0      0.1453266632726692 
 10480.0     0.14176052635716863 
 10485.0     0.13822377086104867 
 10490.0     0.13455033743010206 
 10495.0     0.13122171639462807 
 10500.0      0.1279002851791476 
 10505.0     0.12464747072649877 
 10510.0     0.12140254488993345 
 10515.0     0.11817119921910338 
 10520.0      0.1149396859686392 
 10525.0      0.1117754393706751 
 10530.0     0.10872944682822971 
 10535.0     0.10589594932913929 
 10540.0     0.10305857980223894 
 10545.0     0.10021731573118081 
 10550.0     0.09747638983744039 
 10555.0      0.0946943255540596 
 10560.0     0.09182356898571661 
 10565.0     0.08924190616236988 
 10570.0     0.08657140966186287 
 10575.0     0.08401660493473477 
 10580.0     0.08138256036612525 
 10585.0     0.07895850166476463 
 10590.0     0.07653629437916425 
 10595.0     0.07429329305348943 
 10600.0     0.07212643793766796 
 10605.0     0.06991414014802208 
 10610.0     0.06763439715283462 
 10615.0     0.06551796744332622 
 10620.0     0.06340331256550137 
 10625.0     0.06146016684808015 
 10630.0    0.059580986164130524 
 10635.0     0.05771730979018598 
 10640.0      0.0557952921898161 
 10645.0     0.05406985574406701 
 10650.0     0.05234679101921124 
 10655.0    0.050679670148167356 
 10660.0    0.049011335054199974 
 10665.0    0.047541633254515485 
 10670.0    0.046070765329021816 
 10675.0     0.04456108732321991 
 10680.0     0.04305277032323829 
 10685.0     0.04177000632135169 
 10690.0     0.04048675820530874 
 10695.0     0.03934339615911355 
 10700.0     0.03823596993672374 
 10705.0     0.03705321695700047 
 10710.0    0.035869636525898856 
 10715.0    0.034875518355742555 
 10720.0     0.03388126766924046 
 10725.0    0.033006132393161074 
 10730.0     0.03216236993310114 
 10735.0     0.03121871596920637 
 10740.0    0.030246945398091026 
 10745.0       0.029373292443703 
 10750.0    0.028619757169209066 
 10755.0     0.02787050744637874 
 10760.0    0.027063813399348217 
 10765.0     0.02630679614867892 
 10770.0    0.025470059890592967 
 10775.0    0.024717318221206378 
 10780.0      0.0240896642159912 
 10785.0    0.023344719974374126 
 10790.0    0.022550885179278023 
 10795.0      0.0218945410102445 
 10800.0    0.021148724769074197 
 10805.0    0.020300406916209043 
 10810.0    0.019541354099621024 
 10815.0     0.01894016687548752 
 10820.0    0.018395647966299566 
 10825.0    0.017843899866578503 
 10830.0     0.01718475439556551 
 10835.0    0.016445671855665485 
 10840.0     0.01582268041718467 
 10845.0    0.015360408448680305 
 10850.0    0.014836605629897824 
 10855.0    0.014163025555872117 
 10860.0    0.013413960171138347 
 10865.0    0.012896924569601618 
 10870.0    0.012535755381289405 
 10875.0    0.012150021372077158 
 10880.0    0.011684973935655278 
 10885.0    0.011148314538573735 
 10890.0    0.010583045015400987 
 10895.0    0.010068656790678351 
 10900.0    0.009566394598623738 
 10905.0    0.009142322189504165 
 10910.0     0.00881994223113078 
 10915.0    0.008465963887572862 
 10920.0    0.007969443611008691 
 10925.0    0.007496453865732736 
 10930.0    0.007150135408245281 
 10935.0     0.00682576807538862 
 10940.0    0.006428490863567395 
 10945.0    0.006078148586451389 
 10950.0    0.005787067599533915 
 10955.0    0.005491819252850371 
 10960.0    0.005175714905280135 
 10965.0    0.004925143300935898 
 10970.0    0.004665401218194204 
 10975.0   0.0043225684651738965 
 10980.0    0.003999207490800018 
 10985.0    0.004298379413454769 
