# rubin.lsst.z
# photon
# Rubin LSST z 1.9 https://github.com/lsst/throughputs/blob/e70d1daf069e606caa3feb43eccc62ec21e0baf5/baseline/total_z.dat
  3200.0  4.1368295280557324e-22 
  3205.0  1.0253924322382555e-10 
  3210.0   3.978679429160147e-10 
  3215.0  1.1292964387811505e-09 
  3220.0   2.394482920478796e-09 
  3225.0   4.611024352521374e-09 
  3230.0   8.244589978297041e-09 
  3235.0  1.5689769722411368e-08 
  3240.0   2.627190399736205e-08 
  3245.0  4.4085255255435894e-08 
  3250.0    6.82484921112995e-08 
  3255.0  1.0609063498690509e-07 
  3260.0   1.599024576901141e-07 
  3265.0  2.2014741514665623e-07 
  3270.0  2.8841653664699084e-07 
  3275.0   3.915072994657067e-07 
  3280.0     5.1838074957434e-07 
  3285.0   6.670331417862186e-07 
  3290.0   8.536532406505768e-07 
  3295.0  1.0756776428170466e-06 
  3300.0  1.3147373905182766e-06 
  3305.0  1.5796312108955129e-06 
  3310.0   1.889148516030893e-06 
  3315.0  2.1617349161372083e-06 
  3320.0  2.4878199771676114e-06 
  3325.0  2.8965366316172144e-06 
  3330.0  3.3193415290758983e-06 
  3335.0  3.6715606116597413e-06 
  3340.0  4.0718592707039595e-06 
  3345.0   4.493783705000993e-06 
  3350.0   4.958748471305739e-06 
  3355.0   5.386014732494742e-06 
  3360.0  5.8081027467140165e-06 
  3365.0   6.239234834090835e-06 
  3370.0   6.691665482152111e-06 
  3375.0   7.101821516686987e-06 
  3380.0   7.602958805543968e-06 
  3385.0   8.099514095480279e-06 
  3390.0   8.572585217654202e-06 
  3395.0   9.085060521105253e-06 
  3400.0   9.583631570055692e-06 
  3405.0   9.936269385605068e-06 
  3410.0   1.033669043329985e-05 
  3415.0  1.0814315109308398e-05 
  3420.0   1.130892849510259e-05 
  3425.0  1.1768885732585883e-05 
  3430.0   1.219877964284878e-05 
  3435.0  1.2513517128033656e-05 
  3440.0  1.2834661199315356e-05 
  3445.0  1.3121117876935437e-05 
  3450.0  1.3459607593556088e-05 
  3455.0  1.3865530478341222e-05 
  3460.0  1.4254206529465477e-05 
  3465.0  1.4583800807264431e-05 
  3470.0  1.4919539302515683e-05 
  3475.0  1.5388349809852606e-05 
  3480.0   1.586839984359929e-05 
  3485.0  1.6176242549225888e-05 
  3490.0   1.651792019115933e-05 
  3495.0  1.6882930180243003e-05 
  3500.0   1.725159328494768e-05 
  3505.0  1.7555422151507033e-05 
  3510.0  1.7891380096275894e-05 
  3515.0  1.8135398808722156e-05 
  3520.0  1.8413887229910178e-05 
  3525.0   1.866041837265762e-05 
  3530.0   1.887713110900184e-05 
  3535.0   1.921367939276292e-05 
  3540.0  1.9521660288958565e-05 
  3545.0   1.976703288479856e-05 
  3550.0   2.001557684790645e-05 
  3555.0  2.0264610923406184e-05 
  3560.0  2.0516785708741953e-05 
  3565.0  2.0814705694909607e-05 
  3570.0  2.1150612517054606e-05 
  3575.0   2.139338885221249e-05 
  3580.0  2.1638115000877902e-05 
  3585.0  2.1872333703918407e-05 
  3590.0   2.207193531778524e-05 
  3595.0   2.235064951510904e-05 
  3600.0  2.2632981444874006e-05 
  3605.0  2.2828775854632407e-05 
  3610.0  2.3064159993025072e-05 
  3615.0  2.3358851460042767e-05 
  3620.0  2.3656134592763857e-05 
  3625.0   2.389352655748478e-05 
  3630.0  2.4171262426885326e-05 
  3635.0   2.446918120695716e-05 
  3640.0  2.4730474780333025e-05 
  3645.0   2.496246583851022e-05 
  3650.0   2.519601386374095e-05 
  3655.0  2.5495311342678397e-05 
  3660.0  2.5837945809542075e-05 
  3665.0   2.609342120707778e-05 
  3670.0   2.630948698956778e-05 
  3675.0   2.666063569694715e-05 
  3680.0  2.7015467981463824e-05 
  3685.0  2.7242046768030483e-05 
  3690.0  2.7513177322684445e-05 
  3695.0  2.7714499521811843e-05 
  3700.0   2.795742782303826e-05 
  3705.0  2.8209442782766416e-05 
  3710.0   2.841680679311411e-05 
  3715.0   2.879383731430003e-05 
  3720.0  2.9130781119397853e-05 
  3725.0  2.9459102541806315e-05 
  3730.0  2.9745048309291714e-05 
  3735.0  3.0052478378438577e-05 
  3740.0  3.0315734259634296e-05 
  3745.0   3.055364107635988e-05 
  3750.0  3.0749424647995986e-05 
  3755.0   3.106215913801229e-05 
  3760.0   3.133335143388589e-05 
  3765.0   3.170315328423611e-05 
  3770.0   3.202788453507542e-05 
  3775.0   3.237263968039265e-05 
  3780.0   3.267176296527446e-05 
  3785.0   3.298552796422499e-05 
  3790.0     3.3252262091504e-05 
  3795.0   3.351775241421279e-05 
  3800.0    3.38349923463428e-05 
  3805.0   3.415520008706405e-05 
  3810.0  3.4528633804103424e-05 
  3815.0  3.4812382901001485e-05 
  3820.0   3.514943775601501e-05 
  3825.0  3.5439743572578074e-05 
  3830.0  3.5784051257447344e-05 
  3835.0  3.6118321695269594e-05 
  3840.0   3.645557544019004e-05 
  3845.0   3.678747292101208e-05 
  3850.0   3.717389832659861e-05 
  3855.0  3.7474419807769386e-05 
  3860.0   3.782948658950339e-05 
  3865.0  3.8113861475182415e-05 
  3870.0  3.8400449657120964e-05 
  3875.0   3.884239963417976e-05 
  3880.0   3.923246506649777e-05 
  3885.0   3.954226682225268e-05 
  3890.0  3.9910422772869484e-05 
  3895.0   4.021736924693333e-05 
  3900.0   4.052822154820754e-05 
  3905.0  4.0937789449041753e-05 
  3910.0  4.1294403689992616e-05 
  3915.0   4.158013875848305e-05 
  3920.0   4.186705608827313e-05 
  3925.0   4.225139753723041e-05 
  3930.0   4.257898510125158e-05 
  3935.0  4.2937196025216925e-05 
  3940.0  4.3357922744302576e-05 
  3945.0  4.3664961881047164e-05 
  3950.0   4.397593840206549e-05 
  3955.0   4.425887730793557e-05 
  3960.0   4.454606081416704e-05 
  3965.0   4.499202616913395e-05 
  3970.0   4.537672771241611e-05 
  3975.0   4.572495665056504e-05 
  3980.0   4.607105784315919e-05 
  3985.0  4.6385352105378204e-05 
  3990.0   4.676388009314742e-05 
  3995.0   4.708629305568768e-05 
  4000.0   4.741110786409237e-05 
  4005.0  4.7701816122617785e-05 
  4010.0   4.799401084522665e-05 
  4015.0   4.836550935779056e-05 
  4020.0   4.867306946467836e-05 
  4025.0  4.8974423171983575e-05 
  4030.0   4.927733745919094e-05 
  4035.0   4.958756568036473e-05 
  4040.0   4.989943661310467e-05 
  4045.0   5.019476750789973e-05 
  4050.0  5.0559692112331884e-05 
  4055.0  5.0819190363748855e-05 
  4060.0   5.107979233505586e-05 
  4065.0    5.13890149493892e-05 
  4070.0   5.169979547436432e-05 
  4075.0   5.193212546605136e-05 
  4080.0  5.2165305615617976e-05 
  4085.0  5.2475196970753586e-05 
  4090.0   5.278663182465307e-05 
  4095.0   5.306298870443787e-05 
  4100.0  5.3340543315061385e-05 
  4105.0   5.362936523333618e-05 
  4110.0  5.3990990660727906e-05 
  4115.0  5.4243150746631726e-05 
  4120.0   5.449627942162793e-05 
  4125.0   5.477284326696943e-05 
  4130.0  5.5050561570314694e-05 
  4135.0   5.529792486422006e-05 
  4140.0  5.5546197184974634e-05 
  4145.0   5.581954381836909e-05 
  4150.0  5.6094000222397643e-05 
  4155.0   5.633481418972235e-05 
  4160.0   5.657646447753586e-05 
  4165.0   5.683240403876325e-05 
  4170.0   5.708928744487211e-05 
  4175.0   5.731794294558934e-05 
  4180.0   5.754733069295883e-05 
  4185.0   5.776514800018683e-05 
  4190.0  5.7983615888190874e-05 
  4195.0  5.8238539517258235e-05 
  4200.0  5.8494382577120936e-05 
  4205.0    5.87236383967549e-05 
  4210.0   5.895360750044212e-05 
  4215.0   5.917349774479192e-05 
  4220.0   5.939403382176215e-05 
  4225.0   5.958684100993119e-05 
  4230.0   5.978012377333043e-05 
  4235.0  5.9947531702210235e-05 
  4240.0   6.019247836123037e-05 
  4245.0   6.041522936996875e-05 
  4250.0   6.063862656456802e-05 
  4255.0  6.0872830967699214e-05 
  4260.0   6.110775963950806e-05 
  4265.0   6.130337999206088e-05 
  4270.0   6.149947223092163e-05 
  4275.0   6.173262840417029e-05 
  4280.0   6.188784180909629e-05 
  4285.0   6.217750806902362e-05 
  4290.0   6.238909165735849e-05 
  4295.0   6.257855317101286e-05 
  4300.0   6.268918870096976e-05 
  4305.0   6.290254974008007e-05 
  4310.0   6.311647369823185e-05 
  4315.0   6.327821012051112e-05 
  4320.0   6.344022925608737e-05 
  4325.0   6.365110794002479e-05 
  4330.0   6.378239334021301e-05 
  4335.0   6.395939144143687e-05 
  4340.0   6.413747659754503e-05 
  4345.0   6.426865574554996e-05 
  4350.0   6.447751577097125e-05 
  4355.0   6.466499239408187e-05 
  4360.0   6.484989314500259e-05 
  4365.0   6.499881066034647e-05 
  4370.0   6.514866665170267e-05 
  4375.0   6.532812334574594e-05 
  4380.0   6.550781001008996e-05 
  4385.0   6.560002463002089e-05 
  4390.0   6.577321824712475e-05 
  4395.0   6.585102966250602e-05 
  4400.0   6.601383766913525e-05 
  4405.0    6.61816595976093e-05 
  4410.0   6.635306884063002e-05 
  4415.0   6.650412603999958e-05 
  4420.0    6.66546364139347e-05 
  4425.0   6.683987103821778e-05 
  4430.0   6.694303381255645e-05 
  4435.0   6.707645787460773e-05 
  4440.0   6.721002689706036e-05 
  4445.0   6.731516044749405e-05 
  4450.0    6.74204120941877e-05 
  4455.0   6.759516860366779e-05 
  4460.0   6.777024090859632e-05 
  4465.0   6.800347597063089e-05 
  4470.0   6.807064882661291e-05 
  4475.0   6.822810940111866e-05 
  4480.0   6.830240965768548e-05 
  4485.0   6.845000499419132e-05 
  4490.0   6.859853646504705e-05 
  4495.0   6.874638104865667e-05 
  4500.0   6.889126416095657e-05 
  4505.0   6.898895745938251e-05 
  4510.0   6.916724802676243e-05 
  4515.0    6.92897123927446e-05 
  4520.0    6.93288878386964e-05 
  4525.0   6.948963786200798e-05 
  4530.0   6.965077471857431e-05 
  4535.0   6.970135446789064e-05 
  4540.0   6.983548756828037e-05 
  4545.0   6.995179384915763e-05 
  4550.0   7.007153370130403e-05 
  4555.0    7.01356615859579e-05 
  4560.0   7.028776993171326e-05 
  4565.0   7.034996624308481e-05 
  4570.0   7.049614009544349e-05 
  4575.0   7.063797629375911e-05 
  4580.0   7.069510686305442e-05 
  4585.0   7.075974255753279e-05 
  4590.0   7.091025293018229e-05 
  4595.0   7.103970863208614e-05 
  4600.0    7.10805918620416e-05 
  4605.0   7.122209282373938e-05 
  4610.0   7.127522180638638e-05 
  4615.0    7.13669345125771e-05 
  4620.0   7.137417353934359e-05 
  4625.0   7.148509842164677e-05 
  4630.0    7.15959489126618e-05 
  4635.0   7.166713245456238e-05 
  4640.0   7.182308277307308e-05 
  4645.0   7.186603490849055e-05 
  4650.0   7.199802346292594e-05 
  4655.0   7.210509427324286e-05 
  4660.0   7.221580182653315e-05 
  4665.0    7.23570920545296e-05 
  4670.0   7.241190656637679e-05 
  4675.0    7.25413983273751e-05 
  4680.0   7.258510126174137e-05 
  4685.0    7.27181504410489e-05 
  4690.0   7.276531134219328e-05 
  4695.0   7.288115492436736e-05 
  4700.0   7.291098597169577e-05 
  4705.0   7.303863457685024e-05 
  4710.0   7.316638401868715e-05 
  4715.0    7.32038353539015e-05 
  4720.0   7.332755746296793e-05 
  4725.0   7.337120416703401e-05 
  4730.0   7.350122803429808e-05 
  4735.0   7.352460374185895e-05 
  4740.0   7.363439686146865e-05 
  4745.0   7.367590914221639e-05 
  4750.0   7.371742838531729e-05 
  4755.0   7.384903036916304e-05 
  4760.0   7.389411412775092e-05 
  4765.0   7.399878664784335e-05 
  4770.0   7.401682074219912e-05 
  4775.0   7.405798161660512e-05 
  4780.0   7.418591529317047e-05 
  4785.0   7.421343930733156e-05 
  4790.0    7.42409585971544e-05 
  4795.0    7.42630093840821e-05 
  4800.0   7.428505158569482e-05 
  4805.0   7.440077261761373e-05 
  4810.0   7.442960523821808e-05 
  4815.0   7.453320509317012e-05 
  4820.0   7.454984431338363e-05 
  4825.0   7.467130491244137e-05 
  4830.0   7.470577366673609e-05 
  4835.0   7.482704867303157e-05 
  4840.0   7.494921362948187e-05 
  4845.0   7.496389670126269e-05 
  4850.0    7.50622624683382e-05 
  4855.0   7.507146402337982e-05 
  4860.0   7.516440625166844e-05 
  4865.0   7.525185686856535e-05 
  4870.0    7.52526410039995e-05 
  4875.0    7.53799639050697e-05 
  4880.0   7.542013659269036e-05 
  4885.0   7.542554173209225e-05 
  4890.0   7.543011562851829e-05 
  4895.0   7.552324962094861e-05 
  4900.0   7.553252987388826e-05 
  4905.0   7.563726307423794e-05 
  4910.0   7.565845457650271e-05 
  4915.0   7.575820912231306e-05 
  4920.0   7.576971570425175e-05 
  4925.0   7.587595620065933e-05 
  4930.0   7.589479536900842e-05 
  4935.0    7.59188741485589e-05 
  4940.0   7.603043728773554e-05 
  4945.0   7.604564382845089e-05 
  4950.0   7.606083996926034e-05 
  4955.0   7.616108855794264e-05 
  4960.0    7.61737974295287e-05 
  4965.0   7.618604922553138e-05 
  4970.0   7.619829033531989e-05 
  4975.0   7.631061946748048e-05 
  4980.0   7.633535846897261e-05 
  4985.0   7.636157045966793e-05 
  4990.0   7.638777631953234e-05 
  4995.0   7.649260971620619e-05 
  5000.0    7.65097323085957e-05 
  5005.0    7.64299935787959e-05 
  5010.0   7.643798454534049e-05 
  5015.0   7.645200034920254e-05 
  5020.0   7.646600686413369e-05 
  5025.0   7.647752560964342e-05 
  5030.0   7.640121662652679e-05 
  5035.0   7.643205831627371e-05 
  5040.0   7.637586023339763e-05 
  5045.0   7.645465188501447e-05 
  5050.0    7.65297402867778e-05 
  5055.0   7.653974980249153e-05 
  5060.0   7.654607350916545e-05 
  5065.0    7.66491674224536e-05 
  5070.0   7.675316715516016e-05 
  5075.0   7.674886605750217e-05 
  5080.0   7.683229978223492e-05 
  5085.0   7.683713356551868e-05 
  5090.0   7.692915241664548e-05 
  5095.0   7.701221236668109e-05 
  5100.0   7.701117922714557e-05 
  5105.0   7.711106616316285e-05 
  5110.0   7.712657043911854e-05 
  5115.0   7.723983277092403e-05 
  5120.0   7.726430943507863e-05 
  5125.0   7.727067970933978e-05 
  5130.0   7.736505606128229e-05 
  5135.0    7.73826112373946e-05 
  5140.0   7.740015833590404e-05 
  5145.0    7.75077582992447e-05 
  5150.0   7.752729746371728e-05 
  5155.0   7.754885515493353e-05 
  5160.0   7.757040913478935e-05 
  5165.0   7.766344570327296e-05 
  5170.0   7.766832558972208e-05 
  5175.0   7.768224911342614e-05 
  5180.0   7.769616539399392e-05 
  5185.0   7.772064958774412e-05 
  5190.0   7.774512946954265e-05 
  5195.0   7.785294160632197e-05 
  5200.0   7.787250312233225e-05 
  5205.0   7.789555913988789e-05 
  5210.0   7.791861225496803e-05 
  5215.0   7.792463512374808e-05 
  5220.0   7.793064980813652e-05 
  5225.0   7.795247197014851e-05 
  5230.0   7.797429035842835e-05 
  5235.0   7.799008165969747e-05 
  5240.0    7.80058673869328e-05 
  5245.0   7.802740429820318e-05 
  5250.0   7.804893833166917e-05 
  5255.0   7.796310986862459e-05 
  5260.0   7.796576468037771e-05 
  5265.0   7.798231196540129e-05 
  5270.0   7.799885422957833e-05 
  5275.0   7.803765240361595e-05 
  5280.0   7.807645787788069e-05 
  5285.0   7.808830534629129e-05 
  5290.0   7.810014693436423e-05 
  5295.0   7.812889384571453e-05 
  5300.0   7.815764142481223e-05 
  5305.0    7.81815655913994e-05 
  5310.0   7.820548813853862e-05 
  5315.0   7.821371305132308e-05 
  5320.0   7.822193145840911e-05 
  5325.0    7.82302986201501e-05 
  5330.0   7.823865901937446e-05 
  5335.0   7.834508471825485e-05 
  5340.0   7.836269998416114e-05 
  5345.0   7.839793517540753e-05 
  5350.0   7.852210262977907e-05 
  5355.0   7.854233121563342e-05 
  5360.0   7.865152830297621e-05 
  5365.0   7.868239157270472e-05 
  5370.0   7.871325739410342e-05 
  5375.0   7.874482968615624e-05 
  5380.0   7.886551917295696e-05 
  5385.0   7.889187495094063e-05 
  5390.0   7.891913873189093e-05 
  5395.0   7.894002676896543e-05 
  5400.0   7.895697875945263e-05 
  5405.0   7.897976739429476e-05 
  5410.0   7.890949450128744e-05 
  5415.0   7.891808104888617e-05 
  5420.0   7.892768309884383e-05 
  5425.0    7.89624533296742e-05 
  5430.0   7.908659014266018e-05 
  5435.0   7.908763702611514e-05 
  5440.0   7.908764888707018e-05 
  5445.0   7.909253608061255e-05 
  5450.0   7.910121447475085e-05 
  5455.0   7.912314365790196e-05 
  5460.0   7.914901455187297e-05 
  5465.0   7.918697863499076e-05 
  5470.0   7.922403827972502e-05 
  5475.0   7.933543172499847e-05 
  5480.0   7.935730404392843e-05 
  5485.0   7.938342440996967e-05 
  5490.0   7.940954381658634e-05 
  5495.0   7.943835623557809e-05 
  5500.0   7.955686184537935e-05 
  5505.0   7.959320827178822e-05 
  5510.0   7.962956025226882e-05 
  5515.0   7.966511430025373e-05 
  5520.0   7.970067467971943e-05 
  5525.0   7.971004122631064e-05 
  5530.0   7.971939979362879e-05 
  5535.0   7.976518442838816e-05 
  5540.0   7.981098246583609e-05 
  5545.0   7.984655414020042e-05 
  5550.0   7.997218916565407e-05 
  5555.0   8.000083244324454e-05 
  5560.0    8.00294762730957e-05 
  5565.0   7.996691832594242e-05 
  5570.0   7.999448358461812e-05 
  5575.0   8.003213160458451e-05 
  5580.0   8.006978598080939e-05 
  5585.0   8.009937427231614e-05 
  5590.0   8.012896237139556e-05 
  5595.0   8.015388990705869e-05 
  5600.0   8.008842274406116e-05 
  5605.0   8.015348399440168e-05 
  5610.0   8.021858157918266e-05 
  5615.0   8.023033087406302e-05 
  5620.0   8.015150389412465e-05 
  5625.0   8.018679659370594e-05 
  5630.0   8.022209332721205e-05 
  5635.0    8.02640076983849e-05 
  5640.0   8.030593190879427e-05 
  5645.0   8.023977115355566e-05 
  5650.0    8.02643483595456e-05 
  5655.0   8.031859665900595e-05 
  5660.0   8.037286905085302e-05 
  5665.0   8.040417904608246e-05 
  5670.0    8.04354880182142e-05 
  5675.0   8.047863459671452e-05 
  5680.0   8.052179178155689e-05 
  5685.0   8.045980459791478e-05 
  5690.0   8.039775118509436e-05 
  5695.0   8.044854048237108e-05 
  5700.0   8.049934743221602e-05 
  5705.0   8.061880199065995e-05 
  5710.0   8.064698651702389e-05 
  5715.0   8.069234319134266e-05 
  5720.0   8.073771098434465e-05 
  5725.0   8.077564002178959e-05 
  5730.0   8.081357340291895e-05 
  5735.0   8.095540849710699e-05 
  5740.0   8.100573975480688e-05 
  5745.0   8.107547058651181e-05 
  5750.0   8.114524355407914e-05 
  5755.0   8.127720363808522e-05 
  5760.0   8.131737668241919e-05 
  5765.0   8.145603267810515e-05 
  5770.0   8.150281773462919e-05 
  5775.0   8.164265527843918e-05 
  5780.0   8.169051705341123e-05 
  5785.0   8.179927387117347e-05 
  5790.0   8.181592108968409e-05 
  5795.0   8.187211056788305e-05 
  5800.0   8.183615024676759e-05 
  5805.0   8.187565434741746e-05 
  5810.0   8.200730707705702e-05 
  5815.0   8.206620041052567e-05 
  5820.0   8.221739488325544e-05 
  5825.0   8.225627557583789e-05 
  5830.0   8.238752112832904e-05 
  5835.0   8.243413544796615e-05 
  5840.0   8.247981191673597e-05 
  5845.0   8.250255739466252e-05 
  5850.0   8.262192993903449e-05 
  5855.0   8.264969805980657e-05 
  5860.0   8.268142989377088e-05 
  5865.0   8.270375634826784e-05 
  5870.0   8.272499929876853e-05 
  5875.0   8.268681212988765e-05 
  5880.0   8.255576208669414e-05 
  5885.0   8.233610988521251e-05 
  5890.0   8.221099290827219e-05 
  5895.0   8.227822023939924e-05 
  5900.0   8.224439184843407e-05 
  5905.0   8.247822147446598e-05 
  5910.0   8.270418471681591e-05 
  5915.0   8.266834881832587e-05 
  5920.0   8.254115941574368e-05 
  5925.0   8.258506169394568e-05 
  5930.0   8.290906786305438e-05 
  5935.0   8.303554695666623e-05 
  5940.0   8.287974496844342e-05 
  5945.0   8.255867755414126e-05 
  5950.0   8.280659744068662e-05 
  5955.0   8.313663573479784e-05 
  5960.0    8.32878191098919e-05 
  5965.0   8.337949263301865e-05 
  5970.0   8.337531020718076e-05 
  5975.0   8.344726502098109e-05 
  5980.0   8.361331657507625e-05 
  5985.0   8.366151787426569e-05 
  5990.0   8.371178023016949e-05 
  5995.0   8.385100531297287e-05 
  6000.0    8.38878657829169e-05 
  6005.0   8.400594348303144e-05 
  6010.0   8.402153434305704e-05 
  6015.0   8.404819947634613e-05 
  6020.0   8.407691483303688e-05 
  6025.0   8.423015647603029e-05 
  6030.0    8.42890551032112e-05 
  6035.0   8.435095210981187e-05 
  6040.0    8.45064085636467e-05 
  6045.0   8.455565186371773e-05 
  6050.0   8.470371666687472e-05 
  6055.0   8.475267583856285e-05 
  6060.0   8.490073134784326e-05 
  6065.0   8.498301773261919e-05 
  6070.0   8.515942741262191e-05 
  6075.0   8.522329328016663e-05 
  6080.0   8.538237508430936e-05 
  6085.0   8.543676536873521e-05 
  6090.0   8.558648125244203e-05 
  6095.0   8.564743778634754e-05 
  6100.0   8.580386145692528e-05 
  6105.0   8.596029872539953e-05 
  6110.0   8.602131852472603e-05 
  6115.0   8.617693307188042e-05 
  6120.0   8.623699245543754e-05 
  6125.0   8.635271608265795e-05 
  6130.0   8.637271489183573e-05 
  6135.0   8.651945750974331e-05 
  6140.0   8.666632346627918e-05 
  6145.0   8.671822728214287e-05 
  6150.0   8.686613034199287e-05 
  6155.0   8.690855659698399e-05 
  6160.0    8.70470657056858e-05 
  6165.0   8.709324071539049e-05 
  6170.0   8.723560144458015e-05 
  6175.0   8.727927600542514e-05 
  6180.0   8.741923326398063e-05 
  6185.0   8.745894160797249e-05 
  6190.0   8.749864871428931e-05 
  6195.0   8.763970030598164e-05 
  6200.0   8.768439463051656e-05 
  6205.0    8.78063232440052e-05 
  6210.0   8.783178055233289e-05 
  6215.0    8.78940078997131e-05 
  6220.0   8.805291382119446e-05 
  6225.0    8.81124734318569e-05 
  6230.0   8.826884282744555e-05 
  6235.0    8.83042475496307e-05 
  6240.0   8.833862926342775e-05 
  6245.0   8.848545722160262e-05 
  6250.0   8.853984760705178e-05 
  6255.0   8.859322279756293e-05 
  6260.0   8.874797148262167e-05 
  6265.0   8.880703197776702e-05 
  6270.0   8.876773220475954e-05 
  6275.0   8.794820724988776e-05 
  6280.0   8.664084928385683e-05 
  6285.0   8.720786158296423e-05 
  6290.0   8.807056698315882e-05 
  6295.0   8.810072255200159e-05 
  6300.0   8.821983722509163e-05 
  6305.0   8.863435175832602e-05 
  6310.0   8.894272573597501e-05 
  6315.0   8.917061484009189e-05 
  6320.0   8.940082818649569e-05 
  6325.0   8.963530603263721e-05 
  6330.0   8.977216378064725e-05 
  6335.0   8.991048017985964e-05 
  6340.0   9.004771400472508e-05 
  6345.0   9.007108999158723e-05 
  6350.0   9.019671829004737e-05 
  6355.0     9.0222461113785e-05 
  6360.0   9.035068835757863e-05 
  6365.0   9.039949836898416e-05 
  6370.0   9.054537257291079e-05 
  6375.0   9.058670760368951e-05 
  6380.0   9.072623503201123e-05 
  6385.0   9.077189288134806e-05 
  6390.0   9.091584551903581e-05 
  6395.0   9.097820121671466e-05 
  6400.0   9.104057922542394e-05 
  6405.0    9.12112200872953e-05 
  6410.0   9.128347719562632e-05 
  6415.0   9.140276406904808e-05 
  6420.0   9.142346132346522e-05 
  6425.0   9.145152040587432e-05 
  6430.0   9.157825222906311e-05 
  6435.0     9.1604079391909e-05 
  6440.0   9.162989840083841e-05 
  6445.0   9.172908816398661e-05 
  6450.0   9.172951831413775e-05 
  6455.0   9.177171825288763e-05 
  6460.0   9.171509147193602e-05 
  6465.0   9.169300058745766e-05 
  6470.0   9.157179044130556e-05 
  6475.0   9.153852858999829e-05 
  6480.0   9.150515438056237e-05 
  6485.0   9.173745839821749e-05 
  6490.0   9.187168745442015e-05 
  6495.0     9.1896927743707e-05 
  6500.0   9.221572969302021e-05 
  6505.0   9.247531342097317e-05 
  6510.0   9.243238825423266e-05 
  6515.0    9.21613206218043e-05 
  6520.0   9.208983088570334e-05 
  6525.0   9.252669150121152e-05 
  6530.0    9.27650192293872e-05 
  6535.0   9.281482327535618e-05 
  6540.0    9.29632034291481e-05 
  6545.0    9.28806098132941e-05 
  6550.0   9.290210887749275e-05 
  6555.0   9.293956020905104e-05 
  6560.0   9.308124708074165e-05 
  6565.0   9.324087876651647e-05 
  6570.0   9.339961684319723e-05 
  6575.0    9.34473579267821e-05 
  6580.0   9.359510330050992e-05 
  6585.0   9.371916755230738e-05 
  6590.0   9.384327432437878e-05 
  6595.0   9.391080649467438e-05 
  6600.0    9.40785596959412e-05 
  6605.0   9.411945641180296e-05 
  6610.0   9.426063318163638e-05 
  6615.0   9.430557997218056e-05 
  6620.0   9.445090838688313e-05 
  6625.0   9.451492846136465e-05 
  6630.0   9.457897480736332e-05 
  6635.0   9.468163381222715e-05 
  6640.0   9.468486168126134e-05 
  6645.0   9.475713958557976e-05 
  6650.0   9.492532337662896e-05 
  6655.0   9.492473561212636e-05 
  6660.0   9.491994434438382e-05 
  6665.0    9.50559948186572e-05 
  6670.0    9.50924482885732e-05 
  6675.0   9.511509585558119e-05 
  6680.0    9.52381433971407e-05 
  6685.0   9.526279150233044e-05 
  6690.0   9.528659929996493e-05 
  6695.0   9.538966360684991e-05 
  6700.0    9.53964391522485e-05 
  6705.0   9.545748386442843e-05 
  6710.0   9.562412070559262e-05 
  6715.0   9.563837874037956e-05 
  6720.0   9.565155607348515e-05 
  6725.0   9.581199482409092e-05 
  6730.0   9.587145144710136e-05 
  6735.0   9.589342100716195e-05 
  6740.0    9.59153841257983e-05 
  6745.0   9.604725105028654e-05 
  6750.0   9.607794001994178e-05 
  6755.0    9.61165428607907e-05 
  6760.0    9.61551490313433e-05 
  6765.0   9.630092415178168e-05 
  6770.0   9.634538527163911e-05 
  6775.0   9.636197265337593e-05 
  6780.0   9.648000243234931e-05 
  6785.0   9.652892873037115e-05 
  6790.0   9.657786721649957e-05 
  6795.0   9.659838206882627e-05 
  6800.0    9.66188898762722e-05 
  6805.0   9.675147668591964e-05 
  6810.0   9.678246748047159e-05 
  6815.0   9.683205650213707e-05 
  6820.0   9.688165714642958e-05 
  6825.0   9.691758687059316e-05 
  6830.0   9.705536268141151e-05 
  6835.0   9.706651260096009e-05 
  6840.0   9.707873883336681e-05 
  6845.0   9.711120772831515e-05 
  6850.0    9.71390388106293e-05 
  6855.0    9.71448948397053e-05 
  6860.0   9.663617665256783e-05 
  6865.0   9.199944331493435e-05 
  6870.0   8.041884744347596e-05 
  6875.0   7.490543248053426e-05 
  6880.0   8.122989823767702e-05 
  6885.0   8.644175027906787e-05 
  6890.0   8.501912059007728e-05 
  6895.0   8.503634131314752e-05 
  6900.0     8.6997925909539e-05 
  6905.0   8.864031532253713e-05 
  6910.0    9.04916002041428e-05 
  6915.0   9.185941532380363e-05 
  6920.0   9.312512991731043e-05 
  6925.0   9.425684861815935e-05 
  6930.0    9.51842572033496e-05 
  6935.0    9.55257021624342e-05 
  6940.0   9.556043456143077e-05 
  6945.0   9.570441433824562e-05 
  6950.0   9.615569718014681e-05 
  6955.0   9.634527549529442e-05 
  6960.0   9.633004212525104e-05 
  6965.0    9.69756008737893e-05 
  6970.0   9.772399344461506e-05 
  6975.0   9.784824624379898e-05 
  6980.0    9.77675794646888e-05 
  6985.0   9.750466469284643e-05 
  6990.0   9.703632904599439e-05 
  6995.0   9.700622314793035e-05 
  7000.0   9.718113802715214e-05 
  7005.0   9.722353539206604e-05 
  7010.0   9.726594218131421e-05 
  7015.0   9.730942468331706e-05 
  7020.0   9.745560895879419e-05 
  7025.0   9.745498420772852e-05 
  7030.0    9.76597356293638e-05 
  7035.0    9.80813234531394e-05 
  7040.0   9.809213955598018e-05 
  7045.0   9.812547387334276e-05 
  7050.0   9.815881094637664e-05 
  7055.0   9.814642310314724e-05 
  7060.0   9.823678853830549e-05 
  7065.0   9.835636465388778e-05 
  7070.0   9.847597238272425e-05 
  7075.0   9.850664730559375e-05 
  7080.0   9.853732411769434e-05 
  7085.0    9.86414785102738e-05 
  7090.0   9.874562877664321e-05 
  7095.0   9.877980822170058e-05 
  7100.0   9.881399233273648e-05 
  7105.0    9.88060610342711e-05 
  7110.0   9.879812479908621e-05 
  7115.0   9.893072545805256e-05 
  7120.0    9.90633903810577e-05 
  7125.0   9.897400344765352e-05 
  7130.0   9.898758982630561e-05 
  7135.0   9.902941576758219e-05 
  7140.0   9.907235879154979e-05 
  7145.0   9.897525827061779e-05 
  7150.0   9.887338208501249e-05 
  7155.0   9.874790731148551e-05 
  7160.0   9.851468347582582e-05 
  7165.0   9.757546571710654e-05 
  7170.0   9.550427355014217e-05 
  7175.0   9.355478561897441e-05 
  7180.0   9.273842772798002e-05 
  7185.0   9.127786790376792e-05 
  7190.0   9.033288432058926e-05 
  7195.0   9.030812549762594e-05 
  7200.0   9.048859546212123e-05 
  7205.0   9.150964153426544e-05 
  7210.0   9.407121198378902e-05 
  7215.0   9.652140731653322e-05 
  7220.0    9.73280118694502e-05 
  7225.0    9.71179836818651e-05 
  7230.0   9.547060420576861e-05 
  7235.0    9.30008897044338e-05 
  7240.0   9.268615644974862e-05 
  7245.0   9.287814242384464e-05 
  7250.0   9.327975585057962e-05 
  7255.0   9.369535780631679e-05 
  7260.0   9.452607203751302e-05 
  7265.0   9.451793602876161e-05 
  7270.0   9.440612193433801e-05 
  7275.0   9.346948995498963e-05 
  7280.0   9.335380704652736e-05 
  7285.0   9.501561310755006e-05 
  7290.0   9.482970806201868e-05 
  7295.0   9.513899700476288e-05 
  7300.0   9.586344039702351e-05 
  7305.0   9.556589947277828e-05 
  7310.0   9.558084034316886e-05 
  7315.0   9.590825078398804e-05 
  7320.0   9.664573312348364e-05 
  7325.0   9.779836576654483e-05 
  7330.0   9.833483010848192e-05 
  7335.0   9.835790497518993e-05 
  7340.0   9.869031340952837e-05 
  7345.0   9.880359143509443e-05 
  7350.0   9.870669722091692e-05 
  7355.0   9.882196991235012e-05 
  7360.0   9.872678762852951e-05 
  7365.0   9.861424924099118e-05 
  7370.0   9.870847492465322e-05 
  7375.0   9.903367047790402e-05 
  7380.0   9.925611100103014e-05 
  7385.0    9.92413277536684e-05 
  7390.0   9.932936820850691e-05 
  7395.0   9.934686727242912e-05 
  7400.0   9.946722610494827e-05 
  7405.0   9.956485906324541e-05 
  7410.0   9.966247797950042e-05 
  7415.0   9.966735849095661e-05 
  7420.0    9.97750963549495e-05 
  7425.0   9.976258375275745e-05 
  7430.0   9.975006869689985e-05 
  7435.0   9.984206270621436e-05 
  7440.0   9.983121913801246e-05 
  7445.0   9.983890233200996e-05 
  7450.0   9.984658143976112e-05 
  7455.0    9.98483987475612e-05 
  7460.0   9.985021247741134e-05 
  7465.0   9.983505887976669e-05 
  7470.0   9.981990374224978e-05 
  7475.0   9.994177272595081e-05 
  7480.0   9.996083904455521e-05 
  7485.0   9.994673634515176e-05 
  7490.0   9.993263168930628e-05 
  7495.0   9.993493481639078e-05 
  7500.0   9.993723447252016e-05 
  7505.0   9.993320776493887e-05 
  7510.0  0.00010003198530971634 
  7515.0  0.00010002642584021977 
  7520.0   0.0001000208630220326 
  7525.0   0.0001000147835471139 
  7530.0   0.0001000087007626443 
  7535.0   0.0001001206434193105 
  7540.0  0.00010012867600377451 
  7545.0   0.0001001238719347641 
  7550.0  0.00010012388616972148 
  7555.0  0.00010012756556553838 
  7560.0  0.00010013606204797446 
  7565.0  0.00010015277020736026 
  7570.0  0.00010027119610746314 
  7575.0  0.00010027763148204455 
  7580.0  0.00010028406299095184 
  7585.0   9.987244430386672e-05 
  7590.0   9.524483281540431e-05 
  7595.0   7.674651434495932e-05 
  7600.0  4.9697602162168966e-05 
  7605.0  3.5289720219430285e-05 
  7610.0   3.682832742228257e-05 
  7615.0   5.143587347190058e-05 
  7620.0   6.676407036756041e-05 
  7625.0   6.459650713910208e-05 
  7630.0   5.636132798812234e-05 
  7635.0   5.645913575297805e-05 
  7640.0     6.1081476952842e-05 
  7645.0   6.662786929222761e-05 
  7650.0   7.320128962490895e-05 
  7655.0   7.905944020163853e-05 
  7660.0   8.368361655622578e-05 
  7665.0    8.76832268169012e-05 
  7670.0   9.188750347307426e-05 
  7675.0   9.466495484251506e-05 
  7680.0    9.62090890656941e-05 
  7685.0   9.722651517670027e-05 
  7690.0    9.79343248773134e-05 
  7695.0   9.855211528319983e-05 
  7700.0   9.938019868663434e-05 
  7705.0   9.990518339602822e-05 
  7710.0  0.00010012692837351647 
  7715.0  0.00010024257968955381 
  7720.0  0.00010025409138145383 
  7725.0  0.00010027711040471737 
  7730.0  0.00010030012982853495 
  7735.0  0.00010041121111142852 
  7740.0  0.00010042075490077785 
  7745.0  5.0219498560277224e-05 
  7770.0  1.1983349659957497e-14 
  7775.0  5.5238053035140545e-05 
  7780.0  0.00011046305027129897 
  7785.0  0.00013055433952541002 
  7790.0  0.00015064780768704228 
  7795.0  0.00017091403839439488 
  7800.0  0.00019102706860002182 
  7805.0   0.0001206328742913609 
  7810.0  5.0257112866264915e-05 
  7815.0   5.025881129897186e-05 
  7820.0  5.0260507978911895e-05 
  7825.0   7.538489882316624e-05 
  7830.0  0.00010050537830782798 
  7835.0   7.537449515333512e-05 
  7840.0   5.024663581136451e-05 
  7845.0   5.527035819815195e-05 
  7850.0  6.0293907541592183e-05 
  7855.0   9.546081622458801e-05 
  7860.0  0.00013062437775640098 
  7865.0  0.00015057810676205114 
  7870.0  0.00017066871378020629 
  7875.0  0.00011532506762912323 
  7880.0   6.016490010788625e-05 
  7885.0   9.516245499289852e-05 
  7890.0  0.00012995362993984053 
  7895.0  0.00017955243528619164 
  7900.0  0.00022941133920697062 
  7905.0   0.0002543364922565073 
  7910.0   0.0002792595074254866 
  7915.0  0.00041975630877331537 
  7920.0   0.0005596795386017119 
  7925.0    0.000529158570834207 
  7930.0   0.0004997267389255064 
  7935.0  0.00044612394410408716 
  7940.0  0.00039218316088270586 
  7945.0   0.0005027964497183745 
  7950.0   0.0006127814172021654 
  7955.0   0.0008220215389975633 
  7960.0   0.0010272052168046866 
  7965.0   0.0013137274192275932 
  7970.0   0.0016089991743946236 
  7975.0   0.0020699024234935547 
  7980.0    0.002528349268396411 
  7985.0    0.003335940119907069 
  7990.0   0.0041434939158798215 
  7995.0   0.0054186185095813485 
  8000.0    0.006680484054344753 
  8005.0    0.009310013821263634 
  8010.0    0.011952993811937465 
  8015.0    0.015846633687486254 
  8020.0    0.019761035161069855 
  8025.0    0.025105224005070252 
  8030.0    0.030449924950795588 
  8035.0     0.03923184490146217 
  8040.0    0.047980645551272516 
  8045.0      0.0580305737795348 
  8050.0     0.06822034120747815 
  8055.0     0.08037116140612119 
  8060.0      0.0923834551946518 
  8065.0     0.10631038654486757 
  8070.0     0.12023547500913442 
  8075.0      0.1335914194017706 
  8080.0       0.146948770850347 
  8085.0     0.16096186183795397 
  8090.0       0.174948228659892 
  8095.0     0.18977782160573206 
  8100.0      0.2047855023860225 
  8105.0     0.21853022727631544 
  8110.0      0.2318007615922545 
  8115.0     0.24622852188231834 
  8120.0      0.2608335891225494 
  8125.0     0.27628271484117206 
  8130.0      0.2895902884817178 
  8135.0     0.30107765688995497 
  8140.0     0.31507549507146915 
  8145.0     0.33418045802039936 
  8150.0      0.3505079017219903 
  8155.0     0.36884898874222494 
  8160.0     0.38707923629699925 
  8165.0      0.4104539325775214 
  8170.0     0.44320417059346506 
  8175.0     0.46980661528920353 
  8180.0     0.48661173623929865 
  8185.0      0.5207180743136013 
  8190.0      0.5538343842479865 
  8195.0      0.5854745208448737 
  8200.0       0.616522324326786 
  8205.0      0.6628836211338018 
  8210.0      0.7063704160823763 
  8215.0      0.7310542883974921 
  8220.0      0.7485423110344597 
  8225.0      0.7389585301066284 
  8230.0      0.7165621138427752 
  8235.0      0.7557352208665217 
  8240.0      0.8215365318614702 
  8245.0      0.8595310375512273 
  8250.0      0.8845057721745864 
  8255.0      0.8934698561579049 
  8260.0      0.9022928247277042 
  8265.0      0.9259153009380239 
  8270.0      0.9420093366677774 
  8275.0      0.9295040447782081 
  8280.0      0.9264627175802911 
  8285.0      0.9388711352983874 
  8290.0      0.9422546864209582 
  8295.0      0.9483573758917785 
  8300.0      0.9605629711654359 
  8305.0       0.963377264141278 
  8310.0      0.9733063616665201 
  8315.0      0.9701476853467347 
  8320.0      0.9558669322778633 
  8325.0      0.9694039884760306 
  8330.0      0.9860978744774289 
  8335.0      0.9785048071297887 
  8340.0      0.9739818985552474 
  8345.0      0.9854409328066727 
  8350.0      0.9918146511360052 
  8355.0      0.9888428572201702 
  8360.0      0.9878584071804319 
  8365.0      0.9900010665874284 
  8370.0      0.9921571494221565 
  8375.0      0.9896067842796472 
  8380.0      0.9860432233737152 
  8385.0      0.9883137631217693 
  8390.0      0.9895730226253683 
  8395.0      0.9914937413070956 
  8400.0      0.9944286850327181 
  8405.0       0.995505767626092 
  8410.0      0.9965761580913342 
  8415.0       0.996213625404264 
  8420.0      0.9958490404337488 
  8425.0      0.9984330930026434 
  8430.0                     1.0 
  8435.0      0.9909385106319812 
  8440.0      0.9838812353311099 
  8445.0      0.9863745352740022 
  8450.0      0.9899669504429772 
  8455.0      0.9903792831905118 
  8460.0      0.9898798179066661 
  8465.0      0.9881529583734828 
  8470.0      0.9884143963010239 
  8475.0       0.993771725032727 
  8480.0      0.9981115258765499 
  8485.0      0.9917726073126655 
  8490.0      0.9854567066789064 
  8495.0      0.9834133797266618 
  8500.0      0.9812763037196665 
  8505.0      0.9850568954380302 
  8510.0      0.9887385023574031 
  8515.0      0.9877551771206294 
  8520.0      0.9888051165186025 
  8525.0      0.9849076452811399 
  8530.0      0.9820122217078897 
  8535.0      0.9868132026830588 
  8540.0      0.9905794496083029 
  8545.0      0.9854790000583025 
  8550.0      0.9814762673226783 
  8555.0      0.9831816089018295 
  8560.0       0.984979602626785 
  8565.0      0.9827497229143014 
  8570.0      0.9804981709171965 
  8575.0      0.9805910423732636 
  8580.0      0.9816798422813682 
  8585.0      0.9854064409173653 
  8590.0      0.9891530261695187 
  8595.0      0.9862330517200556 
  8600.0       0.983219802346226 
  8605.0      0.9809087203191704 
  8610.0      0.9785055409935547 
  8615.0      0.9800785819179546 
  8620.0      0.9816705048728723 
  8625.0      0.9787307199746701 
  8630.0      0.9747984665360846 
  8635.0       0.979375381036876 
  8640.0      0.9839205002792248 
  8645.0      0.9824539076246969 
  8650.0      0.9810827029297068 
  8655.0      0.9799545581549175 
  8660.0      0.9789211594684623 
  8665.0      0.9789659501218191 
  8670.0      0.9789878029717799 
  8675.0      0.9793695449236205 
  8680.0       0.979750248224694 
  8685.0       0.976170975336678 
  8690.0      0.9726386642927106 
  8695.0      0.9690009272500011 
  8700.0      0.9661593786077661 
  8705.0      0.9683026566063834 
  8710.0      0.9702530056849251 
  8715.0      0.9712886034494612 
  8720.0      0.9723625412066832 
  8725.0      0.9705371497291049 
  8730.0      0.9687122630934581 
  8735.0      0.9678682990578922 
  8740.0      0.9669913654102905 
  8745.0      0.9635875835002102 
  8750.0      0.9603313099437417 
  8755.0      0.9599015579687604 
  8760.0      0.9596092551275542 
  8765.0      0.9620830738819048 
  8770.0       0.964519020577135 
  8775.0       0.959975346409769 
  8780.0      0.9554389213093853 
  8785.0      0.9551618009614675 
  8790.0       0.954861499375149 
  8795.0      0.9511451214505701 
  8800.0       0.947526866720017 
  8805.0      0.9531386379868034 
  8810.0      0.9588326720315692 
  8815.0      0.9529759638893502 
  8820.0      0.9461422595101514 
  8825.0      0.9475565028842821 
  8830.0      0.9480110654266196 
  8835.0      0.9487879968604469 
  8840.0      0.9495493652563549 
  8845.0      0.9460253286702813 
  8850.0      0.9425483015482814 
  8855.0      0.9404760985068294 
  8860.0      0.9384524318536633 
  8865.0       0.938533163457804 
  8870.0      0.9395552108096656 
  8875.0       0.940966573027118 
  8880.0      0.9414177881151526 
  8885.0      0.9421444064335244 
  8890.0      0.9448543150267541 
  8895.0       0.936714653806593 
  8900.0      0.9292319225974439 
  8905.0      0.9322011209555732 
  8910.0      0.9367327207891747 
  8915.0      0.9320484391345389 
  8920.0      0.9274511931492617 
  8925.0      0.9230923233622109 
  8930.0      0.9149977616220196 
  8935.0      0.9094137377155485 
  8940.0      0.9074890841519845 
  8945.0      0.9030535589849173 
  8950.0      0.8933728949395462 
  8955.0      0.8752140127450719 
  8960.0      0.8621789394838508 
  8965.0      0.8478062471854618 
  8970.0      0.8426209375854351 
  8975.0      0.8513620708563719 
  8980.0      0.8563637589202638 
  8985.0      0.8199903214062108 
  8990.0      0.7717847967845394 
  8995.0      0.7919749032642031 
  9000.0      0.8210000799947051 
  9005.0      0.8095363613828187 
  9010.0       0.811551984438192 
  9015.0       0.820674829270239 
  9020.0      0.8179527871779179 
  9025.0      0.8085179086409432 
  9030.0        0.81636286715263 
  9035.0      0.8433196816207578 
  9040.0      0.8591635959899442 
  9045.0      0.8553522581615183 
  9050.0      0.8507233338449663 
  9055.0      0.8469131070115952 
  9060.0      0.8387549046086268 
  9065.0      0.8192450992400709 
  9070.0      0.7978254610266544 
  9075.0       0.783760267954621 
  9080.0      0.7751041435756286 
  9085.0       0.774536910057796 
  9090.0      0.7721986288594402 
  9095.0      0.7723605588959338 
  9100.0      0.7707931989629099 
  9105.0      0.7563514068805592 
  9110.0      0.7588796772375196 
  9115.0      0.7537026207680455 
  9120.0      0.7345467378389474 
  9125.0      0.7360954823193221 
  9130.0      0.7071581570274741 
  9135.0      0.6726619700120982 
  9140.0      0.6789551438816191 
  9145.0      0.6945145114861985 
  9150.0      0.6757747447265683 
  9155.0      0.6299983572082617 
  9160.0      0.6307671577895967 
  9165.0      0.6581559074802671 
  9170.0      0.6516128514690251 
  9175.0      0.6154356966783547 
  9180.0      0.5937582976200454 
  9185.0      0.6041071029622638 
  9190.0      0.6146884587348052 
  9195.0      0.6036356279595421 
  9200.0      0.5873838459603439 
  9205.0      0.5765931525641604 
  9210.0       0.556582480806972 
  9215.0      0.5293583311149423 
  9220.0      0.5087155665801492 
  9225.0      0.4915476701265979 
  9230.0      0.4681101452795646 
  9235.0      0.4448678472764218 
  9240.0      0.4210628060646676 
  9245.0      0.3994696116721986 
  9250.0      0.3797447590564972 
  9255.0     0.36203412233986876 
  9260.0      0.3434255391900495 
  9265.0      0.3213898897737357 
  9270.0     0.30040218461213747 
  9275.0      0.2745640374639056 
  9280.0     0.24707303789156476 
  9285.0      0.2266725554455546 
  9290.0      0.2055263473123593 
  9295.0     0.18378523854484216 
  9300.0      0.1594355263988235 
  9305.0     0.13780282112426404 
  9310.0     0.11772895399309331 
  9315.0     0.09689418279503086 
  9320.0     0.07399028422638544 
  9325.0     0.06016115227440141 
  9330.0     0.04990333785529794 
  9335.0    0.040284210869247654 
  9340.0    0.028492392037832447 
  9345.0    0.022026961984494504 
  9350.0    0.019736131146451397 
  9355.0    0.016143646187760628 
  9360.0    0.011284458707235259 
  9365.0    0.009166764561170195 
  9370.0    0.006680041808781875 
  9375.0    0.005518368661467775 
  9380.0   0.0040976742975607295 
  9385.0   0.0033070634658488207 
  9390.0   0.0027631072300697604 
  9395.0    0.002508029479121744 
  9400.0   0.0018860791498498547 
  9405.0   0.0013889634858316182 
  9410.0    0.001005558469673528 
  9415.0   0.0008914269104304817 
  9420.0   0.0007353935966350766 
  9425.0   0.0005531841846964308 
  9430.0  0.00040726100283820435 
  9435.0   0.0003136526252963345 
  9440.0  0.00018396759035294033 
  9445.0   0.0001764555674891494 
  9450.0  0.00020127391630837067 
  9455.0  0.00016074771042122007 
  9460.0  0.00010895345150413185 
  9465.0   5.575161165607398e-05 
  9490.0   8.449670645956744e-15 
  9495.0   2.676388392184952e-05 
  9500.0   4.830159813594874e-05 
  9505.0   4.709469673723951e-05 
  9510.0   4.757158233757644e-05 
  9515.0  2.3310327920009928e-05 
  9530.0  3.4715380254002443e-15 
  9535.0  1.2188680027478134e-05 
  9540.0  2.4570884458334063e-05 
  9545.0  1.2048025519623702e-05 
  9580.0   2.261835458298693e-15 
  9585.0   7.261426726306962e-06 
  9590.0  1.3986975074142598e-05 
  9595.0   6.789079184315527e-06 
  9750.0   6.985344134148338e-15 
  9755.0  2.2707304017310863e-05 
  9760.0  4.4910396002415865e-05 
  9765.0    4.51117295834328e-05 
  9770.0  4.6199561589993986e-05 
  9775.0  4.6550917259701584e-05 
  9780.0   4.576665581133503e-05 
  9785.0   4.522501921584283e-05 
  9790.0   4.487988287339162e-05 
  9795.0  4.4368705387083284e-05 
  9800.0   4.438488465264741e-05 
  9805.0  4.4418759459462035e-05 
  9810.0   4.529462231927072e-05 
  9815.0  4.5375969394964236e-05 
  9820.0   4.484841080002242e-05 
  9825.0   4.419486737481756e-05 
  9830.0  4.3820618381685366e-05 
  9835.0   4.413832605320296e-05 
  9840.0   4.422241463047181e-05 
  9845.0   4.369588338038195e-05 
  9850.0   4.312339273822003e-05 
  9855.0  4.3064321668889536e-05 
  9860.0  4.3128381916751836e-05 
  9865.0    4.28744932843474e-05 
  9870.0   4.244816090364115e-05 
  9875.0   4.203411939061213e-05 
  9880.0  4.1791124592881226e-05 
  9885.0   4.164146666529943e-05 
  9890.0  4.1321470555024666e-05 
  9895.0   4.093181018291221e-05 
  9900.0    4.05041170642853e-05 
  9905.0   4.021484412397249e-05 
  9910.0  3.9967341125090346e-05 
  9915.0   3.966363739062967e-05 
  9920.0  3.9398960443074665e-05 
  9925.0   3.903623554239444e-05 
  9930.0   3.867423572040866e-05 
  9935.0   3.837824549849691e-05 
  9940.0   3.811980608955655e-05 
  9945.0   3.781286542350841e-05 
  9950.0   3.750752020024375e-05 
  9955.0   3.719619854823621e-05 
  9960.0   3.688660292482548e-05 
  9965.0   3.656417638892829e-05 
  9970.0   3.624141577064449e-05 
  9975.0   3.594247937324107e-05 
  9980.0  3.5643192738645476e-05 
  9985.0  3.5337731003825726e-05 
  9990.0  3.5032590864373236e-05 
  9995.0  3.4702896690649176e-05 
 10000.0   3.437175622990476e-05 
 10005.0  3.4113549670071365e-05 
 10010.0   3.378467418464697e-05 
 10015.0   3.341455522371439e-05 
 10020.0  3.3045921751377997e-05 
 10025.0   3.276010544281058e-05 
 10030.0  3.2539535605827364e-05 
 10035.0  3.2234698576850104e-05 
 10040.0  3.1930156041566605e-05 
 10045.0   3.163663563506917e-05 
 10050.0   3.134144203403333e-05 
 10055.0   3.101846494939037e-05 
 10060.0   3.069434591602829e-05 
 10065.0  3.0400421029745417e-05 
 10070.0  3.0137221881761062e-05 
 10075.0   2.981217717834057e-05 
 10080.0  2.9517467596477233e-05 
 10085.0  2.9169945015426953e-05 
 10090.0    2.88227955480255e-05 
 10095.0  2.8505014098356636e-05 
 10100.0  2.8247681771852426e-05 
 10105.0   2.801992323039384e-05 
 10110.0  2.7765627204859022e-05 
 10115.0  2.7477010947440564e-05 
 10120.0   2.716037576471572e-05 
 10125.0  2.6881924005544427e-05 
 10130.0  2.6630171274110485e-05 
 10135.0   2.634981299910543e-05 
 10140.0  2.6069683391921053e-05 
 10145.0  2.5785773397259444e-05 
 10150.0  2.5500654922174008e-05 
 10155.0  2.5234619365444426e-05 
 10160.0    2.49672031942167e-05 
 10165.0  2.4689655391333913e-05 
 10170.0  2.4412442125069133e-05 
 10175.0  2.4130910316414243e-05 
 10180.0  2.3849530677671154e-05 
 10185.0  2.3586101661996523e-05 
 10190.0   2.329903346434478e-05 
 10195.0  2.3034663082274855e-05 
 10200.0  2.2793295428570272e-05 
 10205.0  2.2524017781986092e-05 
 10210.0  2.2254874938941492e-05 
 10215.0  2.1996944120950697e-05 
 10220.0  2.1738882848710723e-05 
 10225.0  2.1478584677279644e-05 
 10230.0   2.119695527339238e-05 
 10235.0  2.0942526781108562e-05 
 10240.0   2.066751353713687e-05 
 10245.0   2.044099759822125e-05 
 10250.0  2.0212903235687435e-05 
 10255.0   1.986280722102213e-05 
 10260.0  1.9512012079545242e-05 
 10265.0    1.91655116069725e-05 
 10270.0  1.8819436835773518e-05 
 10275.0  1.8491667281723295e-05 
 10280.0  1.8163805610684383e-05 
 10285.0  1.7827443693895763e-05 
 10290.0  1.7491078680609143e-05 
 10295.0  1.7177829244385874e-05 
 10300.0   1.688324175287226e-05 
 10305.0  1.6569904824617338e-05 
 10310.0  1.6258158600532615e-05 
 10315.0  1.5958988204402157e-05 
 10320.0  1.5659523227839002e-05 
 10325.0  1.5370140047825364e-05 
 10330.0  1.5080479189626921e-05 
 10335.0  1.4792136314624202e-05 
 10340.0  1.4504088941553717e-05 
 10345.0   1.422635169372485e-05 
 10350.0  1.3947823288679411e-05 
 10355.0  1.3682270840144566e-05 
 10360.0  1.3415945319480036e-05 
 10365.0  1.3146033030545414e-05 
 10370.0   1.287652786217378e-05 
 10375.0  1.2620700779212557e-05 
 10380.0  1.2364803708046906e-05 
 10385.0  1.2118466406025368e-05 
 10390.0  1.1872126326615568e-05 
 10395.0  1.1620997408668528e-05 
 10400.0  1.1370070176066423e-05 
 10405.0   1.113537728447188e-05 
 10410.0  1.0900670328902765e-05 
 10415.0   1.066308573837586e-05 
 10420.0  1.0425614168407494e-05 
 10425.0   1.019930625064997e-05 
 10430.0   9.973111749079399e-06 
 10435.0   9.748951033783938e-06 
 10440.0   9.524922061473017e-06 
 10445.0   9.308453176115453e-06 
 10450.0   9.082579382495353e-06 
 10455.0   8.870040020423158e-06 
 10460.0   8.657089375755784e-06 
 10465.0   8.454645445777621e-06 
 10470.0   8.252389141060013e-06 
 10475.0   8.053635273559417e-06 
 10480.0   7.855056877801074e-06 
 10485.0   7.660707409980767e-06 
 10490.0   7.458698825258113e-06 
 10495.0   7.273627971071377e-06 
 10500.0   7.088983664149902e-06 
 10505.0   6.909950161398214e-06 
 10510.0   6.731288914428302e-06 
 10515.0   6.553183277794015e-06 
 10520.0   6.375010728724837e-06 
 10525.0   6.202299307422193e-06 
 10530.0   6.035997095466948e-06 
 10535.0   5.873765520060043e-06 
 10540.0   5.711591394831609e-06 
 10545.0   5.550705860123484e-06 
 10550.0   5.395572336098722e-06 
 10555.0   5.245547072558313e-06 
 10560.0   5.090377629726139e-06 
 10565.0   4.945160601169087e-06 
 10570.0   4.795146272747441e-06 
 10575.0    4.65699863067004e-06 
 10580.0   4.514255854215459e-06 
 10585.0   4.380635872302395e-06 
 10590.0  4.2470672706665375e-06 
 10595.0   4.120579783030028e-06 
 10600.0   3.998437549807511e-06 
 10605.0   3.877029519123683e-06 
 10610.0  3.7518028449677347e-06 
 10615.0  3.6343087797220565e-06 
 10620.0   3.516919102199772e-06 
 10625.0   3.409720781407734e-06 
 10630.0   3.306034895404185e-06 
 10635.0   3.200567554753435e-06 
 10640.0  3.0920024190091714e-06 
 10645.0  2.9967927204568562e-06 
 10650.0   2.901688518088598e-06 
 10655.0  2.8092340604676825e-06 
 10660.0  2.7167151003547292e-06 
 10665.0  2.6338386633680018e-06 
 10670.0  2.5509863188342008e-06 
 10675.0  2.4682159228096024e-06 
 10680.0   2.385465766538177e-06 
 10685.0   2.316027756459354e-06 
 10690.0   2.246464567308377e-06 
 10695.0   2.180223189282161e-06 
 10700.0  2.1161403798535365e-06 
 10705.0   2.051851283457583e-06 
 10710.0  1.9874429729947663e-06 
 10715.0    1.93181520626928e-06 
 10720.0  1.8762115440176237e-06 
 10725.0  1.8266437593402938e-06 
 10730.0  1.7788711409605762e-06 
 10735.0  1.7303155292094868e-06 
 10740.0  1.6799932648088495e-06 
 10745.0  1.6309812324998306e-06 
 10750.0   1.588666120590744e-06 
 10755.0  1.5488229789652584e-06 
 10760.0  1.5056938255116005e-06 
 10765.0  1.4610880583697826e-06 
 10770.0  1.4122136562026422e-06 
 10775.0   1.369446046564411e-06 
 10780.0  1.3336679267000818e-06 
 10785.0  1.2936072012610966e-06 
 10790.0   1.250761508076702e-06 
 10795.0  1.2115165662161318e-06 
 10800.0  1.1675155485082068e-06 
 10805.0  1.1251334693125924e-06 
 10810.0  1.0873806821280612e-06 
 10815.0   1.054221598721359e-06 
 10820.0   1.024199081906436e-06 
 10825.0   9.927897281905405e-07 
 10830.0   9.554528104544195e-07 
 10835.0   9.131299158006725e-07 
 10840.0   8.773579835222841e-07 
 10845.0   8.521774573025463e-07 
 10850.0   8.235547079944684e-07 
 10855.0   7.864837174043316e-07 
 10860.0   7.451892418205347e-07 
 10865.0   7.167093448085195e-07 
 10870.0   6.968748792456579e-07 
 10875.0   6.755787250731943e-07 
 10880.0   6.498622553030228e-07 
 10885.0   6.203837298061141e-07 
 10890.0   5.892771527016851e-07 
 10895.0   5.602771373609483e-07 
 10900.0   5.319884897593239e-07 
 10905.0   5.084753446871321e-07 
 10910.0    4.90612441834664e-07 
 10915.0   4.713165070102474e-07 
 10920.0   4.440460048285008e-07 
 10925.0   4.174457993899177e-07 
 10930.0  3.9792653234495966e-07 
 10935.0   3.802428740196796e-07 
 10940.0  3.5845935631281566e-07 
 10945.0  3.3905313094172883e-07 
 10950.0  3.2293909364040577e-07 
 10955.0   3.063494447435702e-07 
 10960.0   2.886091287042915e-07 
 10965.0   2.748336429122477e-07 
 10970.0  2.6052628739018043e-07 
 10975.0  2.4196914421326353e-07 
 10980.0   2.244141164827007e-07 
 10985.0   2.405758129226709e-07 
