# hst.nicmos.nicmos3.F150W
# photon
# HST NICMOS 3 F150W http://svo2.cab.inta-csic.es/theory/fps/index.php?id=HST/NICMOS3.F150W
10080.000000 5.76383e-05
10085.000000 8.30393e-05
10090.000000 6.33201e-05
10095.000000 8.7274e-05
10100.000000 8.3417e-05
10105.000000 8.07572e-05
10110.000000 7.2115e-05
10115.000000 0.000100576
10120.000000 9.43059e-05
10125.000000 0.00011068
10130.000000 0.00014336
10135.000000 0.000139497
10140.000000 0.000129695
10145.000000 0.000158596
10150.000000 0.000172124
10155.000000 0.000192542
10160.000000 0.000183958
10165.000000 0.000215753
10170.000000 0.000227445
10175.000000 0.000212248
10180.000000 0.000236383
10185.000000 0.000247574
10190.000000 0.000260585
10195.000000 0.000288224
10200.000000 0.000326461
10205.000000 0.000329619
10210.000000 0.000358595
10215.000000 0.000369522
10220.000000 0.000353009
10225.000000 0.000368842
10230.000000 0.000393565
10235.000000 0.000422601
10240.000000 0.000427098
10245.000000 0.000448216
10250.000000 0.000469144
10255.000000 0.000470515
10260.000000 0.000485866
10265.000000 0.000533808
10270.000000 0.000514633
10275.000000 0.000521341
10280.000000 0.000563432
10285.000000 0.000556462
10290.000000 0.000577744
10295.000000 0.000602347
10300.000000 0.000611383
10305.000000 0.000616329
10310.000000 0.00063722
10315.000000 0.000631398
10320.000000 0.000652247
10325.000000 0.000658156
10330.000000 0.000695473
10335.000000 0.000690522
10340.000000 0.000698515
10345.000000 0.000697844
10350.000000 0.000700239
10355.000000 0.000730454
10360.000000 0.000731609
10365.000000 0.000740275
10370.000000 0.00075011
10375.000000 0.000760829
10380.000000 0.000770194
10385.000000 0.000784136
10390.000000 0.000797524
10395.000000 0.000832985
10400.000000 0.000837318
10405.000000 0.000851212
10410.000000 0.000859237
10415.000000 0.000871686
10420.000000 0.000888802
10425.000000 0.000915261
10430.000000 0.000926551
10435.000000 0.000941254
10440.000000 0.000983703
10445.000000 0.00100954
10450.000000 0.00100375
10455.000000 0.00105435
10460.000000 0.00108488
10465.000000 0.00110351
10470.000000 0.00114496
10475.000000 0.00116717
10480.000000 0.00120912
10485.000000 0.00125797
10490.000000 0.00130819
10495.000000 0.00134451
10500.000000 0.00139742
10505.000000 0.00143737
10510.000000 0.00151656
10515.000000 0.00157881
10520.000000 0.00165267
10525.000000 0.0017268
10530.000000 0.00178968
10535.000000 0.00188156
10540.000000 0.001937
10545.000000 0.00204156
10550.000000 0.00214874
10555.000000 0.00226588
10560.000000 0.00237794
10565.000000 0.00250095
10570.000000 0.00262259
10575.000000 0.00276015
10580.000000 0.00289993
10585.000000 0.00307327
10590.000000 0.00323894
10595.000000 0.00340372
10600.000000 0.00361076
10605.000000 0.00377392
10610.000000 0.00398814
10615.000000 0.00420304
10620.000000 0.00442312
10625.000000 0.00461982
10630.000000 0.00486448
10635.000000 0.00511712
10640.000000 0.00533304
10645.000000 0.00558019
10650.000000 0.00582023
10655.000000 0.00607246
10660.000000 0.00630255
10665.000000 0.00652675
10670.000000 0.00674411
10675.000000 0.00697718
10680.000000 0.00718189
10685.000000 0.00739576
10690.000000 0.00759005
10695.000000 0.00777202
10700.000000 0.00795248
10705.000000 0.0081087
10710.000000 0.0082579
10715.000000 0.00841435
10720.000000 0.00853013
10725.000000 0.00868835
10730.000000 0.008804
10735.000000 0.00892542
10740.000000 0.00903704
10745.000000 0.00915761
10750.000000 0.00927553
10755.000000 0.00938976
10760.000000 0.00950656
10765.000000 0.00961847
10770.000000 0.00975226
10775.000000 0.00991926
10780.000000 0.0100469
10785.000000 0.0101886
10790.000000 0.0103587
10795.000000 0.0105341
10800.000000 0.0107181
10805.000000 0.0109306
10810.000000 0.0111636
10815.000000 0.0113923
10820.000000 0.0116324
10825.000000 0.0119396
10830.000000 0.0122321
10835.000000 0.0125589
10840.000000 0.0129397
10845.000000 0.0132966
10850.000000 0.0137293
10855.000000 0.0141537
10860.000000 0.0146191
10865.000000 0.0151648
10870.000000 0.0157474
10875.000000 0.0163723
10880.000000 0.0170227
10885.000000 0.0177067
10890.000000 0.0184619
10895.000000 0.0192913
10900.000000 0.0202145
10905.000000 0.0212002
10910.000000 0.0222311
10915.000000 0.0233366
10920.000000 0.0244873
10925.000000 0.0257878
10930.000000 0.0272317
10935.000000 0.0287534
10940.000000 0.0304101
10945.000000 0.0320924
10950.000000 0.0339234
10955.000000 0.0358635
10960.000000 0.0380179
10965.000000 0.0403469
10970.000000 0.0427444
10975.000000 0.0452307
10980.000000 0.0477911
10985.000000 0.0505933
10990.000000 0.0535402
10995.000000 0.056655
11000.000000 0.0598796
11005.000000 0.0630754
11010.000000 0.0662942
11015.000000 0.0696419
11020.000000 0.0729666
11025.000000 0.0763636
11030.000000 0.0798397
11035.000000 0.0830014
11040.000000 0.0860163
11045.000000 0.0889443
11050.000000 0.0917538
11055.000000 0.094367
11060.000000 0.0968312
11065.000000 0.0990475
11070.000000 0.100923
11075.000000 0.102583
11080.000000 0.104018
11085.000000 0.105279
11090.000000 0.106309
11095.000000 0.107168
11100.000000 0.107753
11105.000000 0.108245
11110.000000 0.108625
11115.000000 0.108824
11120.000000 0.108952
11125.000000 0.109057
11130.000000 0.109039
11135.000000 0.10899
11140.000000 0.108962
11145.000000 0.108874
11150.000000 0.10877
11155.000000 0.108742
11160.000000 0.108705
11165.000000 0.108654
11170.000000 0.108752
11175.000000 0.108783
11180.000000 0.10888
11185.000000 0.109064
11190.000000 0.109263
11195.000000 0.109491
11200.000000 0.109775
11205.000000 0.110098
11210.000000 0.110476
11215.000000 0.110905
11220.000000 0.111403
11225.000000 0.111889
11230.000000 0.112419
11235.000000 0.112986
11240.000000 0.113551
11245.000000 0.114231
11250.000000 0.114872
11255.000000 0.115483
11260.000000 0.116172
11265.000000 0.116823
11270.000000 0.117459
11275.000000 0.118129
11280.000000 0.118872
11285.000000 0.119491
11290.000000 0.120127
11295.000000 0.120746
11300.000000 0.121315
11305.000000 0.121918
11310.000000 0.122463
11315.000000 0.122993
11320.000000 0.123515
11325.000000 0.123954
11330.000000 0.124381
11335.000000 0.124792
11340.000000 0.125182
11345.000000 0.125519
11350.000000 0.125828
11355.000000 0.126104
11360.000000 0.126349
11365.000000 0.126579
11370.000000 0.126785
11375.000000 0.126921
11380.000000 0.127088
11385.000000 0.127221
11390.000000 0.127306
11395.000000 0.127412
11400.000000 0.127509
11405.000000 0.127561
11410.000000 0.127653
11415.000000 0.127713
11420.000000 0.127781
11425.000000 0.127907
11430.000000 0.127952
11435.000000 0.127985
11440.000000 0.128057
11445.000000 0.128162
11450.000000 0.128202
11455.000000 0.128297
11460.000000 0.128408
11465.000000 0.128498
11470.000000 0.12861
11475.000000 0.128788
11480.000000 0.12895
11485.000000 0.129113
11490.000000 0.129298
11495.000000 0.129487
11500.000000 0.129736
11505.000000 0.129944
11510.000000 0.130133
11515.000000 0.13035
11520.000000 0.130635
11525.000000 0.130858
11530.000000 0.131147
11535.000000 0.131492
11540.000000 0.131759
11545.000000 0.132097
11550.000000 0.132486
11555.000000 0.132819
11560.000000 0.133171
11565.000000 0.133611
11570.000000 0.133989
11575.000000 0.134348
11580.000000 0.134777
11585.000000 0.135161
11590.000000 0.135565
11595.000000 0.136032
11600.000000 0.136403
11605.000000 0.136831
11610.000000 0.137271
11615.000000 0.137653
11620.000000 0.138026
11625.000000 0.138488
11630.000000 0.138865
11635.000000 0.139186
11640.000000 0.139548
11645.000000 0.139853
11650.000000 0.140166
11655.000000 0.140484
11660.000000 0.140732
11665.000000 0.140963
11670.000000 0.141221
11675.000000 0.141395
11680.000000 0.141536
11685.000000 0.141749
11690.000000 0.141842
11695.000000 0.141946
11700.000000 0.142013
11705.000000 0.142093
11710.000000 0.142064
11715.000000 0.142076
11720.000000 0.142048
11725.000000 0.141948
11730.000000 0.141924
11735.000000 0.14182
11740.000000 0.141696
11745.000000 0.141593
11750.000000 0.141381
11755.000000 0.141262
11760.000000 0.141075
11765.000000 0.140889
11770.000000 0.140676
11775.000000 0.140475
11780.000000 0.14029
11785.000000 0.140019
11790.000000 0.139806
11795.000000 0.139542
11800.000000 0.139321
11805.000000 0.139101
11810.000000 0.138814
11815.000000 0.138528
11820.000000 0.138249
11825.000000 0.137992
11830.000000 0.137692
11835.000000 0.137503
11840.000000 0.137238
11845.000000 0.136933
11850.000000 0.136705
11855.000000 0.136472
11860.000000 0.136198
11865.000000 0.135996
11870.000000 0.135794
11875.000000 0.135515
11880.000000 0.135321
11885.000000 0.135094
11890.000000 0.134913
11895.000000 0.134725
11900.000000 0.134579
11905.000000 0.134384
11910.000000 0.134244
11915.000000 0.134089
11920.000000 0.133966
11925.000000 0.133869
11930.000000 0.133798
11935.000000 0.133719
11940.000000 0.133652
11945.000000 0.133633
11950.000000 0.133579
11955.000000 0.133595
11960.000000 0.133597
11965.000000 0.133623
11970.000000 0.133665
11975.000000 0.133751
11980.000000 0.133785
11985.000000 0.133913
11990.000000 0.134046
11995.000000 0.134159
12000.000000 0.134393
12005.000000 0.13451
12010.000000 0.134595
12015.000000 0.1347
12020.000000 0.134847
12025.000000 0.134965
12030.000000 0.135147
12035.000000 0.135329
12040.000000 0.135507
12045.000000 0.135729
12050.000000 0.135937
12055.000000 0.13617
12060.000000 0.136397
12065.000000 0.1367
12070.000000 0.136952
12075.000000 0.137214
12080.000000 0.137536
12085.000000 0.137795
12090.000000 0.138063
12095.000000 0.138388
12100.000000 0.138686
12105.000000 0.139002
12110.000000 0.139367
12115.000000 0.139654
12120.000000 0.140007
12125.000000 0.140309
12130.000000 0.140671
12135.000000 0.140982
12140.000000 0.141336
12145.000000 0.14167
12150.000000 0.141951
12155.000000 0.142336
12160.000000 0.142606
12165.000000 0.14289
12170.000000 0.143209
12175.000000 0.143488
12180.000000 0.143768
12185.000000 0.144038
12190.000000 0.144282
12195.000000 0.144533
12200.000000 0.144787
12205.000000 0.144948
12210.000000 0.145115
12215.000000 0.145309
12220.000000 0.145418
12225.000000 0.145574
12230.000000 0.145693
12235.000000 0.145795
12240.000000 0.145844
12245.000000 0.145908
12250.000000 0.145983
12255.000000 0.145981
12260.000000 0.146004
12265.000000 0.146001
12270.000000 0.145952
12275.000000 0.145949
12280.000000 0.145888
12285.000000 0.145747
12290.000000 0.145689
12295.000000 0.145547
12300.000000 0.145398
12305.000000 0.145285
12310.000000 0.145148
12315.000000 0.144908
12320.000000 0.14472
12325.000000 0.144465
12330.000000 0.144175
12335.000000 0.14391
12340.000000 0.143567
12345.000000 0.143221
12350.000000 0.142887
12355.000000 0.142465
12360.000000 0.142045
12365.000000 0.141607
12370.000000 0.141158
12375.000000 0.140655
12380.000000 0.140158
12385.000000 0.139636
12390.000000 0.139061
12395.000000 0.13852
12400.000000 0.137947
12405.000000 0.137312
12410.000000 0.136672
12415.000000 0.136037
12420.000000 0.135355
12425.000000 0.134779
12430.000000 0.134069
12435.000000 0.133412
12440.000000 0.132756
12445.000000 0.132103
12450.000000 0.131379
12455.000000 0.13071
12460.000000 0.130014
12465.000000 0.129295
12470.000000 0.128704
12475.000000 0.127975
12480.000000 0.127245
12485.000000 0.126605
12490.000000 0.125967
12495.000000 0.125306
12500.000000 0.124658
12505.000000 0.124027
12510.000000 0.123374
12515.000000 0.122729
12520.000000 0.122139
12525.000000 0.121496
12530.000000 0.120932
12535.000000 0.120384
12540.000000 0.119776
12545.000000 0.119217
12550.000000 0.11868
12555.000000 0.118148
12560.000000 0.117655
12565.000000 0.11716
12570.000000 0.116607
12575.000000 0.116135
12580.000000 0.115702
12585.000000 0.115236
12590.000000 0.114828
12595.000000 0.114464
12600.000000 0.114033
12605.000000 0.113688
12610.000000 0.113347
12615.000000 0.11301
12620.000000 0.112726
12625.000000 0.112473
12630.000000 0.112185
12635.000000 0.111956
12640.000000 0.111768
12645.000000 0.111551
12650.000000 0.111384
12655.000000 0.111271
12660.000000 0.111142
12665.000000 0.111038
12670.000000 0.110978
12675.000000 0.110907
12680.000000 0.110888
12685.000000 0.110878
12690.000000 0.110875
12695.000000 0.110894
12700.000000 0.110981
12705.000000 0.110999
12710.000000 0.11106
12715.000000 0.111178
12720.000000 0.111287
12725.000000 0.111388
12730.000000 0.111579
12735.000000 0.111715
12740.000000 0.111889
12745.000000 0.112083
12750.000000 0.112243
12755.000000 0.112461
12760.000000 0.112714
12765.000000 0.112931
12770.000000 0.113185
12775.000000 0.113441
12780.000000 0.113669
12785.000000 0.113956
12790.000000 0.114258
12795.000000 0.114552
12800.000000 0.114852
12805.000000 0.115221
12810.000000 0.11556
12815.000000 0.115862
12820.000000 0.116243
12825.000000 0.116606
12830.000000 0.116981
12835.000000 0.11737
12840.000000 0.117725
12845.000000 0.118109
12850.000000 0.118517
12855.000000 0.118882
12860.000000 0.119305
12865.000000 0.119703
12870.000000 0.120121
12875.000000 0.120463
12880.000000 0.120888
12885.000000 0.12128
12890.000000 0.121656
12895.000000 0.122103
12900.000000 0.122479
12905.000000 0.122839
12910.000000 0.12322
12915.000000 0.123559
12920.000000 0.123924
12925.000000 0.124283
12930.000000 0.124606
12935.000000 0.124909
12940.000000 0.125251
12945.000000 0.125523
12950.000000 0.125837
12955.000000 0.126154
12960.000000 0.12643
12965.000000 0.126684
12970.000000 0.126977
12975.000000 0.127208
12980.000000 0.127426
12985.000000 0.127736
12990.000000 0.127953
12995.000000 0.128119
13000.000000 0.128346
13005.000000 0.128688
13010.000000 0.128992
13015.000000 0.129384
13020.000000 0.129714
13025.000000 0.130025
13030.000000 0.130389
13035.000000 0.130712
13040.000000 0.131002
13045.000000 0.131374
13050.000000 0.131698
13055.000000 0.132007
13060.000000 0.132378
13065.000000 0.13264
13070.000000 0.132989
13075.000000 0.133293
13080.000000 0.133652
13085.000000 0.133981
13090.000000 0.134294
13095.000000 0.134634
13100.000000 0.13496
13105.000000 0.135255
13110.000000 0.135599
13115.000000 0.135892
13120.000000 0.136214
13125.000000 0.136566
13130.000000 0.136804
13135.000000 0.137126
13140.000000 0.137462
13145.000000 0.137758
13150.000000 0.138056
13155.000000 0.138385
13160.000000 0.138694
13165.000000 0.139006
13170.000000 0.13935
13175.000000 0.139633
13180.000000 0.140004
13185.000000 0.140376
13190.000000 0.140647
13195.000000 0.141003
13200.000000 0.14135
13205.000000 0.14171
13210.000000 0.142141
13215.000000 0.142563
13220.000000 0.142898
13225.000000 0.143325
13230.000000 0.143741
13235.000000 0.144127
13240.000000 0.144528
13245.000000 0.144969
13250.000000 0.145326
13255.000000 0.145736
13260.000000 0.146193
13265.000000 0.146604
13270.000000 0.147026
13275.000000 0.147469
13280.000000 0.147835
13285.000000 0.148257
13290.000000 0.148717
13295.000000 0.149096
13300.000000 0.149459
13305.000000 0.149873
13310.000000 0.150261
13315.000000 0.150605
13330.000000 0.151662
13335.000000 0.152037
13340.000000 0.152333
13345.000000 0.152632
13350.000000 0.152959
13355.000000 0.15326
13360.000000 0.153534
13365.000000 0.153858
13370.000000 0.154098
13375.000000 0.154337
13380.000000 0.154597
13385.000000 0.154773
13390.000000 0.155017
13395.000000 0.155219
13400.000000 0.155473
13405.000000 0.155644
13410.000000 0.15591
13415.000000 0.156075
13420.000000 0.156261
13425.000000 0.156487
13430.000000 0.156658
13435.000000 0.1568
13440.000000 0.157033
13445.000000 0.15713
13450.000000 0.157292
13455.000000 0.157426
13460.000000 0.157568
13465.000000 0.157704
13470.000000 0.157831
13475.000000 0.15794
13480.000000 0.158083
13485.000000 0.158217
13490.000000 0.158336
13495.000000 0.158457
13500.000000 0.158543
13505.000000 0.158691
13510.000000 0.158716
13515.000000 0.158814
13520.000000 0.15892
13525.000000 0.158971
13530.000000 0.159047
13535.000000 0.159147
13540.000000 0.159158
13545.000000 0.159271
13550.000000 0.159348
13555.000000 0.159332
13560.000000 0.159419
13565.000000 0.159514
13570.000000 0.159558
13575.000000 0.159652
13580.000000 0.159697
13585.000000 0.159722
13590.000000 0.159839
13595.000000 0.159916
13600.000000 0.159928
13605.000000 0.160047
13610.000000 0.160107
13615.000000 0.160182
13620.000000 0.160166
13625.000000 0.160287
13630.000000 0.160366
13635.000000 0.160459
13640.000000 0.160532
13645.000000 0.160602
13650.000000 0.160754
13655.000000 0.160848
13660.000000 0.160948
13665.000000 0.161067
13670.000000 0.161219
13675.000000 0.161229
13680.000000 0.161359
13685.000000 0.161518
13690.000000 0.161586
13695.000000 0.161641
13700.000000 0.161767
13705.000000 0.16177
13710.000000 0.161918
13715.000000 0.162019
13720.000000 0.162012
13725.000000 0.162044
13730.000000 0.162077
13735.000000 0.162139
13740.000000 0.162192
13745.000000 0.162179
13750.000000 0.162192
13755.000000 0.162201
13760.000000 0.162232
13765.000000 0.162189
13770.000000 0.162279
13775.000000 0.162245
13780.000000 0.162334
13785.000000 0.162435
13790.000000 0.162492
13795.000000 0.162573
13800.000000 0.162738
13805.000000 0.162794
13810.000000 0.162863
13815.000000 0.162946
13820.000000 0.163125
13825.000000 0.163203
13830.000000 0.163344
13835.000000 0.163513
13840.000000 0.163692
13845.000000 0.163902
13850.000000 0.164073
13855.000000 0.164303
13860.000000 0.164454
13865.000000 0.164758
13870.000000 0.164911
13875.000000 0.165222
13880.000000 0.165455
13885.000000 0.165747
13890.000000 0.165951
13895.000000 0.166266
13900.000000 0.166482
13905.000000 0.166784
13910.000000 0.16704
13915.000000 0.167341
13920.000000 0.167614
13925.000000 0.167931
13930.000000 0.168196
13935.000000 0.168435
13940.000000 0.168778
13945.000000 0.169051
13950.000000 0.169316
13955.000000 0.169698
13960.000000 0.169911
13965.000000 0.170195
13970.000000 0.170514
13975.000000 0.170694
13980.000000 0.170944
13985.000000 0.171245
13990.000000 0.171458
13995.000000 0.17173
14000.000000 0.172044
14005.000000 0.172283
14010.000000 0.172499
14015.000000 0.17273
14020.000000 0.172917
14025.000000 0.17313
14030.000000 0.173377
14035.000000 0.173579
14040.000000 0.173815
14045.000000 0.174091
14050.000000 0.174292
14055.000000 0.174519
14060.000000 0.174779
14065.000000 0.175057
14070.000000 0.175274
14075.000000 0.175525
14080.000000 0.175804
14085.000000 0.176024
14090.000000 0.176323
14095.000000 0.176588
14100.000000 0.176826
14105.000000 0.177074
14110.000000 0.177329
14115.000000 0.177521
14120.000000 0.17785
14125.000000 0.178062
14130.000000 0.17825
14135.000000 0.178503
14140.000000 0.178747
14145.000000 0.178919
14150.000000 0.179127
14155.000000 0.179368
14160.000000 0.179546
14165.000000 0.179777
14170.000000 0.179977
14175.000000 0.180094
14180.000000 0.180302
14185.000000 0.180542
14190.000000 0.180704
14195.000000 0.180787
14200.000000 0.181031
14205.000000 0.181114
14210.000000 0.181203
14215.000000 0.181431
14220.000000 0.181541
14225.000000 0.181647
14230.000000 0.181772
14235.000000 0.181804
14240.000000 0.18193
14245.000000 0.18206
14250.000000 0.182119
14255.000000 0.182229
14260.000000 0.182293
14265.000000 0.182284
14270.000000 0.182365
14275.000000 0.182423
14280.000000 0.182401
14285.000000 0.182376
14290.000000 0.182404
14295.000000 0.182309
14300.000000 0.182276
14305.000000 0.182276
14310.000000 0.18214
14315.000000 0.182057
14320.000000 0.182005
14325.000000 0.181866
14330.000000 0.181758
14335.000000 0.18157
14340.000000 0.181459
14345.000000 0.181083
14350.000000 0.180983
14355.000000 0.180745
14360.000000 0.18047
14365.000000 0.180339
14370.000000 0.18
14375.000000 0.179732
14380.000000 0.179462
14385.000000 0.179139
14390.000000 0.178863
14395.000000 0.178558
14400.000000 0.178221
14405.000000 0.177832
14410.000000 0.177528
14415.000000 0.177258
14420.000000 0.17686
14425.000000 0.176614
14430.000000 0.176229
14435.000000 0.175891
14440.000000 0.175514
14445.000000 0.175163
14450.000000 0.174836
14455.000000 0.174526
14460.000000 0.17417
14465.000000 0.17388
14470.000000 0.173357
14475.000000 0.173075
14480.000000 0.172821
14485.000000 0.172519
14490.000000 0.172229
14495.000000 0.171867
14500.000000 0.171576
14505.000000 0.171237
14510.000000 0.17097
14515.000000 0.170704
14520.000000 0.170396
14525.000000 0.170172
14530.000000 0.16993
14535.000000 0.169576
14540.000000 0.169357
14545.000000 0.16916
14550.000000 0.168918
14555.000000 0.168674
14560.000000 0.168543
14565.000000 0.168346
14570.000000 0.16807
14575.000000 0.167968
14580.000000 0.167774
14585.000000 0.167646
14590.000000 0.167515
14595.000000 0.167352
14600.000000 0.16725
14605.000000 0.167125
14610.000000 0.167059
14615.000000 0.16698
14620.000000 0.166918
14625.000000 0.166884
14630.000000 0.166808
14635.000000 0.166845
14640.000000 0.166867
14645.000000 0.16686
14650.000000 0.166925
14655.000000 0.166947
14660.000000 0.167046
14665.000000 0.167163
14670.000000 0.167319
14675.000000 0.167388
14680.000000 0.167605
14685.000000 0.167762
14690.000000 0.167917
14695.000000 0.168185
14700.000000 0.168409
14705.000000 0.168604
14710.000000 0.168979
14715.000000 0.169309
14720.000000 0.169607
14725.000000 0.169915
14730.000000 0.170296
14735.000000 0.170669
14740.000000 0.171011
14745.000000 0.171412
14750.000000 0.171812
14755.000000 0.172241
14760.000000 0.172622
14765.000000 0.173083
14770.000000 0.173545
14775.000000 0.173985
14780.000000 0.174397
14785.000000 0.174883
14790.000000 0.175489
14795.000000 0.175935
14800.000000 0.176441
14805.000000 0.176916
14810.000000 0.177346
14815.000000 0.177872
14820.000000 0.178418
14825.000000 0.1789
14830.000000 0.179443
14835.000000 0.179929
14840.000000 0.180423
14845.000000 0.180998
14850.000000 0.181523
14855.000000 0.182128
14860.000000 0.182639
14865.000000 0.183228
14870.000000 0.183762
14875.000000 0.184284
14880.000000 0.184887
14885.000000 0.185409
14890.000000 0.185968
14895.000000 0.186468
14900.000000 0.186954
14905.000000 0.187488
14910.000000 0.187993
14915.000000 0.188575
14920.000000 0.189082
14925.000000 0.189552
14930.000000 0.190008
14935.000000 0.190527
14940.000000 0.190904
14945.000000 0.191409
14950.000000 0.191783
14955.000000 0.192245
14960.000000 0.192507
14965.000000 0.192936
14970.000000 0.193281
14975.000000 0.193629
14980.000000 0.193996
14985.000000 0.194268
14990.000000 0.194577
14995.000000 0.194828
15000.000000 0.195099
15005.000000 0.195268
15010.000000 0.195429
15015.000000 0.195657
15020.000000 0.195811
15025.000000 0.195892
15030.000000 0.19598
15035.000000 0.196086
15040.000000 0.196177
15045.000000 0.196253
15050.000000 0.196267
15055.000000 0.196308
15060.000000 0.196343
15065.000000 0.19633
15070.000000 0.196356
15075.000000 0.196308
15080.000000 0.196239
15085.000000 0.196237
15090.000000 0.196261
15095.000000 0.196092
15100.000000 0.195973
15105.000000 0.195912
15110.000000 0.195841
15115.000000 0.195736
15120.000000 0.195619
15125.000000 0.195434
15130.000000 0.19531
15135.000000 0.195199
15140.000000 0.194978
15145.000000 0.194846
15150.000000 0.194657
15155.000000 0.194471
15160.000000 0.194247
15165.000000 0.194136
15170.000000 0.193807
15175.000000 0.193647
15180.000000 0.193433
15185.000000 0.193245
15190.000000 0.192971
15195.000000 0.192732
15200.000000 0.192465
15205.000000 0.192241
15210.000000 0.192077
15215.000000 0.191912
15220.000000 0.191672
15225.000000 0.191437
15230.000000 0.191262
15235.000000 0.190967
15240.000000 0.190829
15245.000000 0.190714
15250.000000 0.190475
15255.000000 0.190282
15260.000000 0.190117
15265.000000 0.189884
15270.000000 0.189796
15275.000000 0.189658
15280.000000 0.189475
15285.000000 0.189338
15290.000000 0.189203
15295.000000 0.189086
15300.000000 0.188925
15305.000000 0.188827
15310.000000 0.188639
15315.000000 0.188493
15320.000000 0.18836
15325.000000 0.188206
15330.000000 0.18806
15335.000000 0.187941
15340.000000 0.187833
15345.000000 0.187726
15350.000000 0.187623
15355.000000 0.187494
15360.000000 0.187388
15365.000000 0.187329
15370.000000 0.18723
15375.000000 0.187123
15380.000000 0.187094
15385.000000 0.187004
15390.000000 0.186976
15395.000000 0.186939
15400.000000 0.186832
15405.000000 0.186922
15410.000000 0.186961
15415.000000 0.187013
15420.000000 0.187076
15425.000000 0.187166
15430.000000 0.187207
15435.000000 0.187303
15440.000000 0.18741
15445.000000 0.187548
15450.000000 0.187607
15455.000000 0.187752
15460.000000 0.187888
15465.000000 0.18806
15470.000000 0.188239
15475.000000 0.188308
15480.000000 0.188505
15485.000000 0.18864
15490.000000 0.188768
15495.000000 0.188936
15500.000000 0.189109
15505.000000 0.189239
15510.000000 0.189316
15515.000000 0.189504
15520.000000 0.189547
15525.000000 0.189698
15530.000000 0.189802
15535.000000 0.189946
15540.000000 0.190081
15545.000000 0.190155
15550.000000 0.190263
15555.000000 0.190423
15560.000000 0.190555
15565.000000 0.190604
15570.000000 0.190725
15575.000000 0.190928
15580.000000 0.190941
15585.000000 0.191084
15590.000000 0.191272
15595.000000 0.191321
15600.000000 0.191445
15605.000000 0.191611
15610.000000 0.191782
15615.000000 0.19191
15620.000000 0.192114
15625.000000 0.192289
15630.000000 0.192393
15635.000000 0.192566
15640.000000 0.192735
15645.000000 0.192868
15650.000000 0.193046
15655.000000 0.193212
15660.000000 0.193323
15665.000000 0.193501
15670.000000 0.1937
15675.000000 0.193846
15680.000000 0.194023
15685.000000 0.194166
15690.000000 0.194358
15695.000000 0.194472
15700.000000 0.19462
15705.000000 0.194717
15710.000000 0.194893
15715.000000 0.19505
15720.000000 0.195126
15725.000000 0.19524
15730.000000 0.195365
15735.000000 0.195557
15740.000000 0.195627
15745.000000 0.195727
15750.000000 0.195869
15755.000000 0.195974
15760.000000 0.196147
15765.000000 0.196247
15770.000000 0.19637
15775.000000 0.196496
15780.000000 0.196597
15785.000000 0.196679
15790.000000 0.196751
15795.000000 0.196871
15800.000000 0.196955
15805.000000 0.197019
15810.000000 0.197064
15815.000000 0.197128
15820.000000 0.197236
15825.000000 0.197292
15830.000000 0.19736
15835.000000 0.197432
15840.000000 0.19751
15845.000000 0.197561
15850.000000 0.197671
15855.000000 0.19771
15860.000000 0.197789
15865.000000 0.197841
15870.000000 0.197961
15875.000000 0.197975
15880.000000 0.198109
15885.000000 0.198255
15890.000000 0.198362
15895.000000 0.198457
15900.000000 0.198548
15905.000000 0.198705
15910.000000 0.198883
15915.000000 0.199079
15920.000000 0.199188
15925.000000 0.199383
15930.000000 0.199513
15935.000000 0.19969
15940.000000 0.199863
15945.000000 0.200078
15950.000000 0.200214
15955.000000 0.200408
15960.000000 0.200566
15965.000000 0.200766
15970.000000 0.200956
15975.000000 0.201152
15980.000000 0.201312
15985.000000 0.201506
15990.000000 0.20173
15995.000000 0.201928
16000.000000 0.202121
16005.000000 0.202405
16010.000000 0.202687
16015.000000 0.202967
16020.000000 0.203301
16025.000000 0.20363
16030.000000 0.203929
16035.000000 0.204226
16040.000000 0.20447
16045.000000 0.204891
16050.000000 0.20516
16055.000000 0.205552
16060.000000 0.205848
16065.000000 0.206152
16070.000000 0.20648
16075.000000 0.206822
16080.000000 0.207139
16085.000000 0.207514
16090.000000 0.207833
16095.000000 0.208213
16100.000000 0.208503
16105.000000 0.208889
16110.000000 0.209296
16115.000000 0.209628
16120.000000 0.210038
16125.000000 0.210497
16130.000000 0.210798
16135.000000 0.211138
16140.000000 0.211471
16145.000000 0.211869
16150.000000 0.212204
16155.000000 0.212594
16160.000000 0.212953
16165.000000 0.21337
16170.000000 0.213666
16175.000000 0.214035
16180.000000 0.214365
16185.000000 0.214769
16190.000000 0.21514
16195.000000 0.215504
16200.000000 0.215812
16205.000000 0.216106
16210.000000 0.216538
16215.000000 0.216766
16220.000000 0.217121
16225.000000 0.217383
16230.000000 0.21762
16235.000000 0.217974
16240.000000 0.218254
16245.000000 0.218552
16250.000000 0.218899
16255.000000 0.219115
16260.000000 0.219395
16265.000000 0.219565
16270.000000 0.219895
16275.000000 0.220185
16280.000000 0.220448
16285.000000 0.220675
16290.000000 0.22098
16295.000000 0.221224
16300.000000 0.221457
16305.000000 0.221662
16310.000000 0.221925
16315.000000 0.222164
16320.000000 0.222404
16325.000000 0.222649
16330.000000 0.222816
16335.000000 0.22301
16340.000000 0.223268
16345.000000 0.223456
16350.000000 0.223656
16355.000000 0.223864
16360.000000 0.223971
16365.000000 0.224104
16370.000000 0.224404
16375.000000 0.224517
16380.000000 0.224684
16385.000000 0.224852
16390.000000 0.225007
16395.000000 0.225173
16400.000000 0.225247
16405.000000 0.225409
16410.000000 0.225556
16415.000000 0.225786
16420.000000 0.225761
16425.000000 0.226014
16430.000000 0.226114
16435.000000 0.226229
16440.000000 0.226376
16445.000000 0.226515
16450.000000 0.226639
16455.000000 0.226726
16460.000000 0.226905
16465.000000 0.226986
16470.000000 0.227153
16475.000000 0.227201
16480.000000 0.22734
16485.000000 0.227444
16490.000000 0.227524
16495.000000 0.227681
16500.000000 0.227731
16505.000000 0.227858
16510.000000 0.22789
16515.000000 0.228027
16520.000000 0.228154
16525.000000 0.228131
16530.000000 0.228277
16535.000000 0.228368
16540.000000 0.228518
16545.000000 0.228528
16550.000000 0.228553
16555.000000 0.22865
16560.000000 0.228743
16565.000000 0.228755
16570.000000 0.228939
16575.000000 0.228976
16580.000000 0.229031
16585.000000 0.229116
16590.000000 0.229171
16595.000000 0.229258
16600.000000 0.229284
16605.000000 0.229466
16610.000000 0.229492
16615.000000 0.229716
16620.000000 0.229815
16625.000000 0.22993
16630.000000 0.230037
16635.000000 0.230187
16640.000000 0.230339
16645.000000 0.230413
16650.000000 0.230577
16655.000000 0.230761
16660.000000 0.230904
16665.000000 0.231021
16670.000000 0.231122
16675.000000 0.23127
16680.000000 0.231509
16685.000000 0.231542
16690.000000 0.231719
16695.000000 0.231885
16700.000000 0.231993
16705.000000 0.232151
16710.000000 0.232298
16715.000000 0.232379
16720.000000 0.232622
16725.000000 0.232726
16730.000000 0.232911
16735.000000 0.23306
16740.000000 0.233215
16745.000000 0.233328
16750.000000 0.233434
16755.000000 0.233593
16760.000000 0.233784
16765.000000 0.233928
16770.000000 0.234181
16775.000000 0.234213
16780.000000 0.234449
16785.000000 0.234654
16790.000000 0.234816
16795.000000 0.234916
16800.000000 0.235142
16805.000000 0.235405
16810.000000 0.235597
16815.000000 0.235761
16820.000000 0.235962
16825.000000 0.236213
16830.000000 0.236371
16835.000000 0.236578
16840.000000 0.236819
16845.000000 0.236997
16850.000000 0.237239
16855.000000 0.237566
16860.000000 0.237631
16865.000000 0.237816
16870.000000 0.238151
16875.000000 0.238325
16880.000000 0.23862
16885.000000 0.238767
16890.000000 0.238922
16895.000000 0.239187
16900.000000 0.239311
16905.000000 0.239489
16910.000000 0.239683
16915.000000 0.239837
16920.000000 0.240035
16925.000000 0.240179
16930.000000 0.240409
16935.000000 0.240599
16940.000000 0.240754
16945.000000 0.240933
16950.000000 0.241097
16955.000000 0.241273
16960.000000 0.241488
16965.000000 0.24162
16970.000000 0.241857
16975.000000 0.242057
16980.000000 0.242095
16985.000000 0.242351
16990.000000 0.24252
16995.000000 0.242715
17000.000000 0.242908
17005.000000 0.24299
17010.000000 0.242872
17015.000000 0.242953
17020.000000 0.242975
17025.000000 0.242868
17030.000000 0.242882
17035.000000 0.242851
17040.000000 0.242846
17045.000000 0.242808
17050.000000 0.242869
17055.000000 0.242736
17060.000000 0.242727
17065.000000 0.24273
17070.000000 0.242733
17075.000000 0.24265
17080.000000 0.242691
17085.000000 0.242654
17090.000000 0.242592
17095.000000 0.242605
17100.000000 0.242552
17105.000000 0.242575
17110.000000 0.242664
17115.000000 0.242683
17120.000000 0.242715
17125.000000 0.242808
17130.000000 0.242797
17135.000000 0.24285
17140.000000 0.242903
17145.000000 0.243019
17150.000000 0.242992
17155.000000 0.243125
17160.000000 0.243126
17165.000000 0.243161
17170.000000 0.243267
17175.000000 0.24333
17180.000000 0.243383
17185.000000 0.243476
17190.000000 0.243545
17195.000000 0.243563
17200.000000 0.24365
17205.000000 0.243775
17210.000000 0.243885
17215.000000 0.244013
17220.000000 0.244069
17225.000000 0.244184
17230.000000 0.244259
17235.000000 0.244408
17240.000000 0.244478
17245.000000 0.244606
17250.000000 0.244747
17255.000000 0.244805
17260.000000 0.244981
17265.000000 0.245053
17270.000000 0.245053
17275.000000 0.245187
17280.000000 0.245253
17285.000000 0.24534
17290.000000 0.245515
17295.000000 0.245577
17300.000000 0.245705
17305.000000 0.245737
17310.000000 0.245695
17315.000000 0.245782
17320.000000 0.245784
17325.000000 0.245947
17330.000000 0.245878
17335.000000 0.245924
17340.000000 0.246094
17345.000000 0.246126
17350.000000 0.246082
17355.000000 0.246212
17360.000000 0.246195
17365.000000 0.246182
17370.000000 0.246409
17375.000000 0.246485
17380.000000 0.246599
17385.000000 0.246681
17390.000000 0.246697
17395.000000 0.246699
17400.000000 0.246858
17405.000000 0.246944
17410.000000 0.24706
17415.000000 0.24718
17420.000000 0.247334
17425.000000 0.247374
17430.000000 0.247463
17435.000000 0.247684
17440.000000 0.247773
17445.000000 0.247893
17450.000000 0.247938
17455.000000 0.248166
17460.000000 0.248214
17465.000000 0.248257
17470.000000 0.248436
17475.000000 0.248544
17480.000000 0.248546
17485.000000 0.24871
17490.000000 0.248652
17495.000000 0.248773
17500.000000 0.24882
17505.000000 0.248978
17510.000000 0.248984
17515.000000 0.248915
17520.000000 0.248939
17525.000000 0.249034
17530.000000 0.248962
17535.000000 0.249008
17540.000000 0.24911
17545.000000 0.249147
17550.000000 0.249106
17555.000000 0.249121
17560.000000 0.249059
17565.000000 0.249141
17570.000000 0.249136
17575.000000 0.249218
17580.000000 0.249118
17585.000000 0.249127
17590.000000 0.249148
17595.000000 0.249191
17600.000000 0.249183
17605.000000 0.249198
17610.000000 0.249364
17615.000000 0.249278
17620.000000 0.24932
17625.000000 0.24944
17630.000000 0.249502
17635.000000 0.249646
17640.000000 0.249613
17645.000000 0.249584
17650.000000 0.249609
17655.000000 0.249616
17660.000000 0.249617
17665.000000 0.249657
17670.000000 0.24959
17675.000000 0.249735
17680.000000 0.249571
17685.000000 0.249713
17690.000000 0.249611
17695.000000 0.249558
17700.000000 0.249539
17705.000000 0.249363
17710.000000 0.24928
17715.000000 0.249237
17720.000000 0.249224
17725.000000 0.249149
17730.000000 0.248985
17735.000000 0.248949
17740.000000 0.248826
17745.000000 0.248784
17750.000000 0.248568
17755.000000 0.248478
17760.000000 0.24846
17765.000000 0.248304
17770.000000 0.248114
17775.000000 0.247928
17780.000000 0.247898
17785.000000 0.247729
17790.000000 0.247699
17795.000000 0.247514
17800.000000 0.247341
17805.000000 0.247236
17810.000000 0.247027
17815.000000 0.246823
17820.000000 0.246706
17825.000000 0.246642
17830.000000 0.24636
17835.000000 0.246102
17840.000000 0.246049
17845.000000 0.24587
17850.000000 0.245638
17855.000000 0.245481
17860.000000 0.245217
17865.000000 0.24497
17870.000000 0.24481
17875.000000 0.244515
17880.000000 0.244322
17885.000000 0.244112
17890.000000 0.243791
17895.000000 0.243599
17900.000000 0.243313
17905.000000 0.243075
17910.000000 0.242656
17915.000000 0.242442
17920.000000 0.242074
17925.000000 0.241902
17930.000000 0.241644
17935.000000 0.241266
17940.000000 0.240927
17945.000000 0.240599
17950.000000 0.240207
17955.000000 0.239931
17960.000000 0.23952
17965.000000 0.239225
17970.000000 0.238966
17975.000000 0.238577
17980.000000 0.23812
17985.000000 0.237792
17990.000000 0.237571
17995.000000 0.237092
18000.000000 0.236782
18005.000000 0.236317
18010.000000 0.235786
18015.000000 0.235305
18020.000000 0.234938
18025.000000 0.234484
18030.000000 0.233908
18035.000000 0.23351
18040.000000 0.233034
18045.000000 0.232405
18050.000000 0.231872
18055.000000 0.231409
18060.000000 0.230865
18065.000000 0.230454
18070.000000 0.22993
18075.000000 0.229422
18080.000000 0.228779
18085.000000 0.228235
18090.000000 0.227689
18095.000000 0.227258
18100.000000 0.226635
18105.000000 0.225967
18110.000000 0.225479
18115.000000 0.224862
18120.000000 0.224355
18125.000000 0.223863
18130.000000 0.223318
18135.000000 0.22265
18140.000000 0.222138
18145.000000 0.221527
18150.000000 0.220915
18155.000000 0.220256
18160.000000 0.219848
18165.000000 0.21931
18170.000000 0.218715
18175.000000 0.218171
18180.000000 0.217533
18185.000000 0.217046
18190.000000 0.216468
18195.000000 0.215823
18200.000000 0.215303
18205.000000 0.214606
18210.000000 0.213987
18215.000000 0.213327
18220.000000 0.212703
18225.000000 0.21207
18230.000000 0.211388
18235.000000 0.210626
18240.000000 0.210063
18245.000000 0.209616
18250.000000 0.208883
18255.000000 0.2083
18260.000000 0.207721
18265.000000 0.207028
18270.000000 0.206256
18275.000000 0.205607
18280.000000 0.204985
18285.000000 0.204543
18290.000000 0.203845
18295.000000 0.203243
18300.000000 0.202541
18305.000000 0.202103
18310.000000 0.201566
18315.000000 0.200977
18320.000000 0.200408
18325.000000 0.199835
18330.000000 0.199215
18335.000000 0.198752
18340.000000 0.198385
18345.000000 0.197902
18350.000000 0.197498
18355.000000 0.196925
18360.000000 0.196514
18365.000000 0.196098
18370.000000 0.195586
18375.000000 0.195089
18380.000000 0.194653
18385.000000 0.194147
18390.000000 0.193729
18395.000000 0.193496
18400.000000 0.193044
18405.000000 0.192614
18410.000000 0.192075
18415.000000 0.191799
18420.000000 0.19132
18425.000000 0.191047
18430.000000 0.190825
18435.000000 0.190524
18440.000000 0.190319
18445.000000 0.190137
18450.000000 0.189809
18455.000000 0.18964
18460.000000 0.189459
18465.000000 0.189109
18470.000000 0.1888
18475.000000 0.18882
18480.000000 0.188641
18485.000000 0.188304
18490.000000 0.188272
18495.000000 0.188125
18500.000000 0.187953
18505.000000 0.187886
18510.000000 0.187814
18515.000000 0.187803
18520.000000 0.18784
18525.000000 0.187809
18530.000000 0.187941
18535.000000 0.187988
18540.000000 0.188013
18545.000000 0.188018
18550.000000 0.188153
18555.000000 0.188428
18560.000000 0.188432
18565.000000 0.188638
18570.000000 0.188811
18575.000000 0.189036
18580.000000 0.189261
18585.000000 0.18962
18590.000000 0.189865
18595.000000 0.190248
18600.000000 0.190643
18605.000000 0.191082
18610.000000 0.191532
18615.000000 0.191905
18620.000000 0.192212
18625.000000 0.192724
18630.000000 0.193159
18635.000000 0.193713
18640.000000 0.194249
18645.000000 0.194985
18650.000000 0.195563
18655.000000 0.196073
18660.000000 0.196647
18665.000000 0.197233
18670.000000 0.198052
18675.000000 0.198804
18680.000000 0.199802
18685.000000 0.200534
18690.000000 0.201248
18695.000000 0.201833
18700.000000 0.202855
18705.000000 0.203644
18710.000000 0.204562
18715.000000 0.205498
18720.000000 0.206364
18725.000000 0.207261
18730.000000 0.208269
18735.000000 0.209358
18740.000000 0.210265
18745.000000 0.211207
18750.000000 0.21195
18755.000000 0.212813
18760.000000 0.213843
18765.000000 0.214876
18770.000000 0.215891
18775.000000 0.216876
18780.000000 0.217811
18785.000000 0.218599
18790.000000 0.219491
18795.000000 0.220356
18800.000000 0.221204
18805.000000 0.221952
18810.000000 0.222609
18815.000000 0.223205
18820.000000 0.224081
18825.000000 0.224476
18830.000000 0.224921
18835.000000 0.225339
18840.000000 0.22573
18845.000000 0.225921
18850.000000 0.226002
18855.000000 0.226113
18860.000000 0.225905
18865.000000 0.2257
18870.000000 0.225305
18875.000000 0.224873
18880.000000 0.224405
18885.000000 0.223565
18890.000000 0.222611
18895.000000 0.221507
18900.000000 0.220157
18905.000000 0.218747
18910.000000 0.217167
18915.000000 0.215504
18920.000000 0.213712
18925.000000 0.211481
18930.000000 0.209252
18935.000000 0.206653
18940.000000 0.204266
18945.000000 0.201582
18950.000000 0.198813
18955.000000 0.196003
18960.000000 0.192793
18965.000000 0.189749
18970.000000 0.186781
18975.000000 0.183479
18980.000000 0.179963
18985.000000 0.176064
18990.000000 0.171892
18995.000000 0.167641
19000.000000 0.163642
19005.000000 0.159973
19010.000000 0.156437
19015.000000 0.15296
19020.000000 0.149111
19025.000000 0.145181
19030.000000 0.141412
19035.000000 0.137789
19040.000000 0.134195
19045.000000 0.130542
19050.000000 0.12664
19055.000000 0.122267
19060.000000 0.11823
19065.000000 0.114547
19070.000000 0.111099
19075.000000 0.107755
19080.000000 0.104617
19085.000000 0.101225
19090.000000 0.0981782
19095.000000 0.0951757
19100.000000 0.09195
19105.000000 0.0889637
19110.000000 0.0861205
19115.000000 0.0832474
19120.000000 0.080472
19125.000000 0.077733
19130.000000 0.0751338
19135.000000 0.0723122
19140.000000 0.0698246
19145.000000 0.0674363
19150.000000 0.0650405
19155.000000 0.0628704
19160.000000 0.0607464
19165.000000 0.058822
19170.000000 0.0568297
19175.000000 0.05493
19180.000000 0.0531187
19185.000000 0.0515204
19190.000000 0.0497983
19195.000000 0.0478954
19200.000000 0.0461703
19205.000000 0.0444427
19210.000000 0.0427144
19215.000000 0.0412916
19220.000000 0.0401989
19225.000000 0.0389325
19230.000000 0.0376323
19235.000000 0.0364307
19240.000000 0.0350866
19245.000000 0.0338049
19250.000000 0.0328384
19255.000000 0.0318023
19260.000000 0.0307915
19265.000000 0.0299517
19270.000000 0.0286651
19275.000000 0.0277162
19280.000000 0.027045
19285.000000 0.0259405
19290.000000 0.0251904
19295.000000 0.0243714
19300.000000 0.0236357
19305.000000 0.0228388
19310.000000 0.0222538
19315.000000 0.0214009
19320.000000 0.020692
19325.000000 0.0201784
19330.000000 0.0195341
19335.000000 0.0189424
19340.000000 0.0183486
19345.000000 0.0177909
19350.000000 0.0173071
19355.000000 0.0167695
19360.000000 0.016225
19365.000000 0.0159544
19370.000000 0.0153477
19375.000000 0.0148591
19380.000000 0.014519
19385.000000 0.0141166
19390.000000 0.0136028
19395.000000 0.0132627
19400.000000 0.0127938
19405.000000 0.0123806
19410.000000 0.012118
19415.000000 0.0119127
19420.000000 0.0115113
19425.000000 0.0111953
19430.000000 0.0109453
19435.000000 0.0105661
19440.000000 0.0102953
19445.000000 0.00999148
19450.000000 0.00974977
19455.000000 0.00950982
19460.000000 0.00924384
19465.000000 0.00897632
19470.000000 0.0087659
19475.000000 0.00848059
19480.000000 0.00838062
19485.000000 0.00805554
19490.000000 0.00787673
19495.000000 0.00767965
19500.000000 0.007412
19505.000000 0.00733134
19510.000000 0.00706805
19515.000000 0.00697309
19520.000000 0.00688409
19525.000000 0.00658099
19530.000000 0.00644621
19535.000000 0.00628204
19540.000000 0.00612611
19545.000000 0.00592267
19550.000000 0.00579905
19555.000000 0.00562906
19560.000000 0.00559299
19565.000000 0.00536076
19570.000000 0.00528197
19575.000000 0.00525466
19580.000000 0.00506494
19585.000000 0.00494807
19590.000000 0.00477356
19595.000000 0.00459123
19600.000000 0.00459727
19605.000000 0.00446499
19610.000000 0.00434705
19615.000000 0.00425459
19620.000000 0.00428862
19625.000000 0.00408308
19630.000000 0.00403297
19635.000000 0.0038708
19640.000000 0.00371629
19645.000000 0.00366874
19650.000000 0.00369495
19655.000000 0.00349467
19660.000000 0.00348134
19665.000000 0.00341869
19670.000000 0.00335993
19675.000000 0.00341657
19680.000000 0.00318091
19685.000000 0.0030821
19690.000000 0.00311606
19695.000000 0.00294004
19700.000000 0.00278007
19705.000000 0.00290566
19710.000000 0.00284256
19715.000000 0.00269677
19720.000000 0.00262672
19725.000000 0.00266335
19730.000000 0.00257131
19735.000000 0.00254934
19740.000000 0.00241667
19745.000000 0.00236736
19750.000000 0.00240761
19755.000000 0.00233949
19760.000000 0.0021749
19765.000000 0.0023529
19770.000000 0.00210573
19775.000000 0.00220115
19780.000000 0.00214235
19785.000000 0.00204993
19790.000000 0.00201923
19795.000000 0.00190737
19800.000000 0.00208868
19805.000000 0.00191862
19810.000000 0.0017511
19815.000000 0.00174128
19820.000000 0.00177098
19825.000000 0.00172007
19830.000000 0.00174869
19835.000000 0.00189806
19840.000000 0.00166492
19845.000000 0.0017232
19850.000000 0.00156157
19855.000000 0.0015741
19860.000000 0.00165983
19865.000000 0.00150667
19870.000000 0.00156349
19875.000000 0.00145406
19880.000000 0.00126085
19885.000000 0.00147642
19890.000000 0.001264
19895.000000 0.00118313
19900.000000 0.00130711
19905.000000 0.00129858
19910.000000 0.00127405
19915.000000 0.00136898
19920.000000 0.00119153
19925.000000 0.00122147
19930.000000 0.00107288
19935.000000 0.00114938
19940.000000 0.00111367
19945.000000 0.00102101
19950.000000 0.000984503
19955.000000 0.000957322
19960.000000 0.00115988
19965.000000 0.000950771
19970.000000 0.000943103
19975.000000 0.000896755
19980.000000 0.000974656
19985.000000 0.0010145
19990.000000 0.000833472
19995.000000 0.000854779
20000.000000 0.000848218
20005.000000 0.000865733
20010.000000 0.000870334
20015.000000 0.000870201
20020.000000 0.000767804
20025.000000 0.000724403
20030.000000 0.000786694
20035.000000 0.00065529
20040.000000 0.000672122
20045.000000 0.000603204
20050.000000 0.000641097
20055.000000 0.000669474
20060.000000 0.000649114
20065.000000 0.000607528
20070.000000 0.000645385
20075.000000 0.000536483
20080.000000 0.000565159
20085.000000 0.000657953
20090.000000 0.000511899
20095.000000 0.000492382
20100.000000 0.000440187
20105.000000 0.000441369
20110.000000 0.000572889
20115.000000 0.000499699
20120.000000 0.00052863
20125.000000 0.000426887
20130.000000 0.000465364
20135.000000 0.000372104
20140.000000 0.000325805
20145.000000 0.000402437
20150.000000 0.000279344
20155.000000 0.000289503
20160.000000 0.000355507
20165.000000 0.00032727
20170.000000 0.000330047
20175.000000 0.000301786
20180.000000 0.000234503
20190.000000 0.000175412
20195.000000 0.000206796
20200.000000 0.00035346
20205.000000 0.000178259
20210.000000 0.000306215
20215.000000 0.000414325
20220.000000 0.000199038
20225.000000 0.000268449
20230.000000 0.000199764
20235.000000 0.000178837
20240.000000 8.15343e-05
20245.000000 0.000270985
20250.000000 0.000120079
20255.000000 0.000211946
20260.000000 0.000182175
