# hst.nicmos.nicmos3.F175W
# photon
# HST NICMOS 3 F175W http://svo2.cab.inta-csic.es/theory/fps/index.php?id=HST/NICMOS3.F175W
11320.000000 7.54668e-05
11325.000000 7.16637e-05
11330.000000 8.84643e-05
11335.000000 8.30264e-05
11340.000000 8.42501e-05
11345.000000 7.4372e-05
11350.000000 9.0808e-05
11355.000000 8.63732e-05
11360.000000 8.02924e-05
11365.000000 0.000108823
11370.000000 0.000108349
11375.000000 0.000112448
11380.000000 0.000108142
11385.000000 0.000121188
11390.000000 0.000130225
11395.000000 0.000128671
11400.000000 0.000130325
11405.000000 0.000118963
11410.000000 0.000125725
11415.000000 0.000135586
11420.000000 0.000145288
11425.000000 0.000145396
11430.000000 0.000145633
11435.000000 0.000151057
11440.000000 0.000163509
11445.000000 0.000162058
11450.000000 0.000167217
11455.000000 0.000180503
11460.000000 0.000181346
11465.000000 0.000192029
11470.000000 0.000192735
11475.000000 0.000206283
11480.000000 0.000201708
11485.000000 0.000210376
11490.000000 0.000214075
11495.000000 0.000217911
11500.000000 0.000256732
11505.000000 0.00024651
11510.000000 0.000230066
11515.000000 0.000262373
11520.000000 0.000273977
11525.000000 0.000274762
11530.000000 0.000282778
11535.000000 0.000288438
11540.000000 0.000297339
11545.000000 0.000299564
11550.000000 0.000325513
11555.000000 0.000330509
11560.000000 0.000338884
11565.000000 0.000350392
11570.000000 0.000370183
11575.000000 0.000380073
11580.000000 0.000398821
11585.000000 0.000408085
11590.000000 0.000432127
11595.000000 0.000436327
11600.000000 0.000456705
11605.000000 0.000479838
11610.000000 0.000501576
11615.000000 0.000514033
11620.000000 0.000542232
11625.000000 0.000556637
11630.000000 0.000593655
11635.000000 0.00062211
11640.000000 0.00064393
11645.000000 0.000665789
11650.000000 0.000709026
11655.000000 0.00073195
11660.000000 0.000780232
11665.000000 0.000810412
11670.000000 0.000864642
11675.000000 0.000905678
11680.000000 0.00095278
11685.000000 0.000992226
11690.000000 0.00106064
11695.000000 0.00112014
11700.000000 0.00117446
11705.000000 0.00124462
11710.000000 0.00130463
11715.000000 0.00137601
11720.000000 0.00144846
11725.000000 0.00152789
11730.000000 0.00161238
11735.000000 0.00171165
11740.000000 0.00179382
11745.000000 0.0018973
11750.000000 0.00199642
11755.000000 0.00208683
11760.000000 0.00221314
11765.000000 0.00233735
11770.000000 0.00246724
11775.000000 0.00259696
11780.000000 0.00272371
11785.000000 0.00284946
11790.000000 0.00300663
11795.000000 0.00315607
11800.000000 0.00331987
11805.000000 0.0034723
11810.000000 0.00363728
11815.000000 0.00382522
11820.000000 0.00399798
11825.000000 0.00419801
11830.000000 0.00439403
11835.000000 0.00460121
11840.000000 0.00483215
11845.000000 0.00506713
11850.000000 0.00530928
11855.000000 0.00556308
11860.000000 0.00583632
11865.000000 0.006127
11870.000000 0.00641099
11875.000000 0.00675482
11880.000000 0.00708297
11885.000000 0.00746954
11890.000000 0.00787329
11895.000000 0.00829992
11900.000000 0.00875807
11905.000000 0.00923242
11910.000000 0.00976206
11915.000000 0.0103603
11920.000000 0.0109864
11925.000000 0.0116803
11930.000000 0.0124332
11935.000000 0.0132067
11940.000000 0.0140598
11945.000000 0.0150061
11950.000000 0.0160736
11955.000000 0.0172182
11960.000000 0.018493
11965.000000 0.0198265
11970.000000 0.0212851
11975.000000 0.022864
11980.000000 0.0246594
11985.000000 0.0266471
11990.000000 0.0288597
11995.000000 0.0309395
12000.000000 0.0334047
12005.000000 0.03601
12010.000000 0.0388274
12015.000000 0.0419661
12020.000000 0.0454478
12025.000000 0.0488972
12030.000000 0.0525677
12035.000000 0.0562437
12040.000000 0.0602431
12045.000000 0.0644742
12050.000000 0.0690263
12055.000000 0.0735329
12060.000000 0.0778577
12065.000000 0.0822161
12070.000000 0.0864506
12075.000000 0.090881
12080.000000 0.0953303
12085.000000 0.0993462
12090.000000 0.103166
12095.000000 0.106687
12100.000000 0.110038
12105.000000 0.113238
12110.000000 0.116403
12115.000000 0.119252
12120.000000 0.121633
12125.000000 0.123944
12130.000000 0.125912
12135.000000 0.127747
12140.000000 0.129559
12145.000000 0.131228
12150.000000 0.132684
12155.000000 0.133896
12160.000000 0.135117
12165.000000 0.136158
12170.000000 0.137158
12175.000000 0.138046
12180.000000 0.138894
12185.000000 0.139562
12190.000000 0.140094
12195.000000 0.140583
12200.000000 0.140985
12205.000000 0.141221
12210.000000 0.141375
12215.000000 0.141341
12220.000000 0.141232
12225.000000 0.140986
12230.000000 0.140637
12235.000000 0.140165
12240.000000 0.139516
12245.000000 0.138854
12250.000000 0.138047
12255.000000 0.137193
12260.000000 0.136186
12265.000000 0.135199
12270.000000 0.134046
12275.000000 0.13287
12280.000000 0.131811
12285.000000 0.130458
12290.000000 0.129408
12295.000000 0.128237
12300.000000 0.127047
12305.000000 0.125918
12310.000000 0.1249
12315.000000 0.123948
12320.000000 0.122992
12325.000000 0.122077
12330.000000 0.121258
12335.000000 0.120434
12340.000000 0.119879
12345.000000 0.11932
12350.000000 0.118877
12355.000000 0.11848
12360.000000 0.118185
12365.000000 0.117963
12370.000000 0.11787
12375.000000 0.117839
12380.000000 0.117927
12385.000000 0.11807
12390.000000 0.118311
12395.000000 0.118661
12400.000000 0.119078
12405.000000 0.119515
12410.000000 0.120087
12415.000000 0.12068
12420.000000 0.121353
12425.000000 0.122129
12430.000000 0.122937
12435.000000 0.123769
12440.000000 0.124615
12445.000000 0.125523
12450.000000 0.126461
12455.000000 0.127451
12460.000000 0.128414
12465.000000 0.129362
12470.000000 0.130287
12475.000000 0.131263
12480.000000 0.132137
12485.000000 0.133081
12490.000000 0.133922
12495.000000 0.13473
12500.000000 0.135513
12505.000000 0.136203
12510.000000 0.136849
12515.000000 0.137442
12520.000000 0.138037
12525.000000 0.138494
12530.000000 0.138921
12535.000000 0.139264
12540.000000 0.139549
12545.000000 0.139798
12550.000000 0.139991
12555.000000 0.140118
12560.000000 0.140176
12565.000000 0.140231
12570.000000 0.140231
12575.000000 0.140197
12580.000000 0.140151
12585.000000 0.140029
12590.000000 0.139923
12595.000000 0.139812
12600.000000 0.139678
12605.000000 0.139509
12610.000000 0.139393
12615.000000 0.139227
12620.000000 0.139074
12625.000000 0.138891
12630.000000 0.138766
12635.000000 0.138653
12640.000000 0.1385
12645.000000 0.138382
12650.000000 0.138291
12655.000000 0.138199
12660.000000 0.138139
12665.000000 0.138055
12670.000000 0.137989
12675.000000 0.137926
12680.000000 0.137864
12685.000000 0.137837
12690.000000 0.137848
12695.000000 0.137814
12700.000000 0.137766
12705.000000 0.137744
12710.000000 0.13767
12715.000000 0.137644
12720.000000 0.137598
12725.000000 0.137576
12730.000000 0.137559
12735.000000 0.137498
12740.000000 0.137433
12745.000000 0.137391
12750.000000 0.137327
12755.000000 0.13726
12760.000000 0.1372
12765.000000 0.137102
12770.000000 0.136986
12775.000000 0.136883
12780.000000 0.136785
12785.000000 0.136649
12790.000000 0.13657
12795.000000 0.136419
12800.000000 0.136354
12805.000000 0.136242
12810.000000 0.136156
12815.000000 0.136087
12820.000000 0.13598
12825.000000 0.135922
12830.000000 0.135884
12835.000000 0.135784
12840.000000 0.135768
12845.000000 0.135724
12850.000000 0.135717
12855.000000 0.13569
12860.000000 0.135681
12865.000000 0.135697
12870.000000 0.135759
12875.000000 0.135803
12880.000000 0.135862
12885.000000 0.135988
12890.000000 0.136075
12895.000000 0.136199
12900.000000 0.136351
12905.000000 0.136463
12910.000000 0.136607
12915.000000 0.136756
12920.000000 0.13692
12925.000000 0.137155
12930.000000 0.137306
12935.000000 0.137533
12940.000000 0.137715
12945.000000 0.137942
12950.000000 0.138148
12955.000000 0.138371
12960.000000 0.13859
12965.000000 0.138836
12970.000000 0.13902
12975.000000 0.139194
12980.000000 0.139426
12985.000000 0.13955
12990.000000 0.139713
12995.000000 0.139878
13000.000000 0.139969
13005.000000 0.140203
13010.000000 0.14051
13015.000000 0.140663
13020.000000 0.140897
13025.000000 0.141025
13030.000000 0.141214
13035.000000 0.141319
13040.000000 0.141348
13045.000000 0.141403
13050.000000 0.141437
13055.000000 0.141426
13060.000000 0.14138
13065.000000 0.141322
13070.000000 0.141217
13075.000000 0.141124
13080.000000 0.140986
13085.000000 0.140805
13090.000000 0.140644
13095.000000 0.140395
13100.000000 0.140192
13105.000000 0.139935
13110.000000 0.139648
13115.000000 0.139349
13120.000000 0.138983
13125.000000 0.138656
13130.000000 0.138378
13135.000000 0.138029
13140.000000 0.137693
13145.000000 0.137368
13150.000000 0.136958
13155.000000 0.136602
13160.000000 0.13629
13165.000000 0.135939
13170.000000 0.135609
13175.000000 0.135267
13180.000000 0.134935
13185.000000 0.134608
13190.000000 0.134245
13195.000000 0.133971
13200.000000 0.133685
13205.000000 0.133422
13210.000000 0.133212
13215.000000 0.132982
13220.000000 0.13274
13225.000000 0.132525
13230.000000 0.132331
13235.000000 0.132154
13240.000000 0.13198
13245.000000 0.131822
13250.000000 0.131652
13255.000000 0.131574
13260.000000 0.131406
13265.000000 0.131305
13270.000000 0.131241
13275.000000 0.131122
13280.000000 0.131059
13285.000000 0.130987
13290.000000 0.130917
13295.000000 0.130909
13300.000000 0.130944
13305.000000 0.130916
13310.000000 0.13089
13315.000000 0.130884
13320.000000 0.13091
13325.000000 0.130954
13330.000000 0.130965
13335.000000 0.131051
13340.000000 0.131148
13345.000000 0.131193
13350.000000 0.131361
13355.000000 0.131465
13360.000000 0.13161
13365.000000 0.131787
13370.000000 0.131976
13375.000000 0.132169
13380.000000 0.13241
13385.000000 0.132609
13390.000000 0.132831
13395.000000 0.133135
13400.000000 0.133407
13405.000000 0.133755
13410.000000 0.134077
13415.000000 0.134455
13420.000000 0.134836
13425.000000 0.135171
13430.000000 0.135647
13435.000000 0.136046
13440.000000 0.136525
13445.000000 0.137007
13450.000000 0.13752
13455.000000 0.137996
13460.000000 0.138551
13465.000000 0.13907
13470.000000 0.139684
13475.000000 0.140244
13480.000000 0.140827
13485.000000 0.141417
13490.000000 0.142012
13495.000000 0.14269
13500.000000 0.143315
13505.000000 0.143919
13510.000000 0.144572
13515.000000 0.145213
13520.000000 0.145876
13525.000000 0.146503
13530.000000 0.1472
13535.000000 0.147858
13540.000000 0.148502
13545.000000 0.149165
13550.000000 0.149823
13555.000000 0.15048
13560.000000 0.151164
13565.000000 0.151773
13570.000000 0.152356
13575.000000 0.152945
13580.000000 0.153477
13585.000000 0.154098
13590.000000 0.15463
13595.000000 0.155211
13600.000000 0.155712
13605.000000 0.156217
13610.000000 0.156733
13615.000000 0.157229
13620.000000 0.157666
13625.000000 0.158089
13630.000000 0.158461
13635.000000 0.158796
13640.000000 0.15914
13645.000000 0.159479
13650.000000 0.159757
13655.000000 0.160079
13660.000000 0.160286
13665.000000 0.160514
13670.000000 0.160706
13675.000000 0.1609
13680.000000 0.161065
13685.000000 0.161202
13690.000000 0.161274
13695.000000 0.161311
13700.000000 0.161349
13705.000000 0.161381
13710.000000 0.161395
13715.000000 0.161384
13720.000000 0.161325
13725.000000 0.161257
13730.000000 0.161209
13735.000000 0.161119
13740.000000 0.161009
13745.000000 0.160887
13750.000000 0.160786
13755.000000 0.160678
13760.000000 0.160581
13765.000000 0.160478
13770.000000 0.16037
13775.000000 0.160282
13780.000000 0.160293
13785.000000 0.160151
13790.000000 0.160129
13795.000000 0.160104
13800.000000 0.160051
13805.000000 0.16012
13810.000000 0.160102
13815.000000 0.160122
13820.000000 0.16017
13825.000000 0.160231
13830.000000 0.160333
13835.000000 0.160434
13840.000000 0.160521
13845.000000 0.160658
13850.000000 0.160783
13855.000000 0.160973
13860.000000 0.161104
13865.000000 0.161307
13870.000000 0.161475
13875.000000 0.161667
13880.000000 0.161852
13885.000000 0.162077
13890.000000 0.162283
13895.000000 0.162493
13900.000000 0.162692
13905.000000 0.162899
13910.000000 0.163135
13915.000000 0.163396
13920.000000 0.163606
13925.000000 0.163829
13930.000000 0.16407
13935.000000 0.164276
13940.000000 0.164446
13945.000000 0.164696
13950.000000 0.164862
13955.000000 0.165118
13960.000000 0.165296
13965.000000 0.165479
13970.000000 0.165684
13975.000000 0.165832
13980.000000 0.165979
13985.000000 0.166151
13990.000000 0.166333
13995.000000 0.166445
14000.000000 0.16668
14005.000000 0.166721
14010.000000 0.166817
14015.000000 0.16689
14020.000000 0.166996
14025.000000 0.167102
14030.000000 0.167163
14035.000000 0.167299
14040.000000 0.167328
14045.000000 0.167433
14050.000000 0.167557
14055.000000 0.167658
14060.000000 0.167734
14065.000000 0.167839
14070.000000 0.167952
14075.000000 0.16805
14080.000000 0.168139
14085.000000 0.168249
14090.000000 0.168386
14095.000000 0.168517
14100.000000 0.168627
14105.000000 0.168772
14110.000000 0.168909
14115.000000 0.169035
14120.000000 0.169156
14125.000000 0.169325
14130.000000 0.169473
14135.000000 0.169635
14140.000000 0.169774
14145.000000 0.169927
14150.000000 0.170091
14155.000000 0.17024
14160.000000 0.17039
14165.000000 0.170565
14170.000000 0.170722
14175.000000 0.170884
14180.000000 0.17106
14185.000000 0.171184
14190.000000 0.171363
14195.000000 0.171517
14200.000000 0.171619
14205.000000 0.171804
14210.000000 0.171874
14215.000000 0.172007
14220.000000 0.172121
14225.000000 0.172213
14230.000000 0.172333
14235.000000 0.172365
14240.000000 0.172419
14245.000000 0.172508
14250.000000 0.1725
14255.000000 0.172511
14260.000000 0.172541
14265.000000 0.172525
14270.000000 0.172505
14275.000000 0.172469
14280.000000 0.172403
14285.000000 0.172295
14290.000000 0.172207
14295.000000 0.172046
14300.000000 0.171952
14305.000000 0.171792
14310.000000 0.171584
14315.000000 0.171422
14320.000000 0.171161
14325.000000 0.170955
14330.000000 0.170727
14335.000000 0.170476
14340.000000 0.170261
14345.000000 0.170005
14350.000000 0.169716
14355.000000 0.169429
14360.000000 0.169131
14365.000000 0.168833
14370.000000 0.168551
14375.000000 0.168239
14380.000000 0.167893
14385.000000 0.167619
14390.000000 0.167267
14395.000000 0.167008
14400.000000 0.166743
14405.000000 0.166428
14410.000000 0.166201
14415.000000 0.165892
14420.000000 0.165595
14425.000000 0.165414
14430.000000 0.165162
14435.000000 0.164918
14440.000000 0.164719
14445.000000 0.164471
14450.000000 0.164298
14455.000000 0.164121
14460.000000 0.163961
14465.000000 0.163811
14470.000000 0.163687
14475.000000 0.16353
14480.000000 0.163457
14485.000000 0.163377
14490.000000 0.163294
14495.000000 0.163343
14500.000000 0.163296
14505.000000 0.163243
14510.000000 0.163311
14515.000000 0.163337
14520.000000 0.163417
14525.000000 0.163475
14530.000000 0.163537
14535.000000 0.163649
14540.000000 0.163781
14545.000000 0.163946
14550.000000 0.164098
14555.000000 0.164314
14560.000000 0.164464
14565.000000 0.16469
14570.000000 0.164886
14575.000000 0.165135
14580.000000 0.16538
14585.000000 0.165666
14590.000000 0.165879
14595.000000 0.166146
14600.000000 0.166394
14605.000000 0.166666
14610.000000 0.166946
14615.000000 0.167202
14620.000000 0.167476
14625.000000 0.167715
14630.000000 0.168029
14635.000000 0.168321
14640.000000 0.16855
14645.000000 0.168877
14650.000000 0.169123
14655.000000 0.16937
14660.000000 0.169634
14665.000000 0.169855
14670.000000 0.170157
14675.000000 0.170376
14680.000000 0.170575
14685.000000 0.170784
14690.000000 0.171014
14695.000000 0.171223
14700.000000 0.17143
14705.000000 0.171645
14710.000000 0.171835
14715.000000 0.172049
14720.000000 0.172249
14725.000000 0.172381
14730.000000 0.172566
14735.000000 0.17269
14740.000000 0.172858
14745.000000 0.172947
14750.000000 0.173036
14755.000000 0.173191
14760.000000 0.173219
14765.000000 0.173358
14770.000000 0.173402
14775.000000 0.173421
14780.000000 0.17354
14785.000000 0.173535
14790.000000 0.173573
14795.000000 0.173605
14800.000000 0.173615
14805.000000 0.173652
14810.000000 0.17365
14815.000000 0.173666
14820.000000 0.173571
14825.000000 0.173576
14830.000000 0.173494
14835.000000 0.17349
14840.000000 0.173473
14845.000000 0.173397
14850.000000 0.173364
14855.000000 0.173345
14860.000000 0.173324
14865.000000 0.173329
14870.000000 0.173282
14875.000000 0.173268
14880.000000 0.173226
14885.000000 0.17321
14890.000000 0.17319
14895.000000 0.17321
14900.000000 0.173206
14905.000000 0.173154
14910.000000 0.173148
14915.000000 0.173235
14920.000000 0.173213
14925.000000 0.173267
14930.000000 0.173324
14935.000000 0.173355
14940.000000 0.173422
14945.000000 0.173477
14950.000000 0.173527
14955.000000 0.173567
14960.000000 0.173678
14965.000000 0.173756
14970.000000 0.173784
14975.000000 0.173944
14980.000000 0.173957
14985.000000 0.174005
14990.000000 0.174189
14995.000000 0.174268
15000.000000 0.17436
15005.000000 0.174498
15010.000000 0.17454
15015.000000 0.174633
15020.000000 0.174746
15025.000000 0.174789
15030.000000 0.174929
15035.000000 0.175027
15040.000000 0.175115
15045.000000 0.175264
15050.000000 0.175303
15055.000000 0.175443
15060.000000 0.175541
15065.000000 0.175669
15070.000000 0.175762
15075.000000 0.17594
15080.000000 0.175986
15085.000000 0.176092
15090.000000 0.176196
15095.000000 0.17635
15100.000000 0.176439
15105.000000 0.176571
15110.000000 0.176658
15115.000000 0.176774
15120.000000 0.176869
15125.000000 0.176983
15130.000000 0.177177
15135.000000 0.17726
15140.000000 0.177321
15145.000000 0.177477
15150.000000 0.177589
15155.000000 0.177736
15160.000000 0.177779
15165.000000 0.177881
15170.000000 0.178019
15175.000000 0.178085
15180.000000 0.178221
15185.000000 0.178272
15190.000000 0.178408
15195.000000 0.178513
15200.000000 0.178583
15205.000000 0.178684
15210.000000 0.178836
15215.000000 0.17894
15220.000000 0.179028
15225.000000 0.179198
15230.000000 0.179271
15235.000000 0.179437
15240.000000 0.179523
15245.000000 0.179592
15250.000000 0.179729
15255.000000 0.17981
15260.000000 0.17993
15265.000000 0.180044
15270.000000 0.180051
15275.000000 0.18018
15280.000000 0.180303
15285.000000 0.180395
15290.000000 0.180487
15295.000000 0.180567
15300.000000 0.180596
15305.000000 0.180682
15310.000000 0.1807
15315.000000 0.180697
15320.000000 0.180691
15325.000000 0.180705
15330.000000 0.180705
15335.000000 0.180715
15340.000000 0.180678
15345.000000 0.180655
15350.000000 0.180637
15355.000000 0.180574
15360.000000 0.18055
15365.000000 0.180487
15370.000000 0.180468
15375.000000 0.180419
15380.000000 0.180318
15385.000000 0.18023
15390.000000 0.180235
15395.000000 0.18007
15400.000000 0.180012
15405.000000 0.179942
15410.000000 0.179867
15415.000000 0.179813
15420.000000 0.179744
15425.000000 0.179638
15430.000000 0.179575
15435.000000 0.17945
15440.000000 0.179335
15445.000000 0.179259
15450.000000 0.179095
15455.000000 0.178942
15460.000000 0.178788
15465.000000 0.17861
15470.000000 0.17846
15475.000000 0.178327
15480.000000 0.178095
15485.000000 0.177874
15490.000000 0.177648
15495.000000 0.177429
15500.000000 0.177264
15505.000000 0.176998
15510.000000 0.176675
15515.000000 0.176409
15520.000000 0.176119
15525.000000 0.175782
15530.000000 0.175452
15535.000000 0.175179
15540.000000 0.174887
15545.000000 0.174557
15550.000000 0.174287
15555.000000 0.173926
15560.000000 0.173637
15565.000000 0.173364
15570.000000 0.17307
15575.000000 0.172793
15580.000000 0.172495
15585.000000 0.172193
15590.000000 0.171906
15595.000000 0.171629
15600.000000 0.171346
15605.000000 0.171185
15610.000000 0.170983
15615.000000 0.17076
15620.000000 0.170574
15625.000000 0.17038
15630.000000 0.170206
15635.000000 0.170016
15640.000000 0.169954
15645.000000 0.169778
15650.000000 0.169648
15655.000000 0.169527
15660.000000 0.16944
15665.000000 0.169385
15670.000000 0.169273
15675.000000 0.169249
15680.000000 0.169184
15685.000000 0.169124
15690.000000 0.1691
15695.000000 0.169131
15700.000000 0.169105
15705.000000 0.169125
15710.000000 0.169141
15715.000000 0.169189
15720.000000 0.169254
15725.000000 0.169321
15730.000000 0.169399
15735.000000 0.169531
15740.000000 0.169608
15745.000000 0.169721
15750.000000 0.169865
15755.000000 0.16999
15760.000000 0.170153
15765.000000 0.170349
15770.000000 0.170519
15775.000000 0.170763
15780.000000 0.170937
15785.000000 0.171135
15790.000000 0.171364
15795.000000 0.17158
15800.000000 0.171796
15805.000000 0.172062
15810.000000 0.172233
15815.000000 0.172501
15820.000000 0.17271
15825.000000 0.172842
15830.000000 0.173129
15835.000000 0.173319
15840.000000 0.173548
15845.000000 0.173777
15850.000000 0.174015
15855.000000 0.174233
15860.000000 0.174442
15865.000000 0.17464
15870.000000 0.174858
15875.000000 0.175116
15880.000000 0.175275
15885.000000 0.175465
15890.000000 0.175669
15895.000000 0.175851
15900.000000 0.176046
15905.000000 0.176245
15910.000000 0.17646
15915.000000 0.176667
15920.000000 0.176886
15925.000000 0.177029
15930.000000 0.177236
15935.000000 0.177333
15940.000000 0.177522
15945.000000 0.177678
15950.000000 0.177772
15955.000000 0.17785
15960.000000 0.177981
15965.000000 0.178002
15970.000000 0.178095
15975.000000 0.178125
15980.000000 0.178215
15985.000000 0.178227
15990.000000 0.178262
15995.000000 0.178236
16000.000000 0.178197
16005.000000 0.178225
16010.000000 0.178311
16015.000000 0.178378
16020.000000 0.178382
16025.000000 0.178384
16030.000000 0.178376
16035.000000 0.178391
16040.000000 0.178409
16045.000000 0.178363
16050.000000 0.178327
16055.000000 0.178321
16060.000000 0.178273
16065.000000 0.178212
16070.000000 0.178209
16075.000000 0.178167
16080.000000 0.178117
16085.000000 0.178079
16090.000000 0.177999
16095.000000 0.177953
16100.000000 0.177892
16105.000000 0.177923
16110.000000 0.177877
16115.000000 0.177884
16120.000000 0.177832
16125.000000 0.17783
16130.000000 0.177855
16135.000000 0.177866
16140.000000 0.177902
16145.000000 0.17789
16150.000000 0.177879
16155.000000 0.177931
16160.000000 0.177957
16165.000000 0.178031
16170.000000 0.178133
16175.000000 0.178192
16180.000000 0.178266
16185.000000 0.178356
16190.000000 0.178503
16195.000000 0.178559
16200.000000 0.17871
16205.000000 0.178778
16210.000000 0.178933
16215.000000 0.17907
16220.000000 0.179214
16225.000000 0.179363
16230.000000 0.179569
16235.000000 0.1797
16240.000000 0.179922
16245.000000 0.180124
16250.000000 0.180358
16255.000000 0.180596
16260.000000 0.180851
16265.000000 0.181104
16270.000000 0.181419
16275.000000 0.181707
16280.000000 0.182015
16285.000000 0.182325
16290.000000 0.182637
16295.000000 0.182953
16300.000000 0.183285
16305.000000 0.183667
16310.000000 0.184054
16315.000000 0.18441
16320.000000 0.184777
16325.000000 0.185223
16330.000000 0.185635
16335.000000 0.186039
16340.000000 0.186505
16345.000000 0.186888
16350.000000 0.187275
16355.000000 0.187783
16360.000000 0.188266
16365.000000 0.188626
16370.000000 0.18912
16375.000000 0.189571
16380.000000 0.19007
16385.000000 0.190508
16390.000000 0.190943
16395.000000 0.191417
16400.000000 0.191926
16405.000000 0.192437
16410.000000 0.192942
16415.000000 0.193371
16420.000000 0.19386
16425.000000 0.194383
16430.000000 0.194782
16435.000000 0.195258
16440.000000 0.195748
16445.000000 0.196201
16450.000000 0.196698
16455.000000 0.197146
16460.000000 0.19758
16465.000000 0.198033
16470.000000 0.198447
16475.000000 0.198939
16480.000000 0.199343
16485.000000 0.199778
16490.000000 0.200155
16495.000000 0.200576
16500.000000 0.200989
16505.000000 0.201332
16510.000000 0.201732
16515.000000 0.202068
16520.000000 0.20239
16525.000000 0.202756
16530.000000 0.203086
16535.000000 0.203461
16540.000000 0.20369
16545.000000 0.204022
16550.000000 0.20436
16555.000000 0.204648
16560.000000 0.204896
16565.000000 0.205131
16570.000000 0.205424
16575.000000 0.20568
16580.000000 0.205884
16585.000000 0.206195
16590.000000 0.2064
16595.000000 0.206576
16600.000000 0.206795
16605.000000 0.207076
16610.000000 0.207225
16615.000000 0.207537
16620.000000 0.207685
16625.000000 0.207841
16630.000000 0.208113
16635.000000 0.208273
16640.000000 0.208455
16645.000000 0.208642
16650.000000 0.208831
16655.000000 0.208949
16660.000000 0.209114
16665.000000 0.209247
16670.000000 0.209423
16675.000000 0.209638
16680.000000 0.209749
16685.000000 0.20987
16690.000000 0.20999
16695.000000 0.210136
16700.000000 0.210276
16705.000000 0.210371
16710.000000 0.210507
16715.000000 0.210628
16720.000000 0.210757
16725.000000 0.210845
16730.000000 0.210952
16735.000000 0.211053
16740.000000 0.211176
16745.000000 0.211308
16750.000000 0.211376
16755.000000 0.211521
16760.000000 0.211603
16765.000000 0.211646
16770.000000 0.211834
16775.000000 0.211874
16780.000000 0.212007
16785.000000 0.212177
16790.000000 0.212188
16795.000000 0.212326
16800.000000 0.212419
16805.000000 0.212494
16810.000000 0.212657
16815.000000 0.212703
16820.000000 0.212821
16825.000000 0.213028
16830.000000 0.213092
16835.000000 0.213175
16840.000000 0.213384
16845.000000 0.21344
16850.000000 0.213544
16855.000000 0.21364
16860.000000 0.213696
16865.000000 0.213873
16870.000000 0.213921
16875.000000 0.214024
16880.000000 0.214213
16885.000000 0.214273
16890.000000 0.214385
16895.000000 0.2145
16900.000000 0.214568
16905.000000 0.214626
16910.000000 0.214804
16915.000000 0.214834
16920.000000 0.214942
16925.000000 0.215037
16930.000000 0.215072
16935.000000 0.215194
16940.000000 0.215265
16945.000000 0.21536
16950.000000 0.215461
16955.000000 0.215531
16960.000000 0.215609
16965.000000 0.215734
16970.000000 0.215811
16975.000000 0.215991
16980.000000 0.216015
16985.000000 0.216118
16990.000000 0.21622
16995.000000 0.216315
17000.000000 0.216452
17005.000000 0.216348
17010.000000 0.216228
17015.000000 0.216208
17020.000000 0.216165
17025.000000 0.215981
17030.000000 0.216041
17035.000000 0.215958
17040.000000 0.215948
17045.000000 0.215877
17050.000000 0.215805
17055.000000 0.215782
17060.000000 0.215788
17065.000000 0.215718
17070.000000 0.215737
17075.000000 0.215657
17080.000000 0.215648
17085.000000 0.215614
17090.000000 0.215666
17095.000000 0.215608
17100.000000 0.215676
17105.000000 0.215688
17110.000000 0.215786
17115.000000 0.215924
17120.000000 0.215969
17125.000000 0.216097
17130.000000 0.21624
17135.000000 0.216399
17140.000000 0.216446
17145.000000 0.21658
17150.000000 0.216664
17155.000000 0.216777
17160.000000 0.216988
17165.000000 0.217096
17170.000000 0.217319
17175.000000 0.217445
17180.000000 0.217631
17185.000000 0.217802
17190.000000 0.217988
17195.000000 0.218172
17200.000000 0.218397
17205.000000 0.21852
17210.000000 0.218802
17215.000000 0.218871
17220.000000 0.219136
17225.000000 0.219407
17230.000000 0.21961
17235.000000 0.219815
17240.000000 0.219993
17245.000000 0.220163
17250.000000 0.220467
17255.000000 0.220753
17260.000000 0.220939
17265.000000 0.221195
17270.000000 0.221346
17275.000000 0.221563
17280.000000 0.221811
17285.000000 0.22201
17290.000000 0.222237
17295.000000 0.222454
17300.000000 0.222667
17305.000000 0.222805
17310.000000 0.222901
17315.000000 0.223077
17330.000000 0.223506
17335.000000 0.223587
17340.000000 0.223683
17345.000000 0.22381
17350.000000 0.223883
17355.000000 0.224051
17360.000000 0.224055
17365.000000 0.22416
17370.000000 0.224225
17375.000000 0.224316
17380.000000 0.224285
17385.000000 0.224337
17390.000000 0.224325
17395.000000 0.224302
17400.000000 0.224292
17405.000000 0.224353
17410.000000 0.224349
17415.000000 0.224368
17420.000000 0.224316
17425.000000 0.224326
17430.000000 0.224263
17435.000000 0.224186
17440.000000 0.22412
17445.000000 0.224033
17450.000000 0.223978
17455.000000 0.223888
17460.000000 0.223729
17465.000000 0.223587
17470.000000 0.223504
17475.000000 0.223342
17480.000000 0.22319
17485.000000 0.22299
17490.000000 0.222836
17495.000000 0.222668
17500.000000 0.22246
17505.000000 0.222229
17510.000000 0.221928
17515.000000 0.221714
17520.000000 0.221372
17525.000000 0.221107
17530.000000 0.22076
17535.000000 0.220544
17540.000000 0.220269
17545.000000 0.219898
17550.000000 0.219481
17555.000000 0.219276
17560.000000 0.218913
17565.000000 0.218711
17570.000000 0.218314
17575.000000 0.217957
17580.000000 0.217673
17585.000000 0.217342
17590.000000 0.216957
17595.000000 0.216666
17600.000000 0.216366
17605.000000 0.216101
17610.000000 0.215801
17615.000000 0.215583
17620.000000 0.21529
17625.000000 0.215088
17630.000000 0.214826
17635.000000 0.214572
17640.000000 0.214288
17645.000000 0.214093
17650.000000 0.213924
17655.000000 0.213706
17660.000000 0.213542
17665.000000 0.213364
17670.000000 0.213099
17675.000000 0.212948
17680.000000 0.212786
17685.000000 0.21262
17690.000000 0.212471
17695.000000 0.21231
17700.000000 0.212192
17705.000000 0.212074
17710.000000 0.212002
17715.000000 0.211894
17720.000000 0.211834
17725.000000 0.211766
17730.000000 0.211575
17735.000000 0.211594
17740.000000 0.211434
17745.000000 0.21148
17750.000000 0.211502
17755.000000 0.211479
17760.000000 0.211529
17765.000000 0.211497
17770.000000 0.211533
17775.000000 0.211614
17780.000000 0.211701
17785.000000 0.211811
17790.000000 0.21188
17795.000000 0.212058
17800.000000 0.212148
17805.000000 0.212323
17810.000000 0.212362
17815.000000 0.212655
17820.000000 0.212809
17825.000000 0.212977
17830.000000 0.213337
17835.000000 0.21357
17840.000000 0.213858
17845.000000 0.214072
17850.000000 0.21431
17855.000000 0.214654
17860.000000 0.214958
17865.000000 0.215233
17870.000000 0.215595
17875.000000 0.2159
17880.000000 0.216288
17885.000000 0.216758
17890.000000 0.217044
17895.000000 0.217378
17900.000000 0.217732
17905.000000 0.218233
17910.000000 0.21856
17915.000000 0.21904
17920.000000 0.219495
17925.000000 0.219909
17930.000000 0.220235
17935.000000 0.220722
17940.000000 0.2212
17945.000000 0.221627
17950.000000 0.222045
17955.000000 0.222617
17960.000000 0.223004
17965.000000 0.223453
17970.000000 0.223928
17975.000000 0.224402
17980.000000 0.22487
17985.000000 0.225397
17990.000000 0.225821
17995.000000 0.226248
18000.000000 0.226724
18005.000000 0.227208
18010.000000 0.22758
18015.000000 0.227929
18020.000000 0.228367
18025.000000 0.228763
18030.000000 0.229062
18035.000000 0.229511
18040.000000 0.229721
18045.000000 0.230068
18050.000000 0.230485
18055.000000 0.230809
18060.000000 0.231177
18065.000000 0.231507
18070.000000 0.231744
18075.000000 0.232085
18080.000000 0.232426
18085.000000 0.232682
18090.000000 0.232873
18095.000000 0.233199
18100.000000 0.233381
18105.000000 0.233671
18110.000000 0.234015
18115.000000 0.234209
18120.000000 0.234386
18125.000000 0.234631
18130.000000 0.234769
18135.000000 0.235006
18140.000000 0.235169
18145.000000 0.235266
18150.000000 0.23549
18155.000000 0.235565
18160.000000 0.235753
18165.000000 0.235902
18170.000000 0.235993
18175.000000 0.236074
18180.000000 0.236134
18185.000000 0.236056
18190.000000 0.236187
18195.000000 0.236216
18200.000000 0.236289
18205.000000 0.236289
18210.000000 0.236155
18215.000000 0.236078
18220.000000 0.236049
18225.000000 0.235912
18230.000000 0.235784
18235.000000 0.235791
18240.000000 0.235667
18245.000000 0.235546
18250.000000 0.235355
18255.000000 0.235293
18260.000000 0.235112
18265.000000 0.234822
18270.000000 0.234683
18275.000000 0.234625
18280.000000 0.234472
18285.000000 0.234286
18290.000000 0.234037
18295.000000 0.233951
18300.000000 0.233845
18305.000000 0.233683
18310.000000 0.233599
18315.000000 0.23343
18320.000000 0.233245
18325.000000 0.233223
18330.000000 0.233086
18335.000000 0.232938
18340.000000 0.232885
18345.000000 0.232731
18350.000000 0.232558
18355.000000 0.232529
18360.000000 0.232514
18365.000000 0.232295
18370.000000 0.232127
18375.000000 0.232102
18380.000000 0.232038
18385.000000 0.23191
18390.000000 0.231799
18395.000000 0.231865
18400.000000 0.231735
18405.000000 0.231623
18410.000000 0.231433
18415.000000 0.231412
18420.000000 0.231314
18425.000000 0.231099
18430.000000 0.231141
18435.000000 0.231119
18440.000000 0.231039
18445.000000 0.231133
18450.000000 0.231025
18455.000000 0.230878
18460.000000 0.230903
18465.000000 0.230888
18470.000000 0.230841
18475.000000 0.230968
18480.000000 0.230975
18485.000000 0.230936
18490.000000 0.230748
18495.000000 0.230942
18500.000000 0.230883
18505.000000 0.230961
18510.000000 0.230947
18515.000000 0.23109
18520.000000 0.231195
18525.000000 0.231075
18530.000000 0.231313
18535.000000 0.231385
18540.000000 0.231404
18545.000000 0.231558
18550.000000 0.231626
18555.000000 0.231781
18560.000000 0.231933
18565.000000 0.232002
18570.000000 0.232098
18575.000000 0.232245
18580.000000 0.23236
18585.000000 0.232487
18590.000000 0.232662
18595.000000 0.232837
18600.000000 0.232979
18605.000000 0.233237
18610.000000 0.233304
18615.000000 0.233461
18620.000000 0.233583
18625.000000 0.233801
18630.000000 0.233927
18635.000000 0.234089
18640.000000 0.234241
18645.000000 0.234419
18650.000000 0.234436
18655.000000 0.234745
18660.000000 0.234843
18665.000000 0.234983
18670.000000 0.235257
18675.000000 0.235364
18680.000000 0.235619
18685.000000 0.235815
18690.000000 0.236041
18695.000000 0.236142
18700.000000 0.236283
18705.000000 0.23647
18710.000000 0.236818
18715.000000 0.236929
18720.000000 0.237232
18725.000000 0.237293
18730.000000 0.237458
18735.000000 0.237746
18740.000000 0.237997
18745.000000 0.238127
18750.000000 0.23817
18755.000000 0.238411
18760.000000 0.238559
18765.000000 0.238728
18770.000000 0.238944
18775.000000 0.239132
18780.000000 0.239279
18785.000000 0.239405
18790.000000 0.239545
18795.000000 0.239666
18800.000000 0.239743
18805.000000 0.240032
18810.000000 0.240191
18815.000000 0.240294
18820.000000 0.240501
18825.000000 0.240665
18830.000000 0.240673
18835.000000 0.240827
18840.000000 0.24107
18845.000000 0.241207
18850.000000 0.24126
18855.000000 0.241381
18860.000000 0.241563
18865.000000 0.241602
18870.000000 0.241783
18875.000000 0.241733
18880.000000 0.241936
18885.000000 0.241966
18890.000000 0.241991
18895.000000 0.242203
18900.000000 0.242131
18905.000000 0.242226
18910.000000 0.242436
18915.000000 0.242443
18920.000000 0.242546
18925.000000 0.242517
18930.000000 0.2425
18935.000000 0.242637
18940.000000 0.242591
18945.000000 0.242519
18950.000000 0.242597
18955.000000 0.242587
18960.000000 0.242701
18965.000000 0.242636
18970.000000 0.242707
18975.000000 0.24264
18980.000000 0.242549
18985.000000 0.242687
18990.000000 0.24267
18995.000000 0.242839
19000.000000 0.242831
19005.000000 0.242824
19010.000000 0.242945
19015.000000 0.243153
19020.000000 0.243129
19025.000000 0.243159
19030.000000 0.243318
19035.000000 0.243333
19040.000000 0.243554
19045.000000 0.243689
19050.000000 0.243715
19055.000000 0.244011
19060.000000 0.243846
19065.000000 0.243903
19070.000000 0.244253
19075.000000 0.243964
19080.000000 0.244198
19085.000000 0.244275
19090.000000 0.244409
19095.000000 0.244502
19100.000000 0.244527
19105.000000 0.244692
19110.000000 0.244834
19115.000000 0.245048
19120.000000 0.245173
19125.000000 0.245314
19130.000000 0.24531
19135.000000 0.245231
19140.000000 0.245502
19145.000000 0.245635
19150.000000 0.245792
19155.000000 0.245861
19160.000000 0.246029
19165.000000 0.246198
19170.000000 0.246367
19175.000000 0.246489
19180.000000 0.246655
19185.000000 0.246621
19190.000000 0.246701
19195.000000 0.246808
19200.000000 0.246894
19205.000000 0.246937
19210.000000 0.246911
19215.000000 0.246968
19220.000000 0.247009
19225.000000 0.246906
19230.000000 0.246927
19235.000000 0.246925
19240.000000 0.2469
19245.000000 0.246902
19250.000000 0.247025
19255.000000 0.246941
19260.000000 0.246923
19265.000000 0.247083
19270.000000 0.247073
19275.000000 0.247068
19280.000000 0.246887
19285.000000 0.246966
19290.000000 0.246958
19295.000000 0.246737
19300.000000 0.246745
19305.000000 0.24677
19310.000000 0.246643
19315.000000 0.246668
19320.000000 0.246507
19325.000000 0.246588
19330.000000 0.24651
19335.000000 0.246489
19340.000000 0.246338
19345.000000 0.246436
19350.000000 0.246373
19355.000000 0.246326
19360.000000 0.246177
19365.000000 0.246159
19370.000000 0.246158
19375.000000 0.246034
19380.000000 0.245883
19385.000000 0.24574
19390.000000 0.245755
19395.000000 0.245682
19400.000000 0.245548
19405.000000 0.245471
19410.000000 0.245451
19415.000000 0.245523
19420.000000 0.245448
19425.000000 0.2454
19430.000000 0.245428
19435.000000 0.245459
19440.000000 0.245331
19445.000000 0.24526
19450.000000 0.245326
19455.000000 0.245147
19460.000000 0.245276
19465.000000 0.245125
19470.000000 0.245112
19475.000000 0.245034
19480.000000 0.245005
19485.000000 0.244915
19490.000000 0.245029
19495.000000 0.244945
19500.000000 0.244788
19505.000000 0.244765
19510.000000 0.244799
19515.000000 0.244853
19520.000000 0.244923
19525.000000 0.244859
19530.000000 0.244885
19535.000000 0.244917
19540.000000 0.244723
19545.000000 0.244751
19550.000000 0.244809
19555.000000 0.244692
19560.000000 0.24475
19565.000000 0.244686
19570.000000 0.244755
19575.000000 0.244808
19580.000000 0.244756
19585.000000 0.244833
19590.000000 0.244846
19595.000000 0.244772
19600.000000 0.244797
19605.000000 0.244894
19610.000000 0.244986
19615.000000 0.244927
19620.000000 0.245017
19625.000000 0.244933
19630.000000 0.244993
19635.000000 0.245025
19640.000000 0.245176
19645.000000 0.245167
19650.000000 0.244999
19655.000000 0.245177
19660.000000 0.245177
19665.000000 0.245242
19670.000000 0.245342
19675.000000 0.245355
19680.000000 0.24552
19685.000000 0.245631
19690.000000 0.245674
19695.000000 0.245801
19700.000000 0.245848
19705.000000 0.2459
19710.000000 0.245952
19715.000000 0.246049
19720.000000 0.246014
19725.000000 0.24622
19730.000000 0.246206
19735.000000 0.246278
19740.000000 0.246329
19745.000000 0.246443
19750.000000 0.246531
19755.000000 0.246615
19760.000000 0.246749
19765.000000 0.24696
19770.000000 0.246956
19775.000000 0.247039
19780.000000 0.247521
19785.000000 0.247231
19790.000000 0.247582
19795.000000 0.247694
19800.000000 0.247917
19805.000000 0.247845
19810.000000 0.248192
19815.000000 0.248214
19820.000000 0.24834
19825.000000 0.248453
19830.000000 0.248808
19835.000000 0.248908
19840.000000 0.249151
19845.000000 0.249423
19850.000000 0.249552
19855.000000 0.2498
19860.000000 0.249775
19865.000000 0.250072
19870.000000 0.250261
19875.000000 0.250288
19880.000000 0.250474
19885.000000 0.25063
19890.000000 0.250922
19895.000000 0.25107
19900.000000 0.2512
19905.000000 0.251376
19910.000000 0.251447
19915.000000 0.251797
19920.000000 0.251878
19925.000000 0.252062
19930.000000 0.252306
19935.000000 0.252546
19940.000000 0.252504
19945.000000 0.252717
19950.000000 0.252889
19955.000000 0.25309
19960.000000 0.253228
19965.000000 0.253334
19970.000000 0.253583
19975.000000 0.253541
19980.000000 0.253768
19985.000000 0.253809
19990.000000 0.254285
19995.000000 0.25439
20000.000000 0.25442
20005.000000 0.254916
20010.000000 0.255284
20015.000000 0.255913
20020.000000 0.256058
20025.000000 0.256561
20030.000000 0.256999
20035.000000 0.257232
20040.000000 0.257629
20045.000000 0.257871
20050.000000 0.258319
20055.000000 0.258708
20060.000000 0.259034
20065.000000 0.259449
20070.000000 0.259857
20075.000000 0.260264
20080.000000 0.260465
20085.000000 0.260991
20090.000000 0.261195
20095.000000 0.261603
20100.000000 0.261937
20105.000000 0.262279
20110.000000 0.262846
20115.000000 0.263043
20120.000000 0.263463
20125.000000 0.263846
20130.000000 0.264152
20135.000000 0.264421
20140.000000 0.264759
20145.000000 0.265039
20150.000000 0.265391
20155.000000 0.265849
20160.000000 0.266079
20165.000000 0.2664
20170.000000 0.266755
20175.000000 0.267031
20180.000000 0.26751
20185.000000 0.26788
20190.000000 0.268268
20195.000000 0.268481
20200.000000 0.268708
20205.000000 0.268978
20210.000000 0.269316
20215.000000 0.269544
20220.000000 0.269815
20225.000000 0.270014
20230.000000 0.270503
20235.000000 0.270787
20240.000000 0.271106
20245.000000 0.271323
20250.000000 0.271675
20255.000000 0.271945
20260.000000 0.272183
20265.000000 0.272517
20270.000000 0.272792
20275.000000 0.273116
20280.000000 0.273241
20285.000000 0.273624
20290.000000 0.274
20295.000000 0.274098
20300.000000 0.274406
20305.000000 0.27465
20310.000000 0.274813
20315.000000 0.274975
20320.000000 0.275329
20325.000000 0.275543
20330.000000 0.275785
20335.000000 0.276033
20340.000000 0.276182
20345.000000 0.276587
20350.000000 0.276884
20355.000000 0.277223
20360.000000 0.277467
20365.000000 0.277571
20370.000000 0.277936
20375.000000 0.278103
20380.000000 0.278221
20385.000000 0.278664
20390.000000 0.27869
20395.000000 0.279085
20400.000000 0.279189
20405.000000 0.279566
20410.000000 0.27986
20415.000000 0.280118
20420.000000 0.280438
20425.000000 0.280838
20430.000000 0.280888
20435.000000 0.281255
20440.000000 0.281793
20445.000000 0.282182
20450.000000 0.282356
20455.000000 0.282672
20460.000000 0.283157
20465.000000 0.283486
20470.000000 0.28386
20475.000000 0.283907
20480.000000 0.284335
20485.000000 0.284541
20490.000000 0.285036
20495.000000 0.285265
20500.000000 0.28551
20505.000000 0.285864
20510.000000 0.286184
20515.000000 0.286628
20520.000000 0.286963
20525.000000 0.287274
20530.000000 0.287353
20535.000000 0.288198
20540.000000 0.288248
20545.000000 0.288419
20550.000000 0.288851
20555.000000 0.289067
20560.000000 0.289411
20565.000000 0.289929
20570.000000 0.289942
20575.000000 0.290576
20580.000000 0.290711
20585.000000 0.291216
20590.000000 0.291425
20595.000000 0.291904
20600.000000 0.292057
20605.000000 0.292629
20610.000000 0.292829
20615.000000 0.293255
20620.000000 0.293625
20625.000000 0.29419
20630.000000 0.294624
20635.000000 0.294956
20640.000000 0.295079
20645.000000 0.29556
20650.000000 0.295674
20655.000000 0.296408
20660.000000 0.296626
20665.000000 0.296819
20670.000000 0.297271
20675.000000 0.297539
20680.000000 0.298339
20685.000000 0.298587
20690.000000 0.298775
20695.000000 0.299537
20700.000000 0.299796
20705.000000 0.3002
20710.000000 0.300567
20715.000000 0.30081
20720.000000 0.301063
20725.000000 0.301422
20730.000000 0.301988
20735.000000 0.302215
20740.000000 0.302494
20745.000000 0.302816
20750.000000 0.303213
20755.000000 0.303472
20760.000000 0.303891
20765.000000 0.304297
20770.000000 0.304921
20775.000000 0.305059
20780.000000 0.305361
20785.000000 0.305727
20790.000000 0.305895
20795.000000 0.306333
20800.000000 0.306685
20805.000000 0.307167
20810.000000 0.307573
20815.000000 0.308055
20820.000000 0.308718
20825.000000 0.308948
20830.000000 0.309326
20835.000000 0.309728
20840.000000 0.310107
20845.000000 0.310405
20850.000000 0.310868
20855.000000 0.311443
20860.000000 0.311973
20865.000000 0.312027
20870.000000 0.312639
20875.000000 0.313165
20880.000000 0.313406
20885.000000 0.313951
20890.000000 0.314324
20895.000000 0.314911
20900.000000 0.314985
20905.000000 0.315474
20910.000000 0.315815
20915.000000 0.316296
20920.000000 0.31655
20925.000000 0.316799
20930.000000 0.317562
20935.000000 0.317892
20940.000000 0.31822
20945.000000 0.318724
20950.000000 0.31886
20955.000000 0.319347
20960.000000 0.319769
20965.000000 0.319987
20970.000000 0.320448
20975.000000 0.32066
20980.000000 0.321172
20985.000000 0.321395
20990.000000 0.321701
20995.000000 0.322286
21000.000000 0.322634
21005.000000 0.322544
21010.000000 0.322558
21015.000000 0.322702
21020.000000 0.322703
21025.000000 0.322832
21030.000000 0.32279
21035.000000 0.322684
21040.000000 0.323071
21045.000000 0.323116
21050.000000 0.322986
21055.000000 0.323178
21060.000000 0.323054
21065.000000 0.323132
21070.000000 0.32322
21075.000000 0.323042
21080.000000 0.323095
21085.000000 0.323125
21090.000000 0.323098
21095.000000 0.323308
21100.000000 0.32287
21105.000000 0.323225
21110.000000 0.323168
21115.000000 0.323188
21120.000000 0.323241
21125.000000 0.323079
21130.000000 0.323062
21135.000000 0.32324
21140.000000 0.323189
21145.000000 0.323023
21150.000000 0.322968
21155.000000 0.322663
21160.000000 0.322927
21165.000000 0.322661
21170.000000 0.322547
21175.000000 0.322628
21180.000000 0.322168
21185.000000 0.322462
21190.000000 0.322221
21195.000000 0.322239
21200.000000 0.322023
21205.000000 0.322001
21210.000000 0.321801
21215.000000 0.321864
21220.000000 0.321912
21225.000000 0.321803
21230.000000 0.321799
21235.000000 0.32169
21240.000000 0.321816
21245.000000 0.321581
21250.000000 0.32136
21255.000000 0.321178
21260.000000 0.32144
21265.000000 0.321263
21270.000000 0.321148
21275.000000 0.320909
21280.000000 0.320855
21285.000000 0.320747
21290.000000 0.320593
21295.000000 0.320688
21300.000000 0.320369
21305.000000 0.320572
21310.000000 0.320246
21315.000000 0.320015
21320.000000 0.320104
21325.000000 0.320071
21330.000000 0.319771
21335.000000 0.319522
21340.000000 0.319435
21345.000000 0.319352
21350.000000 0.319287
21355.000000 0.319157
21360.000000 0.318829
21365.000000 0.318758
21370.000000 0.318726
21375.000000 0.318603
21380.000000 0.318668
21385.000000 0.318547
21390.000000 0.318403
21395.000000 0.317862
21400.000000 0.317877
21405.000000 0.317863
21410.000000 0.317766
21415.000000 0.317332
21420.000000 0.317368
21425.000000 0.316945
21430.000000 0.316921
21435.000000 0.316792
21440.000000 0.316771
21445.000000 0.316563
21450.000000 0.316434
21455.000000 0.316283
21460.000000 0.315882
21465.000000 0.315923
21470.000000 0.315856
21475.000000 0.315799
21480.000000 0.315967
21485.000000 0.315531
21490.000000 0.315468
21495.000000 0.315539
21500.000000 0.315413
21505.000000 0.315447
21510.000000 0.315386
21515.000000 0.315427
21520.000000 0.315235
21525.000000 0.315312
21530.000000 0.315186
21535.000000 0.31527
21540.000000 0.315244
21545.000000 0.315211
21550.000000 0.315248
21555.000000 0.315432
21560.000000 0.315336
21565.000000 0.315464
21570.000000 0.315629
21575.000000 0.315695
21580.000000 0.315572
21585.000000 0.315776
21590.000000 0.31586
21595.000000 0.315817
21600.000000 0.316066
21605.000000 0.315966
21610.000000 0.315934
21615.000000 0.316282
21620.000000 0.316108
21625.000000 0.316092
21630.000000 0.316126
21635.000000 0.316284
21640.000000 0.316349
21645.000000 0.316161
21650.000000 0.31646
21655.000000 0.316449
21660.000000 0.316654
21665.000000 0.316574
21670.000000 0.316697
21675.000000 0.316941
21680.000000 0.316947
21685.000000 0.317189
21690.000000 0.317109
21695.000000 0.317198
21700.000000 0.317074
21705.000000 0.317276
21710.000000 0.317399
21715.000000 0.317708
21720.000000 0.317801
21725.000000 0.318168
21730.000000 0.318336
21735.000000 0.318499
21740.000000 0.318514
21745.000000 0.318798
21750.000000 0.318915
21755.000000 0.319284
21760.000000 0.319453
21765.000000 0.319523
21770.000000 0.319708
21775.000000 0.319808
21780.000000 0.320009
21785.000000 0.31985
21790.000000 0.320248
21795.000000 0.320258
21800.000000 0.320497
21805.000000 0.320705
21810.000000 0.320967
21815.000000 0.320905
21820.000000 0.321016
21825.000000 0.321154
21830.000000 0.321216
21835.000000 0.32094
21840.000000 0.320821
21845.000000 0.321006
21850.000000 0.320735
21855.000000 0.320638
21860.000000 0.320684
21865.000000 0.32039
21870.000000 0.320502
21875.000000 0.32012
21880.000000 0.319982
21885.000000 0.319684
21890.000000 0.31941
21895.000000 0.31903
21900.000000 0.318586
21905.000000 0.318183
21910.000000 0.317606
21915.000000 0.317016
21920.000000 0.316479
21925.000000 0.315766
21930.000000 0.315104
21935.000000 0.314314
21940.000000 0.313468
21945.000000 0.312775
21950.000000 0.311834
21955.000000 0.311037
21960.000000 0.309848
21965.000000 0.30891
21970.000000 0.30773
21975.000000 0.306538
21980.000000 0.305583
21985.000000 0.30465
21990.000000 0.303361
21995.000000 0.302262
22000.000000 0.300991
22005.000000 0.30004
22010.000000 0.299169
22015.000000 0.298054
22020.000000 0.297004
22025.000000 0.296084
22030.000000 0.294831
22035.000000 0.294015
22040.000000 0.293025
22045.000000 0.291973
22050.000000 0.291127
22055.000000 0.29031
22060.000000 0.28968
22065.000000 0.288915
22070.000000 0.287985
22075.000000 0.287304
22080.000000 0.286809
22085.000000 0.286027
22090.000000 0.285255
22095.000000 0.284881
22100.000000 0.284431
22105.000000 0.283791
22110.000000 0.283213
22115.000000 0.282619
22120.000000 0.282261
22125.000000 0.281625
22130.000000 0.281191
22135.000000 0.28108
22140.000000 0.280395
22145.000000 0.279849
22150.000000 0.27975
22155.000000 0.279237
22160.000000 0.278793
22165.000000 0.278468
22170.000000 0.278168
22175.000000 0.27785
22180.000000 0.277416
22185.000000 0.277082
22190.000000 0.276656
22195.000000 0.276172
22200.000000 0.27593
22205.000000 0.275396
22210.000000 0.275048
22215.000000 0.274904
22220.000000 0.274411
22225.000000 0.273959
22230.000000 0.27385
22235.000000 0.273411
22240.000000 0.273073
22245.000000 0.272581
22250.000000 0.272032
22255.000000 0.271756
22260.000000 0.271245
22265.000000 0.270779
22270.000000 0.270378
22275.000000 0.269774
22280.000000 0.269285
22285.000000 0.269096
22290.000000 0.268271
22295.000000 0.267855
22300.000000 0.267478
22305.000000 0.266849
22310.000000 0.266128
22315.000000 0.265787
22320.000000 0.265134
22325.000000 0.26467
22330.000000 0.263988
22335.000000 0.263568
22340.000000 0.263133
22345.000000 0.262448
22350.000000 0.261864
22355.000000 0.261269
22360.000000 0.260782
22365.000000 0.260463
22370.000000 0.25975
22375.000000 0.25908
22380.000000 0.258546
22385.000000 0.258326
22390.000000 0.257566
22395.000000 0.257256
22400.000000 0.256489
22405.000000 0.256197
22410.000000 0.255983
22415.000000 0.255655
22420.000000 0.255452
22425.000000 0.255011
22430.000000 0.254794
22435.000000 0.254764
22440.000000 0.254321
22445.000000 0.253898
22450.000000 0.25386
22455.000000 0.253506
22460.000000 0.253428
22465.000000 0.253452
22470.000000 0.253356
22475.000000 0.253141
22480.000000 0.25354
22485.000000 0.253571
22490.000000 0.253335
22495.000000 0.253704
22500.000000 0.253579
22505.000000 0.253954
22510.000000 0.253969
22515.000000 0.2541
22520.000000 0.254546
22525.000000 0.254543
22530.000000 0.25513
22535.000000 0.255543
22540.000000 0.255975
22545.000000 0.256657
22550.000000 0.256758
22555.000000 0.257543
22560.000000 0.258339
22565.000000 0.258708
22570.000000 0.259547
22575.000000 0.260197
22580.000000 0.2609
22585.000000 0.26186
22590.000000 0.262618
22595.000000 0.26342
22600.000000 0.264735
22605.000000 0.265507
22610.000000 0.266287
22615.000000 0.267714
22620.000000 0.268554
22625.000000 0.270157
22630.000000 0.271414
22635.000000 0.27246
22640.000000 0.274261
22645.000000 0.275379
22650.000000 0.27697
22655.000000 0.278174
22660.000000 0.280066
22665.000000 0.281596
22670.000000 0.282958
22675.000000 0.284819
22680.000000 0.286483
22685.000000 0.288191
22690.000000 0.290019
22695.000000 0.292004
22700.000000 0.293649
22705.000000 0.295523
22710.000000 0.297634
22715.000000 0.299856
22720.000000 0.301772
22725.000000 0.303456
22730.000000 0.305721
22735.000000 0.30779
22740.000000 0.309972
22745.000000 0.311928
22750.000000 0.313776
22755.000000 0.31607
22760.000000 0.318297
22765.000000 0.320164
22770.000000 0.322026
22775.000000 0.323938
22780.000000 0.325766
22785.000000 0.32747
22790.000000 0.32888
22795.000000 0.330736
22800.000000 0.33184
22805.000000 0.333372
22810.000000 0.33429
22815.000000 0.335257
22820.000000 0.336045
22825.000000 0.336527
22830.000000 0.336865
22835.000000 0.337161
22840.000000 0.337033
22845.000000 0.336695
22850.000000 0.336326
22855.000000 0.335306
22860.000000 0.334136
22865.000000 0.332658
22870.000000 0.331056
22875.000000 0.328748
22880.000000 0.326011
22885.000000 0.323278
22890.000000 0.320247
22895.000000 0.316906
22900.000000 0.313164
22905.000000 0.309248
22910.000000 0.304641
22915.000000 0.299626
22920.000000 0.294808
22925.000000 0.289697
22930.000000 0.284199
22935.000000 0.278335
22940.000000 0.272145
22945.000000 0.265713
22950.000000 0.259287
22955.000000 0.253151
22960.000000 0.246558
22965.000000 0.240023
22970.000000 0.233169
22975.000000 0.226043
22980.000000 0.219047
22985.000000 0.212381
22990.000000 0.206014
22995.000000 0.199221
23000.000000 0.192658
23005.000000 0.185645
23010.000000 0.178785
23015.000000 0.172562
23020.000000 0.1665
23025.000000 0.160469
23030.000000 0.154505
23035.000000 0.148346
23040.000000 0.142327
23045.000000 0.136817
23050.000000 0.131711
23055.000000 0.126554
23060.000000 0.121626
23065.000000 0.116733
23070.000000 0.11166
23075.000000 0.10715
23080.000000 0.102909
23085.000000 0.0988372
23090.000000 0.0947523
23095.000000 0.0910317
23100.000000 0.0871699
23105.000000 0.083312
23110.000000 0.0800562
23115.000000 0.0768989
23120.000000 0.0738089
23125.000000 0.0707744
23130.000000 0.0678229
23135.000000 0.064882
23140.000000 0.0621309
23145.000000 0.0596692
23150.000000 0.057358
23155.000000 0.055012
23160.000000 0.0528047
23165.000000 0.0505406
23170.000000 0.0484122
23175.000000 0.0466336
23180.000000 0.0447644
23185.000000 0.0429267
23190.000000 0.0412446
23195.000000 0.0396343
23200.000000 0.0380072
23205.000000 0.0365354
23210.000000 0.0350526
23215.000000 0.0337219
23220.000000 0.0325574
23225.000000 0.0311592
23230.000000 0.0299051
23235.000000 0.028734
23240.000000 0.0277308
23245.000000 0.0268077
23250.000000 0.0255907
23255.000000 0.0247567
23260.000000 0.0237958
23265.000000 0.022846
23270.000000 0.0220015
23275.000000 0.0212548
23280.000000 0.0204788
23285.000000 0.0198106
23290.000000 0.0189915
23295.000000 0.0183028
23300.000000 0.0176282
23305.000000 0.0170749
23310.000000 0.01654
23315.000000 0.0158253
23320.000000 0.015359
23325.000000 0.0148147
23330.000000 0.0142762
23335.000000 0.0137778
23340.000000 0.0133435
23345.000000 0.0128345
23350.000000 0.0124921
23355.000000 0.0120248
23360.000000 0.0116174
23365.000000 0.0111665
23370.000000 0.0108721
23375.000000 0.010595
23380.000000 0.0102133
23385.000000 0.00965987
23390.000000 0.0094924
23395.000000 0.0091714
23400.000000 0.00885374
23405.000000 0.00859359
23410.000000 0.00821842
23415.000000 0.00797984
23420.000000 0.00794157
23425.000000 0.00754397
23430.000000 0.00729361
23435.000000 0.00705928
23440.000000 0.00686679
23445.000000 0.00663381
23450.000000 0.00651349
23455.000000 0.00627625
23460.000000 0.00607056
23465.000000 0.00591842
23470.000000 0.00580418
23475.000000 0.0054072
23480.000000 0.00534819
23485.000000 0.00527545
23490.000000 0.00506354
23495.000000 0.00498896
23500.000000 0.00486172
23505.000000 0.00472253
23510.000000 0.00455061
23515.000000 0.00449031
23520.000000 0.00431638
23525.000000 0.00426731
23530.000000 0.00407868
23535.000000 0.00365878
23540.000000 0.00382557
23545.000000 0.00374984
23550.000000 0.00351479
23555.000000 0.00348124
23560.000000 0.00351468
23565.000000 0.00334006
23570.000000 0.00328226
23575.000000 0.00322713
23580.000000 0.00303309
23585.000000 0.00299778
23590.000000 0.00298151
23595.000000 0.00278213
23600.000000 0.00268471
23605.000000 0.00260911
23610.000000 0.00247463
23615.000000 0.00249232
23620.000000 0.00252071
23625.000000 0.00229653
23630.000000 0.00266279
23635.000000 0.00213217
23640.000000 0.00221829
23645.000000 0.00229531
23650.000000 0.00227403
23655.000000 0.00218585
23660.000000 0.00199788
23665.000000 0.00188769
23670.000000 0.00201176
23675.000000 0.00193961
23680.000000 0.00198724
23685.000000 0.00166279
23690.000000 0.00176082
23695.000000 0.00178594
23700.000000 0.00167681
23705.000000 0.00168787
23710.000000 0.00202192
23715.000000 0.0015704
23720.000000 0.00153201
23725.000000 0.00142241
23730.000000 0.00145399
23735.000000 0.00147728
23740.000000 0.00158917
23745.000000 0.00126928
23750.000000 0.00122398
23755.000000 0.00120304
23760.000000 0.00141423
23765.000000 0.00117582
23770.000000 0.00129734
23775.000000 0.00102451
23780.000000 0.00116695
23785.000000 0.00117315
23790.000000 0.00123643
23795.000000 0.00106537
23800.000000 0.000995468
23805.000000 0.001382
23810.000000 0.000959469
23815.000000 0.00105856
23820.000000 0.00118964
23825.000000 0.00107223
23830.000000 0.000858118
23835.000000 0.00105445
23840.000000 0.00106051
23845.000000 0.000856626
23850.000000 0.0011524
23855.000000 0.000997233
23860.000000 0.000837236
23865.000000 0.000992335
23870.000000 0.000650339
23875.000000 0.000736505
23880.000000 0.000740209
23885.000000 0.000592551
23890.000000 0.000728256
23895.000000 0.000903752
23900.000000 0.000242589
23905.000000 0.000623877
23910.000000 0.000888107
23915.000000 0.000648099
23920.000000 0.00105074
23925.000000 0.000407854
23930.000000 0.000563812
23935.000000 0.000607801
23940.000000 0.000354199
23945.000000 0.000127769
23950.000000 0.00029255
23955.000000 0.000706031
23960.000000 0.000727921
23965.000000 0.000657884
23970.000000 0.000390741
23975.000000 0.000634918
23980.000000 0.000562805
23985.000000 0.000471731
23990.000000 0.000606945
23995.000000 0.000286447
24000.000000 0.000527277
24005.000000 0.000510325
24010.000000 0.000425344
24015.000000 0.000195391
24020.000000 0.000342075
24025.000000 0.000686383
24030.000000 0.00021776
24035.000000 0.000504219
24040.000000 0.000506568
24045.000000 0.000965119
24050.000000 0.000722746
24055.000000 0.000725243
