# hst.nicmos.nicmos1.F140W
# photon
# HST NICMOS 1 F140W http://svo2.cab.inta-csic.es/theory/fps/index.php?id=HST/NICMOS1.F140W
9385.000000 4.56947e-05
9390.000000 0.000110122
9395.000000 0.000117123
9400.000000 0.000112562
9405.000000 0.000113882
9410.000000 0.000129798
9415.000000 0.000123699
9420.000000 0.000137473
9425.000000 0.000180947
9430.000000 0.000169669
9435.000000 0.000174311
9440.000000 0.000220467
9445.000000 0.0001882
9450.000000 0.000201057
9455.000000 0.000211829
9460.000000 0.000237849
9465.000000 0.000229932
9470.000000 0.000244041
9475.000000 0.000294706
9480.000000 0.000245402
9485.000000 0.000275522
9490.000000 0.000295483
9495.000000 0.000318975
9500.000000 0.000304488
9505.000000 0.000346702
9510.000000 0.000360863
9515.000000 0.000378875
9520.000000 0.000378055
9525.000000 0.000412696
9530.000000 0.000429862
9535.000000 0.000432721
9540.000000 0.000468071
9545.000000 0.000468834
9550.000000 0.000464835
9555.000000 0.00051635
9560.000000 0.000509347
9565.000000 0.000561896
9570.000000 0.000579042
9575.000000 0.000626613
9580.000000 0.000625189
9585.000000 0.000666231
9590.000000 0.000694185
9595.000000 0.000707058
9600.000000 0.000735785
9605.000000 0.000787148
9610.000000 0.000776755
9615.000000 0.000845571
9620.000000 0.000873018
9625.000000 0.000876033
9630.000000 0.000957911
9635.000000 0.000990062
9640.000000 0.00105198
9645.000000 0.00111609
9650.000000 0.00112356
9655.000000 0.00119281
9660.000000 0.00127955
9665.000000 0.00134062
9670.000000 0.00140275
9675.000000 0.00141944
9680.000000 0.00156621
9685.000000 0.0016099
9690.000000 0.0017185
9695.000000 0.00179374
9700.000000 0.00192427
9705.000000 0.00201518
9710.000000 0.00214117
9715.000000 0.00226041
9720.000000 0.00238145
9725.000000 0.00250276
9730.000000 0.00265261
9735.000000 0.00281359
9740.000000 0.00299164
9745.000000 0.00315831
9750.000000 0.00337871
9755.000000 0.00352948
9760.000000 0.00374975
9765.000000 0.00399219
9770.000000 0.00425394
9775.000000 0.00453597
9780.000000 0.00480906
9785.000000 0.00511681
9790.000000 0.00542326
9795.000000 0.00578234
9800.000000 0.00617754
9805.000000 0.00662133
9810.000000 0.00702598
9815.000000 0.00746185
9820.000000 0.00799553
9825.000000 0.00850255
9830.000000 0.00907002
9835.000000 0.00970295
9840.000000 0.0103475
9845.000000 0.0110561
9850.000000 0.0117483
9855.000000 0.0125319
9860.000000 0.0133863
9865.000000 0.0143153
9870.000000 0.0153004
9875.000000 0.0162816
9880.000000 0.0173509
9885.000000 0.0184353
9890.000000 0.0196649
9895.000000 0.0209998
9900.000000 0.0223372
9905.000000 0.0237295
9910.000000 0.0252098
9915.000000 0.0267264
9920.000000 0.0283212
9925.000000 0.0300444
9930.000000 0.0319078
9935.000000 0.0337101
9940.000000 0.035578
9945.000000 0.0375061
9950.000000 0.0395262
9955.000000 0.0415932
9960.000000 0.0437423
9965.000000 0.0459622
9970.000000 0.0481146
9975.000000 0.0502565
9980.000000 0.0525588
9985.000000 0.0548233
9990.000000 0.0572248
9995.000000 0.0595388
10000.000000 0.0618193
10005.000000 0.0640345
10010.000000 0.0663548
10015.000000 0.0686403
10020.000000 0.0709084
10025.000000 0.0731925
10030.000000 0.0753375
10035.000000 0.0773685
10040.000000 0.0793838
10045.000000 0.0813214
10050.000000 0.0831976
10055.000000 0.0850221
10060.000000 0.0868081
10065.000000 0.0883501
10070.000000 0.0898437
10075.000000 0.0912261
10080.000000 0.092569
10085.000000 0.0938202
10090.000000 0.0949586
10095.000000 0.0959337
10100.000000 0.0968049
10105.000000 0.0975763
10110.000000 0.0982668
10115.000000 0.0988644
10120.000000 0.0993697
10125.000000 0.099816
10130.000000 0.100118
10135.000000 0.100381
10140.000000 0.100506
10145.000000 0.100633
10150.000000 0.100675
10155.000000 0.100654
10160.000000 0.100572
10165.000000 0.100415
10170.000000 0.100274
10175.000000 0.100088
10180.000000 0.099849
10185.000000 0.0995701
10190.000000 0.099255
10195.000000 0.0989771
10200.000000 0.0986698
10205.000000 0.0983669
10210.000000 0.0980537
10215.000000 0.097741
10220.000000 0.0974417
10225.000000 0.0971371
10230.000000 0.0968463
10235.000000 0.0965589
10240.000000 0.0963001
10245.000000 0.0960263
10250.000000 0.0957819
10255.000000 0.0955666
10260.000000 0.0953835
10265.000000 0.0951951
10270.000000 0.0950318
10275.000000 0.0948982
10280.000000 0.0947904
10285.000000 0.0947096
10290.000000 0.0946557
10295.000000 0.0946219
10300.000000 0.0946174
10305.000000 0.094662
10310.000000 0.0946908
10315.000000 0.0947482
10320.000000 0.0948119
10325.000000 0.0949795
10330.000000 0.0951019
10335.000000 0.0952803
10340.000000 0.0954697
10345.000000 0.0956759
10350.000000 0.0959375
10355.000000 0.0961838
10360.000000 0.0964505
10365.000000 0.096768
10370.000000 0.0970578
10375.000000 0.0974329
10380.000000 0.0977787
10385.000000 0.0981414
10390.000000 0.0984956
10395.000000 0.0988984
10400.000000 0.0992587
10405.000000 0.0996589
10410.000000 0.100077
10415.000000 0.100473
10420.000000 0.100904
10425.000000 0.101289
10430.000000 0.101727
10435.000000 0.102159
10440.000000 0.10259
10445.000000 0.103012
10450.000000 0.103405
10455.000000 0.1038
10460.000000 0.104223
10465.000000 0.104614
10470.000000 0.105049
10475.000000 0.105402
10480.000000 0.105778
10485.000000 0.106118
10490.000000 0.106481
10495.000000 0.106819
10500.000000 0.107187
10505.000000 0.107503
10510.000000 0.107863
10515.000000 0.108165
10520.000000 0.108467
10525.000000 0.10877
10530.000000 0.109058
10535.000000 0.10934
10540.000000 0.109567
10545.000000 0.109805
10550.000000 0.110054
10555.000000 0.110251
10560.000000 0.110469
10565.000000 0.110673
10570.000000 0.110829
10575.000000 0.111023
10580.000000 0.111204
10585.000000 0.11134
10590.000000 0.11148
10595.000000 0.111624
10600.000000 0.11177
10605.000000 0.111874
10610.000000 0.111934
10615.000000 0.112031
10620.000000 0.112095
10625.000000 0.112172
10630.000000 0.112213
10635.000000 0.112301
10640.000000 0.112365
10645.000000 0.112419
10650.000000 0.11252
10655.000000 0.112575
10660.000000 0.112623
10665.000000 0.112726
10670.000000 0.112798
10675.000000 0.11288
10680.000000 0.112969
10685.000000 0.113063
10690.000000 0.113147
10695.000000 0.113219
10700.000000 0.113349
10705.000000 0.113544
10710.000000 0.113629
10715.000000 0.113759
10720.000000 0.113954
10725.000000 0.114096
10730.000000 0.114301
10735.000000 0.114465
10740.000000 0.114655
10745.000000 0.11483
10750.000000 0.115047
10755.000000 0.115244
10760.000000 0.115419
10765.000000 0.115619
10770.000000 0.115862
10775.000000 0.116075
10780.000000 0.116323
10785.000000 0.116554
10790.000000 0.116781
10795.000000 0.117021
10800.000000 0.11726
10805.000000 0.117523
10810.000000 0.117755
10815.000000 0.11802
10820.000000 0.118261
10825.000000 0.118482
10830.000000 0.118755
10835.000000 0.118996
10840.000000 0.119272
10845.000000 0.119525
10850.000000 0.119764
10855.000000 0.119967
10860.000000 0.120274
10865.000000 0.120457
10870.000000 0.120724
10875.000000 0.120978
10880.000000 0.121244
10885.000000 0.121478
10890.000000 0.121722
10895.000000 0.121973
10900.000000 0.122223
10905.000000 0.122462
10910.000000 0.122702
10915.000000 0.122942
10920.000000 0.123159
10925.000000 0.123404
10930.000000 0.123655
10935.000000 0.123894
10940.000000 0.124126
10945.000000 0.124356
10950.000000 0.124569
10955.000000 0.124796
10960.000000 0.125015
10965.000000 0.125215
10970.000000 0.125425
10975.000000 0.125665
10980.000000 0.125841
10985.000000 0.12606
10990.000000 0.12624
10995.000000 0.12644
11000.000000 0.126608
11005.000000 0.126646
11010.000000 0.126679
11015.000000 0.126754
11020.000000 0.126749
11025.000000 0.12678
11030.000000 0.126866
11035.000000 0.126879
11040.000000 0.126883
11045.000000 0.126954
11050.000000 0.126967
11055.000000 0.12698
11060.000000 0.127028
11065.000000 0.127056
11070.000000 0.127067
11075.000000 0.127091
11080.000000 0.127118
11085.000000 0.127116
11090.000000 0.127136
11095.000000 0.12713
11100.000000 0.127164
11105.000000 0.127178
11110.000000 0.127194
11115.000000 0.127263
11120.000000 0.127277
11125.000000 0.127296
11130.000000 0.127351
11135.000000 0.127386
11140.000000 0.127358
11145.000000 0.12741
11150.000000 0.127448
11155.000000 0.127475
11160.000000 0.127465
11165.000000 0.127524
11170.000000 0.127577
11175.000000 0.127534
11180.000000 0.127562
11185.000000 0.12761
11190.000000 0.12765
11195.000000 0.1276
11200.000000 0.127668
11205.000000 0.127667
11210.000000 0.127647
11215.000000 0.127679
11220.000000 0.127639
11225.000000 0.127671
11230.000000 0.12767
11235.000000 0.127678
11240.000000 0.127668
11245.000000 0.12764
11250.000000 0.127684
11255.000000 0.127666
11260.000000 0.127663
11265.000000 0.127647
11270.000000 0.127659
11275.000000 0.127648
11280.000000 0.127616
11285.000000 0.127628
11290.000000 0.127612
11295.000000 0.127605
11300.000000 0.127556
11305.000000 0.127565
11310.000000 0.127527
11315.000000 0.127495
11320.000000 0.127496
11325.000000 0.127475
11330.000000 0.127463
11335.000000 0.127411
11340.000000 0.127436
11345.000000 0.127375
11350.000000 0.127333
11355.000000 0.127266
11360.000000 0.127285
11365.000000 0.127252
11370.000000 0.127273
11375.000000 0.127208
11380.000000 0.127208
11385.000000 0.127117
11390.000000 0.127134
11395.000000 0.127088
11400.000000 0.127039
11405.000000 0.127031
11410.000000 0.127037
11415.000000 0.12704
11420.000000 0.127035
11425.000000 0.127034
11430.000000 0.127037
11435.000000 0.127035
11440.000000 0.127043
11445.000000 0.127021
11450.000000 0.127022
11455.000000 0.127037
11460.000000 0.127022
11465.000000 0.127008
11470.000000 0.126999
11475.000000 0.127023
11480.000000 0.12702
11485.000000 0.127036
11490.000000 0.12699
11495.000000 0.127045
11500.000000 0.12701
11505.000000 0.126974
11510.000000 0.126971
11515.000000 0.1269
11520.000000 0.126841
11525.000000 0.126801
11530.000000 0.126759
11535.000000 0.12669
11540.000000 0.126688
11545.000000 0.126619
11550.000000 0.126564
11555.000000 0.126538
11560.000000 0.126533
11565.000000 0.126479
11570.000000 0.126451
11575.000000 0.12637
11580.000000 0.126397
11585.000000 0.126328
11590.000000 0.126313
11595.000000 0.126275
11600.000000 0.126235
11605.000000 0.126181
11610.000000 0.126189
11615.000000 0.126147
11620.000000 0.126172
11625.000000 0.126167
11630.000000 0.126135
11635.000000 0.126135
11640.000000 0.126118
11645.000000 0.126069
11650.000000 0.126103
11655.000000 0.126083
11660.000000 0.126057
11665.000000 0.126061
11670.000000 0.126021
11675.000000 0.125987
11680.000000 0.125999
11685.000000 0.125973
11690.000000 0.125966
11695.000000 0.125951
11700.000000 0.125927
11705.000000 0.125865
11710.000000 0.125871
11715.000000 0.125857
11720.000000 0.125811
11725.000000 0.12577
11730.000000 0.125703
11735.000000 0.125698
11740.000000 0.125645
11745.000000 0.12559
11750.000000 0.125621
11755.000000 0.125558
11760.000000 0.125543
11765.000000 0.125513
11770.000000 0.125457
11775.000000 0.125387
11780.000000 0.125404
11785.000000 0.125341
11790.000000 0.125331
11795.000000 0.125311
11800.000000 0.125262
11805.000000 0.125302
11810.000000 0.125177
11815.000000 0.12519
11820.000000 0.125151
11825.000000 0.125128
11830.000000 0.125094
11835.000000 0.125058
11840.000000 0.125001
11845.000000 0.124999
11850.000000 0.124998
11855.000000 0.124947
11860.000000 0.124924
11865.000000 0.124901
11870.000000 0.124914
11875.000000 0.124894
11880.000000 0.124869
11885.000000 0.124879
11890.000000 0.124906
11895.000000 0.124866
11900.000000 0.124877
11905.000000 0.124867
11910.000000 0.124869
11915.000000 0.124831
11920.000000 0.12485
11925.000000 0.124854
11930.000000 0.124853
11935.000000 0.124865
11940.000000 0.12494
11945.000000 0.124886
11950.000000 0.124901
11955.000000 0.124909
11960.000000 0.12497
11965.000000 0.124985
11970.000000 0.124976
11975.000000 0.125044
11980.000000 0.125017
11985.000000 0.125075
11990.000000 0.125139
11995.000000 0.125186
12000.000000 0.125244
12005.000000 0.12532
12010.000000 0.125468
12015.000000 0.125575
12020.000000 0.12568
12025.000000 0.125815
12030.000000 0.125937
12035.000000 0.126045
12040.000000 0.126196
12045.000000 0.126301
12050.000000 0.126444
12055.000000 0.126597
12060.000000 0.12665
12065.000000 0.126815
12070.000000 0.126962
12075.000000 0.127117
12080.000000 0.127209
12085.000000 0.127345
12090.000000 0.127515
12095.000000 0.127652
12100.000000 0.127746
12105.000000 0.127928
12110.000000 0.128056
12115.000000 0.128189
12120.000000 0.128315
12125.000000 0.128451
12130.000000 0.128585
12135.000000 0.128688
12140.000000 0.128867
12145.000000 0.128967
12150.000000 0.129115
12155.000000 0.129235
12160.000000 0.129343
12165.000000 0.129469
12170.000000 0.129557
12175.000000 0.129693
12180.000000 0.129783
12185.000000 0.129836
12190.000000 0.129941
12195.000000 0.13003
12200.000000 0.130094
12205.000000 0.130137
12210.000000 0.130213
12215.000000 0.130242
12220.000000 0.130268
12225.000000 0.130302
12230.000000 0.130275
12235.000000 0.13032
12240.000000 0.130354
12245.000000 0.130332
12250.000000 0.130358
12255.000000 0.130306
12260.000000 0.130331
12265.000000 0.130324
12270.000000 0.130218
12275.000000 0.130215
12280.000000 0.130145
12285.000000 0.130082
12290.000000 0.130012
12295.000000 0.129921
12300.000000 0.129819
12305.000000 0.129795
12310.000000 0.129744
12315.000000 0.129672
12330.000000 0.129395
12335.000000 0.129292
12340.000000 0.129168
12345.000000 0.129069
12350.000000 0.128955
12355.000000 0.128797
12360.000000 0.128693
12365.000000 0.128538
12370.000000 0.128369
12375.000000 0.128229
12380.000000 0.128078
12385.000000 0.127921
12390.000000 0.127711
12395.000000 0.127569
12400.000000 0.1274
12405.000000 0.127205
12410.000000 0.127016
12415.000000 0.126834
12420.000000 0.126614
12425.000000 0.126403
12430.000000 0.126206
12435.000000 0.126012
12440.000000 0.125798
12445.000000 0.125606
12450.000000 0.125399
12455.000000 0.125187
12460.000000 0.124939
12465.000000 0.124761
12470.000000 0.124538
12475.000000 0.124352
12480.000000 0.124178
12485.000000 0.123946
12490.000000 0.12372
12495.000000 0.123552
12500.000000 0.123341
12505.000000 0.123117
12510.000000 0.122927
12515.000000 0.1227
12520.000000 0.122505
12525.000000 0.122334
12530.000000 0.122122
12535.000000 0.121966
12540.000000 0.121782
12545.000000 0.121593
12550.000000 0.121422
12555.000000 0.121271
12560.000000 0.121095
12565.000000 0.120922
12570.000000 0.120793
12575.000000 0.120639
12580.000000 0.120473
12585.000000 0.120327
12590.000000 0.120186
12595.000000 0.120059
12600.000000 0.119935
12605.000000 0.119845
12610.000000 0.119721
12615.000000 0.119621
12620.000000 0.119516
12625.000000 0.119451
12630.000000 0.119363
12635.000000 0.119306
12640.000000 0.119241
12645.000000 0.119162
12650.000000 0.11907
12655.000000 0.119074
12660.000000 0.119004
12665.000000 0.118969
12670.000000 0.118976
12675.000000 0.118921
12680.000000 0.118914
12685.000000 0.118912
12690.000000 0.118917
12695.000000 0.118917
12700.000000 0.118952
12705.000000 0.118919
12710.000000 0.118938
12715.000000 0.118934
12720.000000 0.118974
12725.000000 0.118987
12730.000000 0.119013
12735.000000 0.119069
12740.000000 0.119068
12745.000000 0.119158
12750.000000 0.119167
12755.000000 0.119241
12760.000000 0.119296
12765.000000 0.119379
12770.000000 0.119448
12775.000000 0.119583
12780.000000 0.119642
12785.000000 0.119763
12790.000000 0.119839
12795.000000 0.119951
12800.000000 0.120113
12805.000000 0.120204
12810.000000 0.120347
12815.000000 0.12049
12820.000000 0.120616
12825.000000 0.120777
12830.000000 0.12096
12835.000000 0.121115
12840.000000 0.121241
12845.000000 0.12142
12850.000000 0.121611
12855.000000 0.121803
12860.000000 0.121977
12865.000000 0.12216
12870.000000 0.122351
12875.000000 0.122489
12880.000000 0.122738
12885.000000 0.122916
12890.000000 0.123088
12895.000000 0.123301
12900.000000 0.123513
12905.000000 0.123657
12910.000000 0.123833
12915.000000 0.124058
12920.000000 0.124209
12925.000000 0.124362
12930.000000 0.124617
12935.000000 0.124814
12940.000000 0.124993
12945.000000 0.125202
12950.000000 0.125349
12955.000000 0.125545
12960.000000 0.125709
12965.000000 0.125895
12970.000000 0.12608
12975.000000 0.126278
12980.000000 0.126432
12985.000000 0.126625
12990.000000 0.126797
12995.000000 0.127004
13000.000000 0.12719
13005.000000 0.12745
13010.000000 0.127729
13015.000000 0.127973
13020.000000 0.128245
13025.000000 0.128518
13030.000000 0.128814
13035.000000 0.129044
13040.000000 0.129287
13045.000000 0.129557
13050.000000 0.129784
13055.000000 0.130035
13060.000000 0.130221
13065.000000 0.130519
13070.000000 0.130755
13075.000000 0.130998
13080.000000 0.131235
13085.000000 0.131463
13090.000000 0.131656
13095.000000 0.131868
13100.000000 0.132077
13105.000000 0.132256
13110.000000 0.132406
13115.000000 0.132573
13120.000000 0.132776
13125.000000 0.132944
13130.000000 0.133078
13135.000000 0.133234
13140.000000 0.133395
13145.000000 0.133525
13150.000000 0.133654
13155.000000 0.133797
13160.000000 0.133926
13165.000000 0.134063
13170.000000 0.13415
13175.000000 0.134304
13180.000000 0.134422
13185.000000 0.134514
13190.000000 0.134641
13195.000000 0.134722
13200.000000 0.134848
13205.000000 0.134931
13210.000000 0.135102
13215.000000 0.135195
13220.000000 0.135378
13225.000000 0.135491
13230.000000 0.13558
13235.000000 0.135696
13240.000000 0.135838
13245.000000 0.135942
13250.000000 0.136048
13255.000000 0.136145
13260.000000 0.136225
13265.000000 0.136335
13270.000000 0.136407
13275.000000 0.136541
13280.000000 0.136632
13285.000000 0.136683
13290.000000 0.136799
13295.000000 0.136898
13300.000000 0.136954
13305.000000 0.137069
13310.000000 0.137081
13315.000000 0.137182
13320.000000 0.137219
13325.000000 0.137294
13330.000000 0.137362
13335.000000 0.137395
13340.000000 0.137436
13345.000000 0.13751
13350.000000 0.137562
13355.000000 0.137608
13360.000000 0.137709
13365.000000 0.13775
13370.000000 0.137828
13375.000000 0.137856
13380.000000 0.137875
13385.000000 0.137928
13390.000000 0.137995
13395.000000 0.138068
13400.000000 0.138096
13405.000000 0.138158
13410.000000 0.138203
13415.000000 0.138287
13420.000000 0.138356
13425.000000 0.138386
13430.000000 0.138492
13435.000000 0.138562
13440.000000 0.138625
13445.000000 0.138721
13450.000000 0.138774
13455.000000 0.138854
13460.000000 0.138947
13465.000000 0.139028
13470.000000 0.139107
13475.000000 0.139166
13480.000000 0.139246
13485.000000 0.139311
13490.000000 0.139397
13495.000000 0.139501
13500.000000 0.139553
13505.000000 0.13962
13510.000000 0.139701
13515.000000 0.139767
13520.000000 0.139877
13525.000000 0.139906
13530.000000 0.140005
13535.000000 0.140055
13540.000000 0.140157
13545.000000 0.140201
13550.000000 0.140255
13555.000000 0.140327
13560.000000 0.140414
13565.000000 0.140473
13570.000000 0.140555
13575.000000 0.140594
13580.000000 0.140703
13585.000000 0.140789
13590.000000 0.140886
13595.000000 0.140961
13600.000000 0.141057
13605.000000 0.141087
13610.000000 0.141142
13615.000000 0.141214
13620.000000 0.141186
13625.000000 0.141312
13630.000000 0.141402
13635.000000 0.141478
13640.000000 0.141495
13645.000000 0.141542
13650.000000 0.141605
13655.000000 0.141661
13660.000000 0.141714
13665.000000 0.141756
13670.000000 0.141862
13675.000000 0.141864
13680.000000 0.14192
13685.000000 0.141921
13690.000000 0.14192
13695.000000 0.141969
13700.000000 0.14198
13705.000000 0.141945
13710.000000 0.141941
13715.000000 0.141928
13720.000000 0.141914
13725.000000 0.141826
13730.000000 0.14175
13735.000000 0.141742
13740.000000 0.141722
13745.000000 0.141635
13750.000000 0.141569
13755.000000 0.141456
13760.000000 0.141437
13765.000000 0.141361
13770.000000 0.141272
13775.000000 0.141256
13780.000000 0.141246
13785.000000 0.141173
13790.000000 0.141154
13795.000000 0.141202
13800.000000 0.141192
13805.000000 0.141145
13810.000000 0.141177
13815.000000 0.141176
13820.000000 0.141164
13825.000000 0.141188
13830.000000 0.141226
13835.000000 0.1413
13840.000000 0.141417
13845.000000 0.141484
13850.000000 0.141544
13855.000000 0.141691
13860.000000 0.141758
13865.000000 0.141858
13870.000000 0.142037
13875.000000 0.142152
13880.000000 0.142258
13885.000000 0.142359
13890.000000 0.14252
13895.000000 0.142661
13900.000000 0.142809
13905.000000 0.14295
13910.000000 0.143163
13915.000000 0.143301
13920.000000 0.143488
13925.000000 0.143667
13930.000000 0.14379
13935.000000 0.143968
13940.000000 0.144164
13945.000000 0.144311
13950.000000 0.144483
13955.000000 0.144671
13960.000000 0.144838
13965.000000 0.144985
13970.000000 0.145152
13975.000000 0.145377
13980.000000 0.14554
13985.000000 0.145723
13990.000000 0.145881
13995.000000 0.146037
14000.000000 0.146192
14005.000000 0.146361
14010.000000 0.146533
14015.000000 0.146644
14020.000000 0.14681
14025.000000 0.146992
14030.000000 0.147183
14035.000000 0.147245
14040.000000 0.147431
14045.000000 0.147603
14050.000000 0.147715
14055.000000 0.147848
14060.000000 0.148049
14065.000000 0.148186
14070.000000 0.148328
14075.000000 0.148444
14080.000000 0.148602
14085.000000 0.148725
14090.000000 0.148898
14095.000000 0.148994
14100.000000 0.149169
14105.000000 0.149273
14110.000000 0.149427
14115.000000 0.149535
14120.000000 0.149679
14125.000000 0.149831
14130.000000 0.149954
14135.000000 0.150103
14140.000000 0.150162
14145.000000 0.150333
14150.000000 0.150498
14155.000000 0.150575
14160.000000 0.150729
14165.000000 0.150868
14170.000000 0.151
14175.000000 0.151161
14180.000000 0.151226
14185.000000 0.151359
14190.000000 0.151465
14195.000000 0.151637
14200.000000 0.151734
14205.000000 0.151916
14210.000000 0.15203
14215.000000 0.152174
14220.000000 0.152335
14225.000000 0.152441
14230.000000 0.152575
14235.000000 0.152711
14240.000000 0.15284
14245.000000 0.152955
14250.000000 0.153122
14255.000000 0.153202
14260.000000 0.153365
14265.000000 0.153471
14270.000000 0.153604
14275.000000 0.15374
14280.000000 0.153871
14285.000000 0.153958
14290.000000 0.154115
14295.000000 0.154276
14300.000000 0.154417
14305.000000 0.154481
14310.000000 0.154585
14315.000000 0.15473
14320.000000 0.154855
14325.000000 0.154896
14330.000000 0.155014
14335.000000 0.155158
14340.000000 0.155243
14345.000000 0.155328
14350.000000 0.155432
14355.000000 0.155545
14360.000000 0.155649
14365.000000 0.155719
14370.000000 0.155833
14375.000000 0.155932
14380.000000 0.156017
14385.000000 0.156107
14390.000000 0.156172
14395.000000 0.156249
14400.000000 0.156343
14405.000000 0.156474
14410.000000 0.156533
14415.000000 0.156625
14420.000000 0.156737
14425.000000 0.156795
14430.000000 0.156888
14435.000000 0.156997
14440.000000 0.15709
14445.000000 0.157126
14450.000000 0.1572
14455.000000 0.157305
14460.000000 0.15733
14465.000000 0.15736
14470.000000 0.157455
14475.000000 0.157511
14480.000000 0.157564
14485.000000 0.157632
14490.000000 0.157716
14495.000000 0.157783
14500.000000 0.157813
14505.000000 0.157889
14510.000000 0.157942
14515.000000 0.158102
14520.000000 0.158062
14525.000000 0.15813
14530.000000 0.158162
14535.000000 0.158244
14540.000000 0.158243
14545.000000 0.158331
14550.000000 0.158364
14555.000000 0.158374
14560.000000 0.158456
14565.000000 0.158468
14570.000000 0.158504
14575.000000 0.158528
14580.000000 0.158588
14585.000000 0.158604
14590.000000 0.158631
14595.000000 0.158687
14600.000000 0.158698
14605.000000 0.158645
14610.000000 0.158675
14615.000000 0.158705
14620.000000 0.158767
14625.000000 0.158767
14630.000000 0.15875
14635.000000 0.158734
14640.000000 0.158741
14645.000000 0.158738
14650.000000 0.158734
14655.000000 0.158767
14660.000000 0.15875
14665.000000 0.158784
14670.000000 0.15872
14675.000000 0.158707
14680.000000 0.158766
14685.000000 0.158796
14690.000000 0.158743
14695.000000 0.1588
14700.000000 0.158759
14705.000000 0.158796
14710.000000 0.158841
14715.000000 0.158878
14720.000000 0.158906
14725.000000 0.15894
14730.000000 0.159026
14735.000000 0.159071
14740.000000 0.159112
14745.000000 0.159163
14750.000000 0.159217
14755.000000 0.159251
14760.000000 0.159289
14765.000000 0.159351
14770.000000 0.159414
14775.000000 0.159438
14780.000000 0.159533
14785.000000 0.159611
14790.000000 0.159625
14795.000000 0.159757
14800.000000 0.159805
14805.000000 0.159833
14810.000000 0.159874
14815.000000 0.159979
14820.000000 0.159997
14825.000000 0.160077
14830.000000 0.160139
14835.000000 0.160197
14840.000000 0.160279
14845.000000 0.16033
14850.000000 0.160392
14855.000000 0.160512
14860.000000 0.160603
14865.000000 0.160674
14870.000000 0.160768
14875.000000 0.160818
14880.000000 0.160924
14885.000000 0.161036
14890.000000 0.161117
14895.000000 0.161244
14900.000000 0.161321
14905.000000 0.161467
14910.000000 0.161544
14915.000000 0.161638
14920.000000 0.161824
14925.000000 0.161919
14930.000000 0.162031
14935.000000 0.162164
14940.000000 0.162346
14945.000000 0.162441
14950.000000 0.162621
14955.000000 0.162718
14960.000000 0.162886
14965.000000 0.163048
14970.000000 0.163211
14975.000000 0.163381
14980.000000 0.163524
14985.000000 0.163706
14990.000000 0.163852
14995.000000 0.164023
15000.000000 0.164171
15005.000000 0.16431
15010.000000 0.164403
15015.000000 0.164518
15020.000000 0.164585
15025.000000 0.164789
15030.000000 0.164796
15035.000000 0.164945
15040.000000 0.165098
15045.000000 0.165215
15050.000000 0.16534
15055.000000 0.165461
15060.000000 0.1656
15065.000000 0.165722
15070.000000 0.165875
15075.000000 0.166033
15080.000000 0.166175
15085.000000 0.166303
15090.000000 0.166429
15095.000000 0.166521
15100.000000 0.166721
15105.000000 0.166871
15110.000000 0.167095
15115.000000 0.167144
15120.000000 0.167402
15125.000000 0.16754
15130.000000 0.167708
15135.000000 0.167861
15140.000000 0.168041
15145.000000 0.168277
15150.000000 0.168396
15155.000000 0.168534
15160.000000 0.168711
15165.000000 0.16892
15170.000000 0.169089
15175.000000 0.169311
15180.000000 0.169425
15185.000000 0.1696
15190.000000 0.169745
15195.000000 0.169974
15200.000000 0.170114
15205.000000 0.170336
15210.000000 0.170517
15215.000000 0.170733
15220.000000 0.170849
15225.000000 0.171049
15230.000000 0.171173
15235.000000 0.171403
15240.000000 0.171601
15245.000000 0.17169
15250.000000 0.171905
15255.000000 0.172071
15260.000000 0.172296
15265.000000 0.172429
15270.000000 0.172595
15275.000000 0.172717
15280.000000 0.172914
15285.000000 0.173026
15290.000000 0.173207
15295.000000 0.173323
15300.000000 0.173438
15305.000000 0.173512
15310.000000 0.173606
15315.000000 0.173694
15320.000000 0.173795
15325.000000 0.173805
15330.000000 0.173924
15335.000000 0.173914
15340.000000 0.17394
15345.000000 0.173995
15350.000000 0.174024
15355.000000 0.174078
15360.000000 0.17411
15365.000000 0.174143
15370.000000 0.174171
15375.000000 0.174178
15380.000000 0.174184
15385.000000 0.174224
15390.000000 0.174211
15395.000000 0.17418
15400.000000 0.174161
15405.000000 0.17423
15410.000000 0.174237
15415.000000 0.174337
15420.000000 0.174324
15425.000000 0.174346
15430.000000 0.174355
15435.000000 0.174475
15440.000000 0.174404
15445.000000 0.174412
15450.000000 0.17441
15455.000000 0.17435
15460.000000 0.174366
15465.000000 0.174327
15470.000000 0.174365
15475.000000 0.174285
15480.000000 0.174244
15485.000000 0.174208
15490.000000 0.1742
15495.000000 0.174114
15500.000000 0.174055
15505.000000 0.173943
15510.000000 0.173857
15515.000000 0.173656
15520.000000 0.173484
15525.000000 0.173409
15530.000000 0.17324
15535.000000 0.173052
15540.000000 0.172905
15545.000000 0.172747
15550.000000 0.172568
15555.000000 0.172389
15560.000000 0.172235
15565.000000 0.172094
15570.000000 0.171888
15575.000000 0.171736
15580.000000 0.171529
15585.000000 0.171334
15590.000000 0.171136
15595.000000 0.170926
15600.000000 0.170804
15605.000000 0.170631
15610.000000 0.170445
15615.000000 0.170324
15620.000000 0.170102
15625.000000 0.169938
15630.000000 0.169827
15635.000000 0.169671
15640.000000 0.169495
15645.000000 0.169356
15650.000000 0.169144
15655.000000 0.169001
15660.000000 0.168789
15665.000000 0.168578
15670.000000 0.168474
15675.000000 0.168232
15680.000000 0.16805
15685.000000 0.167881
15690.000000 0.167747
15695.000000 0.167529
15700.000000 0.167409
15705.000000 0.167223
15710.000000 0.167071
15715.000000 0.166914
15720.000000 0.166708
15725.000000 0.166575
15730.000000 0.166435
15735.000000 0.166308
15740.000000 0.166101
15745.000000 0.165973
15750.000000 0.165813
15755.000000 0.165653
15760.000000 0.165487
15765.000000 0.165371
15770.000000 0.165214
15775.000000 0.165088
15780.000000 0.164996
15785.000000 0.164843
15790.000000 0.164732
15795.000000 0.164559
15800.000000 0.16449
15805.000000 0.16431
15810.000000 0.164233
15815.000000 0.164102
15820.000000 0.163938
15825.000000 0.163804
15830.000000 0.163694
15835.000000 0.163593
15840.000000 0.163484
15845.000000 0.163305
15850.000000 0.163258
15855.000000 0.163145
15860.000000 0.163075
15865.000000 0.162988
15870.000000 0.162897
15875.000000 0.162798
15880.000000 0.162738
15885.000000 0.162655
15890.000000 0.162565
15895.000000 0.16255
15900.000000 0.162474
15905.000000 0.162514
15910.000000 0.162497
15915.000000 0.162513
15920.000000 0.162534
15925.000000 0.162562
15930.000000 0.162584
15935.000000 0.1627
15940.000000 0.162676
15945.000000 0.162754
15950.000000 0.162821
15955.000000 0.162859
15960.000000 0.162906
15965.000000 0.162993
15970.000000 0.163124
15975.000000 0.163125
15980.000000 0.163202
15985.000000 0.163313
15990.000000 0.163366
15995.000000 0.163493
16000.000000 0.163601
16005.000000 0.163772
16010.000000 0.163991
16015.000000 0.164179
16020.000000 0.164379
16025.000000 0.164626
16030.000000 0.164822
16035.000000 0.165014
16040.000000 0.165252
16045.000000 0.16551
16050.000000 0.165723
16055.000000 0.166028
16060.000000 0.166262
16065.000000 0.166452
16070.000000 0.166729
16075.000000 0.166969
16080.000000 0.16726
16085.000000 0.167477
16090.000000 0.167824
16095.000000 0.168106
16100.000000 0.168354
16105.000000 0.168687
16110.000000 0.168995
16115.000000 0.169229
16120.000000 0.169557
16125.000000 0.169984
16130.000000 0.170299
16135.000000 0.170603
16140.000000 0.171006
16145.000000 0.171318
16150.000000 0.17163
16155.000000 0.172046
16160.000000 0.172395
16165.000000 0.172698
16170.000000 0.173079
16175.000000 0.173396
16180.000000 0.173805
16185.000000 0.174139
16190.000000 0.174514
16195.000000 0.174858
16200.000000 0.175266
16205.000000 0.175585
16210.000000 0.175896
16215.000000 0.17628
16220.000000 0.176618
16225.000000 0.176967
16230.000000 0.177367
16235.000000 0.177685
16240.000000 0.178047
16245.000000 0.178377
16250.000000 0.17873
16255.000000 0.179055
16260.000000 0.179424
16265.000000 0.179782
16270.000000 0.18012
16275.000000 0.180439
16280.000000 0.180829
16285.000000 0.181102
16290.000000 0.18145
16295.000000 0.181804
16300.000000 0.182191
16305.000000 0.182457
16310.000000 0.182793
16315.000000 0.183193
16320.000000 0.183485
16325.000000 0.183752
16330.000000 0.184124
16335.000000 0.184422
16340.000000 0.184738
16345.000000 0.185052
16350.000000 0.18541
16355.000000 0.185623
16360.000000 0.186011
16365.000000 0.186261
16370.000000 0.186562
16375.000000 0.186818
16380.000000 0.187175
16385.000000 0.187425
16390.000000 0.187759
16395.000000 0.187962
16400.000000 0.188264
16405.000000 0.188617
16410.000000 0.18881
16415.000000 0.189105
16420.000000 0.189337
16425.000000 0.189587
16430.000000 0.189831
16435.000000 0.190069
16440.000000 0.19033
16445.000000 0.190573
16450.000000 0.190724
16455.000000 0.191005
16460.000000 0.191215
16465.000000 0.191483
16470.000000 0.191703
16475.000000 0.191888
16480.000000 0.192092
16485.000000 0.192316
16490.000000 0.192488
16495.000000 0.192716
16500.000000 0.192862
16505.000000 0.193039
16510.000000 0.193231
16515.000000 0.193322
16520.000000 0.193535
16525.000000 0.193731
16530.000000 0.1938
16535.000000 0.193957
16540.000000 0.194155
16545.000000 0.194258
16550.000000 0.194363
16555.000000 0.19458
16560.000000 0.194646
16565.000000 0.194794
16570.000000 0.19496
16575.000000 0.195018
16580.000000 0.195187
16585.000000 0.195307
16590.000000 0.195408
16595.000000 0.19553
16600.000000 0.195673
16605.000000 0.195801
16610.000000 0.195924
16615.000000 0.196081
16620.000000 0.196156
16625.000000 0.196372
16630.000000 0.196434
16635.000000 0.19662
16640.000000 0.196754
16645.000000 0.196826
16650.000000 0.196944
16655.000000 0.197149
16660.000000 0.197227
16665.000000 0.19732
16670.000000 0.197507
16675.000000 0.197613
16680.000000 0.197798
16685.000000 0.197859
16690.000000 0.198026
16695.000000 0.198168
16700.000000 0.198276
16705.000000 0.198433
16710.000000 0.198618
16715.000000 0.198661
16720.000000 0.198818
16725.000000 0.19896
16730.000000 0.199139
16735.000000 0.199266
16740.000000 0.199389
16745.000000 0.199507
16750.000000 0.199647
16755.000000 0.199846
16760.000000 0.199975
16765.000000 0.200244
16770.000000 0.200392
16775.000000 0.200516
16780.000000 0.200734
16785.000000 0.200846
16790.000000 0.201024
16795.000000 0.201278
16800.000000 0.201461
16805.000000 0.201636
16810.000000 0.201889
16815.000000 0.202062
16820.000000 0.20228
16825.000000 0.202506
16830.000000 0.202744
16835.000000 0.203002
16840.000000 0.203234
16845.000000 0.203471
16850.000000 0.203694
16855.000000 0.203923
16860.000000 0.204189
16865.000000 0.204395
16870.000000 0.204666
16875.000000 0.204913
16880.000000 0.205228
16885.000000 0.20555
16890.000000 0.205716
16895.000000 0.206015
16900.000000 0.206324
16905.000000 0.206617
16910.000000 0.206841
16915.000000 0.207145
16920.000000 0.207408
16925.000000 0.20758
16930.000000 0.207894
16935.000000 0.208192
16940.000000 0.208393
16945.000000 0.208695
16950.000000 0.208936
16955.000000 0.209259
16960.000000 0.209466
16965.000000 0.209848
16970.000000 0.210133
16975.000000 0.210321
16980.000000 0.210656
16985.000000 0.210926
16990.000000 0.211203
16995.000000 0.211437
17000.000000 0.211764
17005.000000 0.211887
17010.000000 0.211977
17015.000000 0.212031
17020.000000 0.212173
17025.000000 0.212271
17030.000000 0.21242
17035.000000 0.21244
17040.000000 0.212496
17045.000000 0.212637
17050.000000 0.212716
17055.000000 0.212658
17060.000000 0.212787
17065.000000 0.212858
17070.000000 0.212972
17075.000000 0.213026
17080.000000 0.212987
17085.000000 0.213006
17090.000000 0.213088
17095.000000 0.213057
17100.000000 0.213045
17105.000000 0.213169
17110.000000 0.213218
17115.000000 0.213342
17120.000000 0.213326
17125.000000 0.21342
17130.000000 0.213458
17135.000000 0.213396
17140.000000 0.21346
17145.000000 0.213439
17150.000000 0.213392
17155.000000 0.213455
17160.000000 0.213415
17165.000000 0.213277
17170.000000 0.213288
17175.000000 0.213265
17180.000000 0.213103
17185.000000 0.213001
17190.000000 0.212922
17195.000000 0.212734
17200.000000 0.212655
17205.000000 0.212513
17210.000000 0.212393
17215.000000 0.21227
17220.000000 0.212049
17225.000000 0.211899
17230.000000 0.211753
17235.000000 0.211586
17240.000000 0.211347
17245.000000 0.211123
17250.000000 0.210893
17255.000000 0.210618
17260.000000 0.210399
17265.000000 0.210099
17270.000000 0.209772
17275.000000 0.209559
17280.000000 0.209294
17285.000000 0.209036
17290.000000 0.208636
17295.000000 0.208292
17300.000000 0.20803
17305.000000 0.207645
17310.000000 0.207225
17315.000000 0.206915
17320.000000 0.206479
17325.000000 0.206049
17330.000000 0.205706
17335.000000 0.205286
17340.000000 0.204869
17345.000000 0.204482
17350.000000 0.204037
17355.000000 0.20362
17360.000000 0.203214
17365.000000 0.202802
17370.000000 0.202459
17375.000000 0.201999
17380.000000 0.201638
17385.000000 0.201186
17390.000000 0.200682
17395.000000 0.200334
17400.000000 0.199959
17405.000000 0.199526
17410.000000 0.199241
17415.000000 0.198891
17420.000000 0.198505
17425.000000 0.198172
17430.000000 0.19789
17435.000000 0.197545
17440.000000 0.197258
17445.000000 0.196973
17450.000000 0.196689
17455.000000 0.196428
17460.000000 0.196305
17465.000000 0.195984
17470.000000 0.19574
17475.000000 0.195532
17480.000000 0.195352
17485.000000 0.195212
17490.000000 0.194984
17495.000000 0.194951
17500.000000 0.194845
17505.000000 0.194747
17510.000000 0.19457
17515.000000 0.194448
17520.000000 0.194332
17525.000000 0.194313
17530.000000 0.194356
17535.000000 0.194358
17540.000000 0.194303
17545.000000 0.194426
17550.000000 0.194438
17555.000000 0.194577
17560.000000 0.194712
17565.000000 0.194809
17570.000000 0.195081
17575.000000 0.195294
17580.000000 0.19549
17585.000000 0.195747
17590.000000 0.19602
17595.000000 0.196363
17600.000000 0.196638
17605.000000 0.197133
17610.000000 0.19761
17615.000000 0.198067
17620.000000 0.198605
17625.000000 0.199246
17630.000000 0.199669
17635.000000 0.200256
17640.000000 0.200877
17645.000000 0.201544
17650.000000 0.202132
17655.000000 0.202823
17660.000000 0.203582
17665.000000 0.204333
17670.000000 0.205073
17675.000000 0.205827
17680.000000 0.206604
17685.000000 0.207411
17690.000000 0.208044
17695.000000 0.208857
17700.000000 0.209643
17705.000000 0.21034
17710.000000 0.211042
17715.000000 0.211727
17720.000000 0.212474
17725.000000 0.213127
17730.000000 0.213735
17735.000000 0.214244
17740.000000 0.214953
17745.000000 0.215339
17750.000000 0.215793
17755.000000 0.21621
17760.000000 0.216407
17765.000000 0.216527
17770.000000 0.216584
17775.000000 0.216522
17780.000000 0.216449
17785.000000 0.21628
17790.000000 0.215748
17795.000000 0.215171
17800.000000 0.214519
17805.000000 0.213582
17810.000000 0.212642
17815.000000 0.211419
17820.000000 0.210029
17825.000000 0.20835
17830.000000 0.206475
17835.000000 0.204641
17840.000000 0.202491
17845.000000 0.200142
17850.000000 0.197586
17855.000000 0.194717
17860.000000 0.191722
17865.000000 0.18849
17870.000000 0.185298
17875.000000 0.181742
17880.000000 0.178338
17885.000000 0.174519
17890.000000 0.170419
17895.000000 0.166472
17900.000000 0.162316
17905.000000 0.158133
17910.000000 0.154014
17915.000000 0.14961
17920.000000 0.145103
17925.000000 0.140533
17930.000000 0.136175
17935.000000 0.131842
17940.000000 0.127565
17945.000000 0.123117
17950.000000 0.118807
17955.000000 0.114423
17960.000000 0.110066
17965.000000 0.106024
17970.000000 0.101987
17975.000000 0.098121
17980.000000 0.0942616
17985.000000 0.090428
17990.000000 0.086743
17995.000000 0.0831526
18000.000000 0.0797558
18005.000000 0.0763967
18010.000000 0.0731272
18015.000000 0.0698181
18020.000000 0.0668114
18025.000000 0.0639497
18030.000000 0.061119
18035.000000 0.0585645
18040.000000 0.0560274
18045.000000 0.0535648
18050.000000 0.0512153
18055.000000 0.0488223
18060.000000 0.0467486
18065.000000 0.0445749
18070.000000 0.042727
18075.000000 0.0408423
18080.000000 0.0388543
18085.000000 0.0372292
18090.000000 0.0356166
18095.000000 0.0341695
18100.000000 0.0327421
18105.000000 0.0313511
18110.000000 0.0298544
18115.000000 0.0284472
18120.000000 0.027181
18125.000000 0.0261006
18130.000000 0.0250937
18135.000000 0.0240216
18140.000000 0.0229748
18145.000000 0.0220188
18150.000000 0.0210833
18155.000000 0.0200701
18160.000000 0.0192312
18165.000000 0.0185036
18170.000000 0.0176892
18175.000000 0.0169259
18180.000000 0.0163298
18185.000000 0.0157434
18190.000000 0.0151373
18195.000000 0.0145407
18200.000000 0.013919
18205.000000 0.0131696
18210.000000 0.0126552
18215.000000 0.0120294
18220.000000 0.011809
18225.000000 0.0112599
18230.000000 0.0108184
18235.000000 0.0104218
18240.000000 0.0100878
18245.000000 0.00961424
18250.000000 0.00935185
18255.000000 0.00902722
18260.000000 0.00871823
18265.000000 0.00818222
18270.000000 0.0080135
18275.000000 0.00769535
18280.000000 0.00743126
18285.000000 0.00713117
18290.000000 0.00692427
18295.000000 0.00662513
18300.000000 0.00629861
18305.000000 0.00612112
18310.000000 0.0058803
18315.000000 0.00575565
18320.000000 0.00551621
18325.000000 0.00534551
18330.000000 0.00519838
18335.000000 0.00507505
18340.000000 0.00473929
18345.000000 0.0046907
18350.000000 0.00461083
18355.000000 0.00436766
18360.000000 0.00417746
18365.000000 0.00410714
18370.000000 0.00377018
18375.000000 0.00380831
18380.000000 0.00361866
18385.000000 0.00347395
18390.000000 0.00345398
18395.000000 0.00331055
18400.000000 0.00322648
18405.000000 0.00306235
18410.000000 0.00310351
18415.000000 0.0029062
18420.000000 0.0027658
18425.000000 0.00265873
18430.000000 0.00252913
18435.000000 0.0025416
18440.000000 0.00257187
18445.000000 0.00244133
18450.000000 0.00236381
18455.000000 0.00232181
18460.000000 0.00228113
18465.000000 0.00220681
18470.000000 0.00196481
18475.000000 0.00201337
18480.000000 0.0019366
18485.000000 0.00184965
18490.000000 0.00179487
18495.000000 0.00166816
18500.000000 0.00182615
18505.000000 0.00170666
18510.000000 0.00143725
18515.000000 0.00154381
18520.000000 0.00157133
18525.000000 0.00140631
18530.000000 0.00145807
18535.000000 0.00131562
18540.000000 0.00145271
18545.000000 0.00130375
18550.000000 0.00120072
18555.000000 0.00128554
18560.000000 0.00126911
18565.000000 0.00115741
18570.000000 0.00107632
18575.000000 0.00098252
18580.000000 0.00105253
18585.000000 0.0010404
18590.000000 0.00101954
18595.000000 0.00100083
18600.000000 0.000979037
18605.000000 0.000976621
18610.000000 0.000915903
18615.000000 0.000952209
18620.000000 0.000797491
18625.000000 0.000804965
18630.000000 0.000812916
18635.000000 0.000830014
18640.000000 0.000747359
18645.000000 0.000794909
18650.000000 0.000737169
18655.000000 0.000729201
18660.000000 0.000744077
18665.000000 0.000705812
18670.000000 0.000757848
18675.000000 0.000698377
18680.000000 0.000496056
18685.000000 0.00068365
18690.000000 0.000792829
18695.000000 0.00062258
18700.000000 0.000552763
18705.000000 0.00061486
18710.000000 0.000400108
18715.000000 0.000536683
18720.000000 0.000552894
18725.000000 0.000485861
18730.000000 0.000425751
18735.000000 0.000478508
18740.000000 0.000368721
18745.000000 0.000474561
18750.000000 0.000499438
18755.000000 0.00047602
18760.000000 0.00047629
18765.000000 0.000415276
18770.000000 0.000409744
18775.000000 0.000459864
18780.000000 0.000399984
18785.000000 0.000442042
18790.000000 0.000405521
18795.000000 0.000370153
18800.000000 0.000390919
18805.000000 0.000300611
18810.000000 0.000324263
18815.000000 0.000277794
18820.000000 0.000451412
18825.000000 0.000289127
18830.000000 0.000318568
18835.000000 0.000301954
18840.000000 0.000313641
18845.000000 0.000270039
18850.000000 0.000243027
18855.000000 0.000315761
18860.000000 0.000336758
18865.000000 0.000273567
18870.000000 0.000269295
18875.000000 0.000167785
18880.000000 0.00025083
18885.000000 0.000209907
18890.000000 0.000322802
18895.000000 0.000335577
18900.000000 0.000362354
18905.000000 0.000233947
18910.000000 0.000147169
18915.000000 0.000167573
18920.000000 0.000172137
18925.000000 0.0002035
18930.000000 0.000117991
18935.000000 0.000245353
18940.000000 0.000145963
18945.000000 0.000285739
18950.000000 0.000106442
18955.000000 0.000267264
18960.000000 0.000196574
18965.000000 0.000259102
18970.000000 0.000249176
18975.000000 0.000250338
18980.000000 0.000130375
18985.000000 0.000156367
18990.000000 8.39741e-05
18995.000000 0.000120293
19000.000000 8.91757e-05
19005.000000 0.000209266
19010.000000 0.000219242
19015.000000 4.8906e-05
19020.000000 0.000161251
19025.000000 7.87231e-05
19030.000000 0.000245008
19035.000000 0.000131112
19040.000000 0.000142283
19045.000000 0.000216727
19050.000000 0.000118708
19055.000000 5.54832e-05
19060.000000 0.000124772
19065.000000 0.000128611
19070.000000 0.000200741
