# hst.nicmos.nicmos2.F205W
# photon
# HST NICMOS 2 F205W http://svo2.cab.inta-csic.es/theory/fps/index.php?id=HST/NICMOS2.F205W
16025.000000 8.70992e-05
16030.000000 0.000115643
16040.000000 9.37331e-05
16045.000000 7.55654e-05
16050.000000 7.16882e-05
16055.000000 9.44035e-05
16060.000000 8.23262e-05
16065.000000 9.07304e-05
16070.000000 0.000103358
16075.000000 9.31782e-05
16080.000000 8.92952e-05
16085.000000 0.000101059
16090.000000 9.59499e-05
16095.000000 8.57476e-05
16100.000000 0.000127738
16105.000000 9.66432e-05
16110.000000 0.000126339
16115.000000 0.000121325
16120.000000 0.000129045
16125.000000 0.000118771
16130.000000 0.000131859
16135.000000 0.000108705
16140.000000 0.000130358
16145.000000 0.000139306
16150.000000 0.000141772
16155.000000 0.000120603
16160.000000 0.000164066
16165.000000 0.00018387
16170.000000 0.000180042
16175.000000 0.000144393
16180.000000 0.000172203
16185.000000 0.000142067
16190.000000 0.00017964
16195.000000 0.000169128
16200.000000 0.000215777
16205.000000 0.000209671
16210.000000 0.000210132
16215.000000 0.000193498
16220.000000 0.000229503
16225.000000 0.000204903
16230.000000 0.00022332
16235.000000 0.000246213
16240.000000 0.00031883
16245.000000 0.000267571
16250.000000 0.000345087
16255.000000 0.000314384
16260.000000 0.000298827
16265.000000 0.000324489
16270.000000 0.000366221
16275.000000 0.000367051
16280.000000 0.00028583
16285.000000 0.000384803
16290.000000 0.000392539
16295.000000 0.000398103
16300.000000 0.000380909
16305.000000 0.000442054
16310.000000 0.000454266
16315.000000 0.000462622
16320.000000 0.000514466
16325.000000 0.000527518
16330.000000 0.000556763
16335.000000 0.000539519
16340.000000 0.000587769
16345.000000 0.000610344
16350.000000 0.000595345
16355.000000 0.000641615
16360.000000 0.00067631
16365.000000 0.000685078
16370.000000 0.000708276
16375.000000 0.000748274
16380.000000 0.000725843
16385.000000 0.000797327
16390.000000 0.000760763
16395.000000 0.00082532
16400.000000 0.000909306
16405.000000 0.000926191
16410.000000 0.000930878
16415.000000 0.00101311
16420.000000 0.000984339
16425.000000 0.00102614
16430.000000 0.00107283
16435.000000 0.00109544
16440.000000 0.00111831
16445.000000 0.00118697
16450.000000 0.00121769
16455.000000 0.0012062
16460.000000 0.00130134
16465.000000 0.00133203
16470.000000 0.00134282
16475.000000 0.00143108
16480.000000 0.00147273
16485.000000 0.00151638
16490.000000 0.00158331
16495.000000 0.00156258
16500.000000 0.00161884
16505.000000 0.00163344
16510.000000 0.00170115
16515.000000 0.00182773
16520.000000 0.00182239
16525.000000 0.00187246
16530.000000 0.00191389
16535.000000 0.00199572
16540.000000 0.0020292
16545.000000 0.00207859
16550.000000 0.00212035
16555.000000 0.00218081
16560.000000 0.00224353
16565.000000 0.0022964
16570.000000 0.00234975
16575.000000 0.00241131
16580.000000 0.00246293
16585.000000 0.00253903
16590.000000 0.00259247
16595.000000 0.00264329
16600.000000 0.00267516
16605.000000 0.00278647
16610.000000 0.00278384
16615.000000 0.00289371
16620.000000 0.00296701
16625.000000 0.00302042
16630.000000 0.00306775
16635.000000 0.00313093
16640.000000 0.003202
16645.000000 0.00329361
16650.000000 0.00342404
16655.000000 0.00338222
16660.000000 0.00352425
16665.000000 0.00357881
16670.000000 0.00361057
16675.000000 0.0036791
16680.000000 0.00377085
16685.000000 0.00386753
16690.000000 0.00392077
16695.000000 0.00400867
16700.000000 0.00410345
16705.000000 0.00417436
16710.000000 0.004236
16715.000000 0.00430757
16720.000000 0.00442062
16725.000000 0.00451857
16730.000000 0.00461912
16735.000000 0.00465684
16740.000000 0.00477326
16745.000000 0.00486005
16750.000000 0.00496672
16755.000000 0.00506752
16760.000000 0.00515886
16765.000000 0.00524631
16770.000000 0.00536949
16775.000000 0.00547367
16780.000000 0.00556636
16785.000000 0.00566511
16790.000000 0.00580643
16795.000000 0.00595288
16800.000000 0.00602889
16805.000000 0.0061537
16810.000000 0.00628122
16815.000000 0.00643676
16820.000000 0.00654308
16825.000000 0.00669709
16830.000000 0.00682261
16835.000000 0.00695459
16840.000000 0.00710709
16845.000000 0.00726013
16850.000000 0.00742518
16855.000000 0.00753494
16860.000000 0.00772282
16865.000000 0.00792393
16870.000000 0.00808767
16875.000000 0.00824747
16880.000000 0.00841952
16885.000000 0.00862445
16890.000000 0.00884213
16895.000000 0.0090196
16900.000000 0.00921894
16905.000000 0.00946641
16910.000000 0.00968171
16915.000000 0.00989109
16920.000000 0.01011
16925.000000 0.010296
16930.000000 0.0106218
16935.000000 0.0109462
16940.000000 0.0111426
16945.000000 0.0113469
16950.000000 0.0116849
16955.000000 0.0120086
16960.000000 0.012288
16965.000000 0.0126162
16970.000000 0.0129489
16975.000000 0.0132377
16980.000000 0.0135788
16985.000000 0.0139136
16990.000000 0.014276
16995.000000 0.0146588
17000.000000 0.0150879
17005.000000 0.0154307
17010.000000 0.0158597
17015.000000 0.0163099
17020.000000 0.0167436
17025.000000 0.0171807
17030.000000 0.01763
17035.000000 0.0181282
17040.000000 0.0186213
17045.000000 0.0191566
17050.000000 0.0195775
17055.000000 0.0201889
17060.000000 0.0208145
17065.000000 0.0213099
17070.000000 0.0219368
17075.000000 0.02252
17080.000000 0.0231999
17085.000000 0.0238087
17090.000000 0.0246045
17095.000000 0.0252782
17100.000000 0.0260568
17105.000000 0.0267773
17110.000000 0.0275732
17115.000000 0.0283932
17120.000000 0.0292934
17125.000000 0.0302005
17130.000000 0.0311036
17135.000000 0.0320419
17140.000000 0.032993
17145.000000 0.0340067
17150.000000 0.0350613
17155.000000 0.0362558
17160.000000 0.0373261
17165.000000 0.0384578
17170.000000 0.0395608
17175.000000 0.0408245
17180.000000 0.0421389
17185.000000 0.0434611
17190.000000 0.0448566
17195.000000 0.0462098
17200.000000 0.0476276
17205.000000 0.0490271
17210.000000 0.0506014
17215.000000 0.0522397
17220.000000 0.0538202
17225.000000 0.0554727
17230.000000 0.057113
17235.000000 0.0588036
17240.000000 0.0606729
17245.000000 0.0625352
17250.000000 0.0644676
17255.000000 0.0663491
17260.000000 0.0682997
17265.000000 0.070194
17270.000000 0.0722962
17275.000000 0.0744788
17280.000000 0.0766032
17285.000000 0.0788
17290.000000 0.0810299
17295.000000 0.0832035
17300.000000 0.0853915
17305.000000 0.0877159
17310.000000 0.0902003
17315.000000 0.0925676
17330.000000 0.0996968
17335.000000 0.102042
17340.000000 0.104658
17345.000000 0.107259
17350.000000 0.109715
17355.000000 0.112193
17360.000000 0.114632
17365.000000 0.117028
17370.000000 0.119546
17375.000000 0.122201
17380.000000 0.124688
17385.000000 0.127043
17390.000000 0.129515
17395.000000 0.131864
17400.000000 0.134503
17405.000000 0.136917
17410.000000 0.139431
17415.000000 0.141692
17420.000000 0.143928
17425.000000 0.1462
17430.000000 0.1486
17435.000000 0.150929
17440.000000 0.153193
17445.000000 0.155223
17450.000000 0.157256
17455.000000 0.159323
17460.000000 0.161355
17465.000000 0.163318
17470.000000 0.165453
17475.000000 0.167414
17480.000000 0.169102
17485.000000 0.17092
17490.000000 0.172643
17495.000000 0.174409
17500.000000 0.176262
17505.000000 0.177784
17510.000000 0.179399
17515.000000 0.18087
17520.000000 0.18233
17525.000000 0.183822
17530.000000 0.18541
17535.000000 0.186765
17540.000000 0.188019
17545.000000 0.189325
17550.000000 0.190518
17555.000000 0.191709
17560.000000 0.193002
17565.000000 0.194203
17570.000000 0.195408
17575.000000 0.196442
17580.000000 0.19746
17585.000000 0.198537
17590.000000 0.199614
17595.000000 0.200657
17600.000000 0.201722
17605.000000 0.202634
17610.000000 0.203585
17615.000000 0.204535
17620.000000 0.205501
17625.000000 0.206529
17630.000000 0.207463
17635.000000 0.208249
17640.000000 0.209037
17645.000000 0.209935
17650.000000 0.210803
17655.000000 0.21163
17660.000000 0.212445
17665.000000 0.213196
17670.000000 0.213971
17675.000000 0.214658
17680.000000 0.215343
17685.000000 0.216196
17690.000000 0.216829
17695.000000 0.217451
17700.000000 0.218077
17705.000000 0.218701
17710.000000 0.219337
17715.000000 0.219899
17720.000000 0.220449
17725.000000 0.220949
17730.000000 0.22146
17735.000000 0.221815
17740.000000 0.222333
17745.000000 0.222708
17750.000000 0.223233
17755.000000 0.223591
17760.000000 0.223997
17765.000000 0.224312
17770.000000 0.224689
17775.000000 0.22496
17780.000000 0.225184
17785.000000 0.225511
17790.000000 0.225726
17795.000000 0.225824
17800.000000 0.226072
17805.000000 0.226165
17810.000000 0.226282
17815.000000 0.226507
17820.000000 0.226696
17825.000000 0.226645
17830.000000 0.226755
17835.000000 0.226668
17840.000000 0.226699
17845.000000 0.2267
17850.000000 0.226712
17855.000000 0.226658
17860.000000 0.226524
17865.000000 0.226476
17870.000000 0.22632
17875.000000 0.226187
17880.000000 0.226053
17885.000000 0.225933
17890.000000 0.225685
17895.000000 0.225437
17900.000000 0.225282
17905.000000 0.225058
17910.000000 0.224713
17915.000000 0.224403
17920.000000 0.224073
17925.000000 0.223816
17930.000000 0.22358
17935.000000 0.22321
17940.000000 0.222857
17945.000000 0.222553
17950.000000 0.222164
17955.000000 0.221837
17960.000000 0.221532
17965.000000 0.221162
17970.000000 0.220684
17975.000000 0.220454
17980.000000 0.220008
17985.000000 0.219691
17990.000000 0.219333
17995.000000 0.218988
18000.000000 0.218575
18005.000000 0.218151
18010.000000 0.217753
18015.000000 0.217349
18020.000000 0.216915
18025.000000 0.216603
18030.000000 0.216063
18035.000000 0.215723
18040.000000 0.215359
18045.000000 0.215031
18050.000000 0.214623
18055.000000 0.214254
18060.000000 0.214029
18065.000000 0.21354
18070.000000 0.213292
18075.000000 0.212987
18080.000000 0.212685
18085.000000 0.212478
18090.000000 0.212248
18095.000000 0.211892
18100.000000 0.211636
18105.000000 0.211417
18110.000000 0.211208
18115.000000 0.211037
18120.000000 0.210957
18125.000000 0.210661
18130.000000 0.210544
18135.000000 0.21048
18140.000000 0.210319
18145.000000 0.21032
18150.000000 0.21019
18155.000000 0.210164
18160.000000 0.2101
18165.000000 0.210013
18170.000000 0.210025
18175.000000 0.210088
18180.000000 0.210027
18185.000000 0.210005
18190.000000 0.210122
18195.000000 0.210134
18200.000000 0.210133
18205.000000 0.210117
18210.000000 0.21018
18215.000000 0.210301
18220.000000 0.210382
18225.000000 0.210372
18230.000000 0.210547
18235.000000 0.210669
18240.000000 0.210799
18245.000000 0.21091
18250.000000 0.21103
18255.000000 0.211179
18260.000000 0.211393
18265.000000 0.211655
18270.000000 0.21173
18275.000000 0.211878
18280.000000 0.21208
18285.000000 0.212261
18290.000000 0.212577
18295.000000 0.212859
18300.000000 0.212977
18305.000000 0.213261
18310.000000 0.21362
18315.000000 0.213966
18320.000000 0.21429
18325.000000 0.214646
18330.000000 0.214964
18335.000000 0.215359
18340.000000 0.215625
18345.000000 0.215925
18350.000000 0.216189
18355.000000 0.216569
18360.000000 0.21711
18365.000000 0.21739
18370.000000 0.217781
18375.000000 0.21823
18380.000000 0.218454
18385.000000 0.21878
18390.000000 0.219198
18395.000000 0.219341
18400.000000 0.219793
18405.000000 0.220221
18410.000000 0.220472
18415.000000 0.220731
18420.000000 0.221281
18425.000000 0.221422
18430.000000 0.221717
18435.000000 0.221951
18440.000000 0.222197
18445.000000 0.22246
18450.000000 0.222633
18455.000000 0.222787
18460.000000 0.223042
18465.000000 0.223322
18470.000000 0.223585
18475.000000 0.223663
18480.000000 0.223962
18485.000000 0.224192
18490.000000 0.22429
18495.000000 0.224505
18500.000000 0.224686
18505.000000 0.224825
18510.000000 0.22501
18515.000000 0.225224
18520.000000 0.22526
18525.000000 0.225216
18530.000000 0.225538
18535.000000 0.225443
18540.000000 0.225464
18545.000000 0.225504
18550.000000 0.225521
18555.000000 0.225535
18560.000000 0.225661
18565.000000 0.225692
18570.000000 0.225558
18575.000000 0.225664
18580.000000 0.225574
18585.000000 0.225663
18590.000000 0.225606
18595.000000 0.225495
18600.000000 0.225343
18605.000000 0.225081
18610.000000 0.225195
18615.000000 0.225095
18620.000000 0.224977
18625.000000 0.224896
18630.000000 0.224915
18635.000000 0.224607
18640.000000 0.22431
18645.000000 0.224173
18650.000000 0.224058
18655.000000 0.223883
18660.000000 0.223768
18665.000000 0.223679
18670.000000 0.223329
18675.000000 0.222974
18680.000000 0.222872
18685.000000 0.222502
18690.000000 0.222346
18695.000000 0.222293
18700.000000 0.221975
18705.000000 0.221567
18710.000000 0.221594
18715.000000 0.221389
18720.000000 0.221209
18725.000000 0.220518
18730.000000 0.220418
18735.000000 0.220383
18740.000000 0.220014
18745.000000 0.220015
18750.000000 0.219627
18755.000000 0.219508
18760.000000 0.219331
18765.000000 0.218955
18770.000000 0.218674
18775.000000 0.218697
18780.000000 0.218385
18785.000000 0.218009
18790.000000 0.217965
18795.000000 0.217855
18800.000000 0.217473
18805.000000 0.217489
18810.000000 0.217081
18815.000000 0.216935
18820.000000 0.216823
18825.000000 0.216574
18830.000000 0.21645
18835.000000 0.216227
18840.000000 0.21596
18845.000000 0.21586
18850.000000 0.215675
18855.000000 0.215453
18860.000000 0.21542
18865.000000 0.215246
18870.000000 0.21511
18875.000000 0.215209
18880.000000 0.21498
18885.000000 0.214802
18890.000000 0.214636
18895.000000 0.214539
18900.000000 0.214413
18905.000000 0.214481
18910.000000 0.21424
18915.000000 0.214092
18920.000000 0.214024
18925.000000 0.213975
18930.000000 0.213892
18935.000000 0.213854
18940.000000 0.213783
18945.000000 0.213685
18950.000000 0.213579
18955.000000 0.213729
18960.000000 0.213608
18965.000000 0.213581
18970.000000 0.213572
18975.000000 0.213511
18980.000000 0.213519
18985.000000 0.213522
18990.000000 0.213524
18995.000000 0.213503
19000.000000 0.213325
19005.000000 0.213599
19010.000000 0.213689
19015.000000 0.213795
19020.000000 0.213863
19025.000000 0.213801
19030.000000 0.214064
19035.000000 0.214237
19040.000000 0.214304
19045.000000 0.214546
19050.000000 0.214461
19055.000000 0.214629
19060.000000 0.214821
19065.000000 0.214956
19070.000000 0.215182
19075.000000 0.215382
19080.000000 0.215465
19085.000000 0.215742
19090.000000 0.215965
19095.000000 0.215967
19100.000000 0.216285
19105.000000 0.216528
19110.000000 0.216764
19115.000000 0.216942
19120.000000 0.217282
19125.000000 0.21748
19130.000000 0.217724
19135.000000 0.21794
19140.000000 0.218336
19145.000000 0.218605
19150.000000 0.218955
19155.000000 0.219236
19160.000000 0.219407
19165.000000 0.219895
19170.000000 0.220206
19175.000000 0.22048
19180.000000 0.220622
19185.000000 0.221064
19190.000000 0.221319
19195.000000 0.221468
19200.000000 0.221923
19205.000000 0.22219
19210.000000 0.222601
19215.000000 0.222706
19220.000000 0.222978
19225.000000 0.223205
19230.000000 0.223423
19235.000000 0.223754
19240.000000 0.22394
19245.000000 0.224251
19250.000000 0.224531
19255.000000 0.224758
19260.000000 0.224992
19265.000000 0.225222
19270.000000 0.225475
19275.000000 0.225746
19280.000000 0.226051
19285.000000 0.226375
19290.000000 0.226499
19295.000000 0.226727
19300.000000 0.227122
19305.000000 0.227458
19310.000000 0.227677
19315.000000 0.227929
19320.000000 0.227936
19325.000000 0.22841
19330.000000 0.228605
19335.000000 0.228871
19340.000000 0.229015
19345.000000 0.229354
19350.000000 0.229526
19355.000000 0.22975
19360.000000 0.230001
19365.000000 0.230316
19370.000000 0.230431
19375.000000 0.230634
19380.000000 0.230825
19385.000000 0.231179
19390.000000 0.231342
19395.000000 0.231528
19400.000000 0.231764
19405.000000 0.231948
19410.000000 0.23231
19415.000000 0.232588
19420.000000 0.232758
19425.000000 0.232916
19430.000000 0.233214
19435.000000 0.233366
19440.000000 0.233597
19445.000000 0.23384
19450.000000 0.234055
19455.000000 0.234206
19460.000000 0.234388
19465.000000 0.234847
19470.000000 0.234976
19475.000000 0.234971
19480.000000 0.235226
19485.000000 0.235336
19490.000000 0.235573
19495.000000 0.235687
19500.000000 0.235857
19505.000000 0.236065
19510.000000 0.236261
19515.000000 0.236202
19520.000000 0.236477
19525.000000 0.236604
19530.000000 0.23668
19535.000000 0.236956
19540.000000 0.236955
19545.000000 0.237143
19550.000000 0.237356
19555.000000 0.23733
19560.000000 0.237587
19565.000000 0.237313
19570.000000 0.237575
19575.000000 0.23772
19580.000000 0.237578
19585.000000 0.237814
19590.000000 0.237805
19595.000000 0.237738
19600.000000 0.238099
19605.000000 0.237812
19610.000000 0.238024
19615.000000 0.238065
19620.000000 0.237968
19625.000000 0.237903
19630.000000 0.237968
19635.000000 0.237826
19640.000000 0.237803
19645.000000 0.237827
19650.000000 0.237785
19655.000000 0.237798
19660.000000 0.237805
19665.000000 0.237632
19670.000000 0.237673
19675.000000 0.237574
19680.000000 0.237478
19685.000000 0.237331
19690.000000 0.23725
19695.000000 0.237189
19700.000000 0.237287
19705.000000 0.237028
19710.000000 0.236921
19715.000000 0.236614
19720.000000 0.236648
19725.000000 0.23633
19730.000000 0.236507
19735.000000 0.236078
19740.000000 0.236063
19745.000000 0.235812
19750.000000 0.235505
19755.000000 0.23547
19760.000000 0.235332
19765.000000 0.235367
19770.000000 0.235108
19775.000000 0.234848
19780.000000 0.234665
19785.000000 0.234433
19790.000000 0.234414
19795.000000 0.234167
19800.000000 0.234005
19805.000000 0.233853
19810.000000 0.233738
19815.000000 0.233486
19820.000000 0.233242
19825.000000 0.233108
19830.000000 0.23314
19835.000000 0.232705
19840.000000 0.232463
19845.000000 0.23259
19850.000000 0.232278
19855.000000 0.232084
19860.000000 0.232008
19865.000000 0.231847
19870.000000 0.23158
19875.000000 0.231413
19880.000000 0.231305
19885.000000 0.231091
19890.000000 0.230982
19895.000000 0.23083
19900.000000 0.230645
19905.000000 0.230602
19910.000000 0.230301
19915.000000 0.230106
19920.000000 0.230029
19925.000000 0.229803
19930.000000 0.229746
19935.000000 0.229574
19940.000000 0.229478
19945.000000 0.229383
19950.000000 0.229269
19955.000000 0.229118
19960.000000 0.228849
19965.000000 0.228688
19970.000000 0.22864
19975.000000 0.228494
19980.000000 0.228438
19985.000000 0.228292
19990.000000 0.228316
19995.000000 0.228155
20000.000000 0.228084
20005.000000 0.228364
20010.000000 0.228528
20015.000000 0.228819
20020.000000 0.229055
20025.000000 0.22918
20030.000000 0.229446
20035.000000 0.229637
20040.000000 0.229966
20045.000000 0.230107
20050.000000 0.230502
20055.000000 0.230576
20060.000000 0.231011
20065.000000 0.231207
20070.000000 0.231534
20075.000000 0.231893
20080.000000 0.232022
20085.000000 0.23246
20090.000000 0.23254
20095.000000 0.232979
20100.000000 0.233364
20105.000000 0.233707
20110.000000 0.234023
20115.000000 0.234432
20120.000000 0.234621
20125.000000 0.235074
20130.000000 0.235465
20135.000000 0.235859
20140.000000 0.236233
20145.000000 0.236753
20150.000000 0.237262
20155.000000 0.23745
20160.000000 0.237821
20165.000000 0.238323
20170.000000 0.238774
20175.000000 0.239384
20180.000000 0.239626
20185.000000 0.240151
20190.000000 0.240698
20195.000000 0.240906
20200.000000 0.241568
20205.000000 0.241987
20210.000000 0.242534
20215.000000 0.243008
20220.000000 0.243358
20225.000000 0.243867
20230.000000 0.244418
20235.000000 0.244736
20240.000000 0.245419
20245.000000 0.245838
20250.000000 0.246335
20255.000000 0.246953
20260.000000 0.247474
20265.000000 0.247899
20270.000000 0.248572
20275.000000 0.249129
20280.000000 0.249522
20285.000000 0.250076
20290.000000 0.250698
20295.000000 0.251241
20300.000000 0.251792
20305.000000 0.25232
20310.000000 0.252944
20315.000000 0.253427
20320.000000 0.253966
20325.000000 0.254654
20330.000000 0.2551
20335.000000 0.255301
20340.000000 0.256194
20345.000000 0.256583
20350.000000 0.257252
20355.000000 0.257638
20360.000000 0.258119
20365.000000 0.258683
20370.000000 0.259383
20375.000000 0.259829
20380.000000 0.260468
20385.000000 0.261066
20390.000000 0.26172
20395.000000 0.262028
20400.000000 0.262721
20405.000000 0.263456
20410.000000 0.264122
20415.000000 0.264669
20420.000000 0.26514
20425.000000 0.265837
20430.000000 0.266379
20435.000000 0.267013
20440.000000 0.267627
20445.000000 0.26826
20450.000000 0.268878
20455.000000 0.269499
20460.000000 0.269947
20465.000000 0.270431
20470.000000 0.271202
20475.000000 0.271768
20480.000000 0.272437
20485.000000 0.272874
20490.000000 0.273579
20495.000000 0.274003
20500.000000 0.274479
20505.000000 0.275088
20510.000000 0.275472
20515.000000 0.276033
20520.000000 0.276651
20525.000000 0.277391
20530.000000 0.277829
20535.000000 0.278336
20540.000000 0.278757
20545.000000 0.27937
20550.000000 0.279833
20555.000000 0.280199
20560.000000 0.28066
20565.000000 0.281341
20570.000000 0.281843
20575.000000 0.282138
20580.000000 0.282655
20585.000000 0.282985
20590.000000 0.283742
20595.000000 0.284122
20600.000000 0.284429
20605.000000 0.284926
20610.000000 0.285589
20615.000000 0.285631
20620.000000 0.286192
20625.000000 0.28652
20630.000000 0.287212
20635.000000 0.287729
20640.000000 0.288046
20645.000000 0.288526
20650.000000 0.28884
20655.000000 0.289192
20660.000000 0.289504
20665.000000 0.290003
20670.000000 0.290281
20675.000000 0.290608
20680.000000 0.290945
20685.000000 0.291403
20690.000000 0.29174
20695.000000 0.292228
20700.000000 0.292741
20705.000000 0.293109
20710.000000 0.293106
20715.000000 0.293657
20720.000000 0.293928
20725.000000 0.294314
20730.000000 0.294448
20735.000000 0.294844
20740.000000 0.295013
20745.000000 0.295382
20750.000000 0.295655
20755.000000 0.29582
20760.000000 0.295982
20765.000000 0.296584
20770.000000 0.296816
20775.000000 0.296783
20780.000000 0.297259
20785.000000 0.297523
20790.000000 0.297654
20795.000000 0.297921
20800.000000 0.298026
20805.000000 0.29852
20810.000000 0.298905
20815.000000 0.299212
20820.000000 0.299527
20825.000000 0.299856
20830.000000 0.299953
20835.000000 0.300407
20840.000000 0.300644
20845.000000 0.300949
20850.000000 0.301272
20855.000000 0.301735
20860.000000 0.301896
20865.000000 0.302263
20870.000000 0.302568
20875.000000 0.30276
20880.000000 0.303294
20885.000000 0.303424
20890.000000 0.303855
20895.000000 0.304204
20900.000000 0.304358
20905.000000 0.304672
20910.000000 0.304942
20915.000000 0.305274
20920.000000 0.305571
20925.000000 0.305843
20930.000000 0.306358
20935.000000 0.306559
20940.000000 0.306499
20945.000000 0.306965
20950.000000 0.307232
20955.000000 0.307656
20960.000000 0.307784
20965.000000 0.308183
20970.000000 0.308336
20975.000000 0.30887
20980.000000 0.308929
20985.000000 0.309485
20990.000000 0.309807
20995.000000 0.30982
21000.000000 0.310381
21005.000000 0.310233
21010.000000 0.310213
21015.000000 0.310232
21020.000000 0.310325
21025.000000 0.310413
21030.000000 0.310352
21035.000000 0.310256
21040.000000 0.31015
21045.000000 0.310181
21050.000000 0.310158
21055.000000 0.310316
21060.000000 0.310013
21065.000000 0.310529
21070.000000 0.310294
21075.000000 0.310347
21080.000000 0.310227
21085.000000 0.310113
21090.000000 0.310178
21095.000000 0.310373
21100.000000 0.310151
21105.000000 0.310276
21110.000000 0.31014
21115.000000 0.310154
21120.000000 0.31051
21125.000000 0.310194
21130.000000 0.310269
21135.000000 0.310229
21140.000000 0.310034
21145.000000 0.310332
21150.000000 0.310089
21155.000000 0.310288
21160.000000 0.30997
21165.000000 0.310155
21170.000000 0.310105
21175.000000 0.310332
21180.000000 0.310225
21185.000000 0.309981
21190.000000 0.310162
21195.000000 0.309961
21200.000000 0.310088
21205.000000 0.309997
21210.000000 0.309929
21215.000000 0.310112
21220.000000 0.310097
21225.000000 0.310138
21230.000000 0.310222
21235.000000 0.310059
21240.000000 0.310177
21245.000000 0.31012
21250.000000 0.310254
21255.000000 0.31012
21260.000000 0.31009
21265.000000 0.310104
21270.000000 0.310039
21275.000000 0.310085
21280.000000 0.309985
21285.000000 0.309921
21290.000000 0.310008
21295.000000 0.309927
21300.000000 0.310097
21305.000000 0.310008
21310.000000 0.309925
21315.000000 0.309793
21320.000000 0.30993
21325.000000 0.3097
21330.000000 0.309736
21335.000000 0.309657
21340.000000 0.309705
21345.000000 0.309369
21350.000000 0.309348
21355.000000 0.309303
21360.000000 0.309069
21365.000000 0.309036
21370.000000 0.309187
21375.000000 0.309026
21380.000000 0.308901
21385.000000 0.30872
21390.000000 0.308505
21395.000000 0.308571
21400.000000 0.308437
21405.000000 0.308081
21410.000000 0.30805
21415.000000 0.308189
21420.000000 0.307892
21425.000000 0.307589
21430.000000 0.30739
21435.000000 0.307262
21440.000000 0.307151
21445.000000 0.30677
21450.000000 0.306746
21455.000000 0.306583
21460.000000 0.30659
21465.000000 0.306144
21470.000000 0.306048
21475.000000 0.305969
21480.000000 0.305742
21485.000000 0.305371
21490.000000 0.305289
21495.000000 0.305116
21500.000000 0.304861
21505.000000 0.304719
21510.000000 0.304747
21515.000000 0.304327
21520.000000 0.304582
21525.000000 0.304248
21530.000000 0.304055
21535.000000 0.303583
21540.000000 0.303717
21545.000000 0.303573
21550.000000 0.303523
21555.000000 0.303299
21560.000000 0.302994
21565.000000 0.302922
21570.000000 0.302707
21575.000000 0.302464
21580.000000 0.302647
21585.000000 0.302466
21590.000000 0.302089
21595.000000 0.301934
21600.000000 0.301713
21605.000000 0.301677
21610.000000 0.301306
21615.000000 0.301059
21620.000000 0.300906
21625.000000 0.300589
21630.000000 0.300357
21635.000000 0.300266
21640.000000 0.299991
21645.000000 0.299831
21650.000000 0.299467
21655.000000 0.299246
21660.000000 0.298886
21665.000000 0.298611
21670.000000 0.298394
21675.000000 0.298241
21680.000000 0.298038
21685.000000 0.29771
21690.000000 0.297513
21695.000000 0.297236
21700.000000 0.297041
21705.000000 0.297047
21710.000000 0.296719
21715.000000 0.296557
21720.000000 0.296279
21725.000000 0.296119
21730.000000 0.29577
21735.000000 0.295769
21740.000000 0.295578
21745.000000 0.295082
21750.000000 0.295034
21755.000000 0.294842
21760.000000 0.294766
21765.000000 0.294553
21770.000000 0.294246
21775.000000 0.293813
21780.000000 0.29394
21785.000000 0.293534
21790.000000 0.293356
21795.000000 0.293058
21800.000000 0.292951
21805.000000 0.292715
21810.000000 0.292662
21815.000000 0.292277
21820.000000 0.291967
21825.000000 0.291938
21830.000000 0.291406
21835.000000 0.29123
21840.000000 0.290877
21845.000000 0.290685
21850.000000 0.290324
21855.000000 0.290013
21860.000000 0.289647
21865.000000 0.289324
21870.000000 0.288932
21875.000000 0.288705
21880.000000 0.288167
21885.000000 0.287616
21890.000000 0.287315
21895.000000 0.286545
21900.000000 0.28616
21905.000000 0.285773
21910.000000 0.284901
21915.000000 0.284373
21920.000000 0.283891
21925.000000 0.282989
21930.000000 0.282419
21935.000000 0.281691
21940.000000 0.280952
21945.000000 0.28025
21950.000000 0.279331
21955.000000 0.278474
21960.000000 0.277413
21965.000000 0.276694
21970.000000 0.275678
21975.000000 0.274902
21980.000000 0.273956
21985.000000 0.273154
21990.000000 0.272191
21995.000000 0.271375
22000.000000 0.270404
22005.000000 0.269595
22010.000000 0.269128
22015.000000 0.268143
22020.000000 0.267618
22025.000000 0.267009
22030.000000 0.266517
22035.000000 0.26567
22040.000000 0.26535
22045.000000 0.264884
22050.000000 0.264254
22055.000000 0.264145
22060.000000 0.263631
22065.000000 0.263511
22070.000000 0.263318
22075.000000 0.263107
22080.000000 0.262972
22085.000000 0.262941
22090.000000 0.262878
22095.000000 0.262868
22100.000000 0.263068
22105.000000 0.262928
22110.000000 0.263111
22115.000000 0.263254
22120.000000 0.263605
22125.000000 0.263744
22130.000000 0.263988
22135.000000 0.264415
22140.000000 0.264568
22145.000000 0.265206
22150.000000 0.26547
22155.000000 0.265624
22160.000000 0.266399
22165.000000 0.266697
22170.000000 0.267036
22175.000000 0.267766
22180.000000 0.26802
22185.000000 0.268626
22190.000000 0.269206
22195.000000 0.269696
22200.000000 0.270308
22205.000000 0.270797
22210.000000 0.271307
22215.000000 0.271919
22220.000000 0.272783
22225.000000 0.273321
22230.000000 0.273628
22235.000000 0.274538
22240.000000 0.274948
22245.000000 0.275801
22250.000000 0.276281
22255.000000 0.276709
22260.000000 0.2776
22265.000000 0.277864
22270.000000 0.278503
22275.000000 0.279182
22280.000000 0.279731
22285.000000 0.280274
22290.000000 0.280795
22295.000000 0.281472
22300.000000 0.281961
22305.000000 0.282206
22310.000000 0.282783
22315.000000 0.283315
22320.000000 0.283623
22325.000000 0.284102
22330.000000 0.284432
22335.000000 0.28532
22340.000000 0.285576
22345.000000 0.285925
22350.000000 0.286256
22355.000000 0.286865
22360.000000 0.286989
22365.000000 0.287566
22370.000000 0.287755
22375.000000 0.288373
22380.000000 0.288637
22385.000000 0.28894
22390.000000 0.289418
22395.000000 0.28976
22400.000000 0.290295
22405.000000 0.290359
22410.000000 0.290813
22415.000000 0.291481
22420.000000 0.291965
22425.000000 0.292354
22430.000000 0.292538
22435.000000 0.293043
22440.000000 0.293307
22445.000000 0.293957
22450.000000 0.294387
22455.000000 0.294661
22460.000000 0.295026
22465.000000 0.295494
22470.000000 0.296124
22475.000000 0.296748
22480.000000 0.297102
22485.000000 0.29753
22490.000000 0.297977
22495.000000 0.298413
22500.000000 0.298593
22505.000000 0.298802
22510.000000 0.299634
22515.000000 0.300531
22520.000000 0.300628
22525.000000 0.301425
22530.000000 0.301393
22535.000000 0.301705
22540.000000 0.302306
22545.000000 0.302883
22550.000000 0.303359
22555.000000 0.303913
22560.000000 0.304418
22565.000000 0.304905
22570.000000 0.305223
22575.000000 0.306119
22580.000000 0.305915
22585.000000 0.306785
22590.000000 0.307191
22595.000000 0.307672
22600.000000 0.308087
22605.000000 0.308384
22610.000000 0.309172
22615.000000 0.309758
22620.000000 0.30977
22625.000000 0.310548
22630.000000 0.311058
22635.000000 0.311557
22640.000000 0.312201
22645.000000 0.312351
22650.000000 0.31297
22655.000000 0.313411
22660.000000 0.313978
22665.000000 0.31404
22670.000000 0.314504
22675.000000 0.315297
22680.000000 0.315625
22685.000000 0.316094
22690.000000 0.316598
22695.000000 0.317024
22700.000000 0.317466
22705.000000 0.317782
22710.000000 0.318357
22715.000000 0.318945
22720.000000 0.3193
22725.000000 0.320002
22730.000000 0.320475
22735.000000 0.320764
22740.000000 0.321197
22745.000000 0.321574
22750.000000 0.321899
22755.000000 0.322602
22760.000000 0.322822
22765.000000 0.323418
22770.000000 0.323578
22775.000000 0.324115
22780.000000 0.324531
22785.000000 0.324918
22790.000000 0.325231
22795.000000 0.325425
22800.000000 0.325973
22805.000000 0.326229
22810.000000 0.326729
22815.000000 0.327173
22820.000000 0.327613
22825.000000 0.327931
22830.000000 0.327921
22835.000000 0.328531
22840.000000 0.32881
22845.000000 0.329279
22850.000000 0.329724
22855.000000 0.330109
22860.000000 0.330356
22865.000000 0.330866
22870.000000 0.331119
22875.000000 0.331478
22880.000000 0.331979
22885.000000 0.332244
22890.000000 0.33253
22895.000000 0.333013
22900.000000 0.33344
22905.000000 0.333652
22910.000000 0.334025
22915.000000 0.334311
22920.000000 0.33478
22925.000000 0.33502
22930.000000 0.335465
22935.000000 0.335863
22940.000000 0.336292
22945.000000 0.336647
22950.000000 0.337208
22955.000000 0.337585
22960.000000 0.337907
22965.000000 0.338274
22970.000000 0.338653
22975.000000 0.338889
22980.000000 0.339276
22985.000000 0.339787
22990.000000 0.340229
22995.000000 0.340557
23000.000000 0.341004
23005.000000 0.341438
23010.000000 0.34185
23015.000000 0.342106
23020.000000 0.342609
23025.000000 0.343072
23030.000000 0.343268
23035.000000 0.34386
23040.000000 0.344115
23045.000000 0.344594
23050.000000 0.344881
23055.000000 0.345284
23060.000000 0.34558
23065.000000 0.34594
23070.000000 0.34637
23075.000000 0.34672
23080.000000 0.347036
23085.000000 0.347421
23090.000000 0.347727
23095.000000 0.348111
23100.000000 0.34829
23105.000000 0.348601
23110.000000 0.349036
23115.000000 0.349312
23120.000000 0.349562
23125.000000 0.349818
23130.000000 0.349909
23135.000000 0.350028
23140.000000 0.35017
23145.000000 0.350412
23150.000000 0.350592
23155.000000 0.350591
23160.000000 0.350551
23165.000000 0.350441
23170.000000 0.350502
23175.000000 0.350399
23180.000000 0.350331
23185.000000 0.350068
23190.000000 0.349763
23195.000000 0.349432
23200.000000 0.348973
23205.000000 0.348428
23210.000000 0.347834
23215.000000 0.347159
23220.000000 0.346368
23225.000000 0.345518
23230.000000 0.344755
23235.000000 0.343841
23240.000000 0.342866
23245.000000 0.341574
23250.000000 0.340398
23255.000000 0.339127
23260.000000 0.33773
23265.000000 0.336228
23270.000000 0.334607
23275.000000 0.332824
23280.000000 0.331056
23285.000000 0.329082
23290.000000 0.327141
23295.000000 0.325265
23300.000000 0.323016
23305.000000 0.320659
23310.000000 0.318215
23315.000000 0.315669
23320.000000 0.313176
23325.000000 0.310389
23330.000000 0.30778
23335.000000 0.304818
23340.000000 0.301773
23345.000000 0.298655
23350.000000 0.295144
23355.000000 0.291968
23360.000000 0.288646
23365.000000 0.285375
23370.000000 0.281928
23375.000000 0.27817
23380.000000 0.274227
23385.000000 0.270403
23390.000000 0.266529
23395.000000 0.26303
23400.000000 0.259189
23405.000000 0.254992
23410.000000 0.251005
23415.000000 0.24644
23420.000000 0.242704
23425.000000 0.238571
23430.000000 0.23458
23435.000000 0.230376
23440.000000 0.226186
23445.000000 0.221714
23450.000000 0.217609
23455.000000 0.213632
23460.000000 0.209464
23465.000000 0.205381
23470.000000 0.201171
23475.000000 0.196756
23480.000000 0.192717
23485.000000 0.188773
23490.000000 0.18479
23495.000000 0.180581
23500.000000 0.176747
23505.000000 0.172696
23510.000000 0.168654
23515.000000 0.164955
23520.000000 0.161285
23525.000000 0.15763
23530.000000 0.153846
23535.000000 0.150025
23540.000000 0.146456
23545.000000 0.142972
23550.000000 0.139597
23555.000000 0.136364
23560.000000 0.13301
23565.000000 0.129589
23570.000000 0.12622
23575.000000 0.123077
23580.000000 0.119993
23585.000000 0.116973
23590.000000 0.114263
23595.000000 0.111302
23600.000000 0.108455
23605.000000 0.105668
23610.000000 0.103021
23615.000000 0.100555
23620.000000 0.0979217
23625.000000 0.0955879
23630.000000 0.0930187
23635.000000 0.0906281
23640.000000 0.0883114
23645.000000 0.0863202
23650.000000 0.0841434
23655.000000 0.0820823
23660.000000 0.0796287
23665.000000 0.0778272
23670.000000 0.0758064
23675.000000 0.0738681
23680.000000 0.0720244
23685.000000 0.0702201
23690.000000 0.0685567
23695.000000 0.0666156
23700.000000 0.06481
23705.000000 0.063223
23710.000000 0.0617382
23715.000000 0.0603979
23720.000000 0.059087
23725.000000 0.0573285
23730.000000 0.05597
23735.000000 0.0543935
23740.000000 0.0532904
23745.000000 0.0519669
23750.000000 0.0507054
23755.000000 0.0492186
23760.000000 0.0482493
23765.000000 0.0470211
23770.000000 0.0461802
23775.000000 0.044865
23780.000000 0.0434598
23785.000000 0.0428465
23790.000000 0.0415781
23795.000000 0.0405969
23800.000000 0.0398091
23805.000000 0.0388008
23810.000000 0.0379945
23815.000000 0.0367005
23820.000000 0.0361772
23825.000000 0.035166
23830.000000 0.0343668
23835.000000 0.033631
23840.000000 0.0327035
23845.000000 0.0319976
23850.000000 0.0313108
23855.000000 0.0306085
23860.000000 0.0297858
23865.000000 0.0290724
23870.000000 0.0285193
23875.000000 0.0279353
23880.000000 0.0275434
23885.000000 0.0265208
23890.000000 0.0258597
23895.000000 0.0256673
23900.000000 0.0250916
23905.000000 0.0242941
23910.000000 0.0237911
23915.000000 0.0231113
23920.000000 0.0229377
23925.000000 0.0221787
23930.000000 0.0220056
23935.000000 0.0214511
23940.000000 0.0210405
23945.000000 0.020353
23950.000000 0.020272
23955.000000 0.0197253
23960.000000 0.0191268
23965.000000 0.0184926
23970.000000 0.0183782
23975.000000 0.0177575
23980.000000 0.01753
23985.000000 0.0173104
23990.000000 0.0168869
23995.000000 0.0160908
24000.000000 0.0160975
24005.000000 0.0159051
24010.000000 0.0154336
24015.000000 0.0153423
24020.000000 0.0145553
24025.000000 0.0145234
24030.000000 0.0143563
24035.000000 0.0138705
24040.000000 0.0132999
24045.000000 0.013331
24050.000000 0.0129405
24055.000000 0.0129053
24060.000000 0.0125935
24065.000000 0.0122036
24070.000000 0.0119836
24075.000000 0.0112486
24080.000000 0.0114725
24085.000000 0.0112578
24090.000000 0.0109737
24095.000000 0.0104243
24100.000000 0.0105392
24105.000000 0.0103472
24110.000000 0.0101078
24115.000000 0.00937227
24120.000000 0.00963425
24125.000000 0.00963845
24130.000000 0.0092179
24135.000000 0.00895964
24140.000000 0.00883257
24145.000000 0.00874419
24150.000000 0.00837271
24155.000000 0.00781883
24160.000000 0.00786093
24165.000000 0.00796233
24170.000000 0.00757642
24175.000000 0.00722772
24180.000000 0.00729745
24185.000000 0.00720398
24190.000000 0.00725658
24195.000000 0.00678585
24200.000000 0.00688543
24205.000000 0.00650102
24210.000000 0.00640885
24215.000000 0.00630141
24220.000000 0.00630398
24225.000000 0.00581751
24230.000000 0.00568047
24235.000000 0.00575668
24240.000000 0.0057341
24245.000000 0.0054141
24250.000000 0.00534209
24255.000000 0.00492765
24260.000000 0.00498824
24265.000000 0.00472597
24270.000000 0.00477692
24275.000000 0.0044182
24280.000000 0.00452123
24285.000000 0.00437753
24290.000000 0.00480538
24295.000000 0.00424554
24300.000000 0.00367318
24305.000000 0.00451467
24310.000000 0.00426227
24315.000000 0.00376315
24320.000000 0.00406723
24325.000000 0.00380665
24330.000000 0.00369446
24335.000000 0.00341054
24340.000000 0.00347464
24345.000000 0.00317678
24350.000000 0.00329072
24355.000000 0.00278502
24360.000000 0.00285572
24365.000000 0.00269373
24370.000000 0.00273676
24375.000000 0.00235849
24380.000000 0.00276471
24385.000000 0.00237301
24390.000000 0.00250806
24395.000000 0.00256983
24400.000000 0.00232525
24405.000000 0.00269139
24410.000000 0.00229037
24415.000000 0.00218988
24420.000000 0.00212607
24425.000000 0.00242522
24430.000000 0.00211384
24435.000000 0.00194782
24440.000000 0.00191036
24445.000000 0.00173736
24450.000000 0.000826814
24455.000000 0.00203212
24460.000000 0.00189584
24465.000000 0.00215584
24470.000000 0.00201803
24475.000000 0.00182231
24480.000000 0.00127773
24485.000000 0.00164774
24490.000000 0.00128413
24495.000000 0.00150439
24500.000000 0.000915728
24505.000000 0.00136865
24510.000000 0.00109385
24515.000000 0.00137792
24520.000000 0.00182199
24525.000000 0.00160756
24530.000000 0.00119574
24535.000000 0.0010851
24540.000000 0.00133507
24545.000000 0.00106354
24550.000000 0.0011078
24555.000000 0.00106696
24560.000000 0.00105345
24565.000000 0.000352064
24570.000000 0.00108649
24575.000000 0.000559024
24580.000000 0.00109413
24585.000000 0.000564198
24590.000000 0.000653093
24595.000000 0.000955493
24600.000000 0.00077923
24605.000000 0.000662265
24610.000000 0.000605489
24615.000000 0.00100299
24620.000000 0.000823189
24625.000000 0.000489408
24630.000000 0.000698894
24635.000000 0.000758771
24640.000000 0.000556299
24645.000000 0.000602636
24650.000000 0.000643975
24655.000000 0.00027188
24660.000000 0.000512105
24665.000000 0.000871269
24670.000000 0.000481982
24675.000000 0.000482535
24680.000000 0.000451353
24685.000000 0.000359618
24690.000000 0.00126975
24695.000000 0.000554459
24705.000000 0.000227023
24710.000000 0.000188429
24715.000000 0.000538269
24720.000000 0.000514402
24725.000000 0.000219015
24730.000000 0.000278215
24735.000000 0.000457095
24740.000000 0.000180887
24745.000000 0.000390378
24750.000000 0.000190844
24755.000000 0.000419264
24760.000000 0.00058155
24770.000000 0.0004203
24775.000000 0.000361118
24780.000000 0.000271531
24785.000000 9.05092e-05
24790.000000 0.00027292
24800.000000 0.000486367
24805.000000 0.000182912
24810.000000 0.000364641
24815.000000 0.0006378
24820.000000 0.00021439
24825.000000 0.000253631
24830.000000 0.000216367
24835.000000 0.000124486
24840.000000 0.000277697
24845.000000 0.00033671
24850.000000 0.000121798
24855.000000 0.000121332
24865.000000 0.000121219
24870.000000 9.2255e-05
24875.000000 0.000246055
24885.000000 0.000121735
24895.000000 0.000665824
24900.000000 8.94648e-05
24910.000000 0.000607134
24915.000000 0.000209768
24920.000000 0.000211143
24925.000000 0.000430978
24930.000000 0.0001226
24935.000000 0.000185388
24940.000000 0.000372783
