# hst.nicmos.nicmos3.F222M
# photon
# HST NICMOS 3 F222M http://svo2.cab.inta-csic.es/theory/fps/index.php?id=HST/NICMOS3.F222M
20498.000000 0.00319404
20500.000000 0.000826756
20502.000000 0.00124574
20504.000000 0.000895971
20506.000000 0.00149994
20508.000000 0.00189951
20510.000000 0.00203796
20512.000000 0.00202168
20514.000000 0.00149529
20516.000000 0.0019612
20518.000000 0.00208398
20520.000000 0.00202353
20522.000000 0.00113861
20524.000000 0.00145871
20526.000000 0.00150032
20528.000000 0.00151344
20530.000000 0.00138192
20532.000000 0.0023194
20534.000000 0.00108201
20536.000000 0.0010375
20538.000000 0.00150376
20540.000000 0.0015866
20542.000000 0.00163252
20544.000000 0.0015074
20546.000000 0.00288427
20548.000000 0.00169433
20550.000000 0.00252332
20552.000000 0.00127477
20554.000000 0.00139597
20556.000000 0.00194787
20558.000000 0.00229786
20560.000000 0.00248843
20562.000000 0.00229876
20564.000000 0.00211981
20566.000000 0.00214562
20568.000000 0.00110004
20570.000000 0.000944612
20572.000000 0.00250387
20574.000000 0.0023371
20576.000000 0.00134675
20578.000000 0.00274705
20580.000000 0.00228514
20582.000000 0.00202231
20584.000000 0.00243556
20586.000000 0.00032736
20588.000000 0.00130023
20590.000000 0.00173686
20592.000000 0.00282003
20594.000000 0.00288829
20596.000000 0.00277379
20598.000000 0.0012493
20600.000000 0.00198257
20602.000000 0.00210591
20604.000000 0.00308604
20606.000000 0.00265236
20608.000000 0.00282927
20610.000000 0.00094708
20612.000000 0.000518818
20614.000000 0.00230716
20616.000000 0.00257315
20618.000000 0.00286407
20620.000000 0.00188461
20622.000000 0.0020014
20624.000000 0.00305053
20626.000000 0.00316946
20628.000000 0.0023826
20630.000000 0.0015787
20632.000000 0.00182658
20634.000000 0.00244632
20636.000000 0.00263069
20638.000000 0.00164695
20640.000000 0.00178487
20642.000000 0.00192397
20644.000000 0.00146828
20646.000000 0.00363845
20648.000000 0.00332597
20650.000000 0.00307869
20652.000000 0.00222074
20654.000000 0.00227861
20656.000000 0.00221983
20658.000000 0.00266059
20660.000000 0.00291596
20662.000000 0.00368916
20664.000000 0.00336757
20666.000000 0.00231053
20668.000000 0.00286344
20670.000000 0.00311756
20672.000000 0.00261048
20674.000000 0.00199177
20676.000000 0.00313215
20678.000000 0.00321378
20680.000000 0.00208009
20682.000000 0.00283025
20684.000000 0.00394447
20686.000000 0.0032082
20688.000000 0.00291964
20690.000000 0.00328105
20692.000000 0.0030922
20694.000000 0.00245734
20696.000000 0.00270955
20698.000000 0.00302118
20700.000000 0.00240718
20702.000000 0.00382896
20704.000000 0.00361326
20706.000000 0.00341876
20708.000000 0.00382419
20710.000000 0.00364706
20712.000000 0.00197644
20714.000000 0.00337401
20716.000000 0.00325307
20718.000000 0.001987
20720.000000 0.0036481
20722.000000 0.00360423
20724.000000 0.00370429
20726.000000 0.00293985
20728.000000 0.0038394
20730.000000 0.00262221
20732.000000 0.0042306
20734.000000 0.00290425
20736.000000 0.00439891
20738.000000 0.00341399
20740.000000 0.00296466
20742.000000 0.00283022
20744.000000 0.00388768
20746.000000 0.00309861
20748.000000 0.00342884
20750.000000 0.00458498
20752.000000 0.00299655
20754.000000 0.00350969
20756.000000 0.00299263
20758.000000 0.00351695
20760.000000 0.00443237
20762.000000 0.00492027
20764.000000 0.00340181
20766.000000 0.00410281
20768.000000 0.00371471
20770.000000 0.00379105
20772.000000 0.00439295
20774.000000 0.00393678
20776.000000 0.00386819
20778.000000 0.00458872
20780.000000 0.00329611
20782.000000 0.00413127
20784.000000 0.0046793
20786.000000 0.00456582
20788.000000 0.00450074
20790.000000 0.00447497
20792.000000 0.00500558
20794.000000 0.00411133
20796.000000 0.00509787
20798.000000 0.0045533
20800.000000 0.00465539
20802.000000 0.00492968
20804.000000 0.00439868
20806.000000 0.00470734
20808.000000 0.00460821
20810.000000 0.00487358
20812.000000 0.0051837
20814.000000 0.00360739
20816.000000 0.00489683
20818.000000 0.00402668
20820.000000 0.00411106
20822.000000 0.00409457
20824.000000 0.00732637
20826.000000 0.00638859
20828.000000 0.00489098
20830.000000 0.00517283
20832.000000 0.00506627
20834.000000 0.00519571
20836.000000 0.006054
20838.000000 0.00528162
20840.000000 0.00585883
20842.000000 0.00493269
20844.000000 0.00541412
20846.000000 0.00535157
20848.000000 0.00583258
20850.000000 0.00606145
20852.000000 0.00488642
20854.000000 0.00624318
20856.000000 0.00606221
20858.000000 0.0060669
20860.000000 0.00660285
20862.000000 0.005929
20864.000000 0.00606938
20866.000000 0.00649937
20868.000000 0.00666082
20870.000000 0.00604773
20872.000000 0.00598433
20874.000000 0.00611711
20876.000000 0.00610811
20878.000000 0.00679493
20880.000000 0.00799457
20882.000000 0.0080244
20884.000000 0.00776423
20886.000000 0.00693589
20888.000000 0.00734523
20890.000000 0.00523932
20892.000000 0.0076567
20894.000000 0.00691801
20896.000000 0.00687754
20898.000000 0.00565597
20900.000000 0.00716524
20902.000000 0.0067624
20904.000000 0.00655305
20906.000000 0.00682453
20908.000000 0.00779696
20910.000000 0.00854347
20912.000000 0.00779257
20914.000000 0.00712114
20916.000000 0.00789484
20918.000000 0.00866095
20920.000000 0.00766108
20922.000000 0.00787371
20924.000000 0.00818017
20926.000000 0.00711102
20928.000000 0.00760079
20930.000000 0.00719313
20932.000000 0.00797394
20934.000000 0.0100245
20936.000000 0.00869274
20938.000000 0.00834272
20940.000000 0.00856165
20942.000000 0.0086392
20944.000000 0.00951601
20946.000000 0.00905823
20948.000000 0.0108169
20950.000000 0.00930097
20952.000000 0.00993066
20954.000000 0.00949348
20956.000000 0.00991009
20958.000000 0.00893049
20960.000000 0.0101463
20962.000000 0.00995419
20964.000000 0.0100897
20966.000000 0.00923603
20968.000000 0.0103961
20970.000000 0.0107445
20972.000000 0.0110979
20974.000000 0.010571
20976.000000 0.0107984
20978.000000 0.0107293
20980.000000 0.0107225
20982.000000 0.00974256
20984.000000 0.0111365
20986.000000 0.0120503
20988.000000 0.0109369
20990.000000 0.0114999
20992.000000 0.011743
20994.000000 0.0117082
20996.000000 0.0121625
20998.000000 0.0113672
21000.000000 0.012243
21002.000000 0.0129295
21004.000000 0.0123653
21006.000000 0.0123227
21008.000000 0.0120902
21010.000000 0.0125912
21012.000000 0.0132662
21014.000000 0.0107849
21016.000000 0.0129034
21018.000000 0.0124007
21020.000000 0.0127689
21022.000000 0.0142229
21024.000000 0.0141698
21026.000000 0.012767
21028.000000 0.0141354
21030.000000 0.0133713
21032.000000 0.0142678
21034.000000 0.0138944
21036.000000 0.0140293
21038.000000 0.0146226
21040.000000 0.0142544
21042.000000 0.0149575
21044.000000 0.014984
21046.000000 0.0141002
21048.000000 0.0152763
21050.000000 0.0164308
21052.000000 0.0157775
21054.000000 0.0162123
21056.000000 0.0165967
21058.000000 0.0149287
21060.000000 0.015652
21062.000000 0.0166904
21064.000000 0.0169542
21066.000000 0.0159729
21068.000000 0.0182505
21070.000000 0.0185386
21072.000000 0.0172784
21074.000000 0.0155864
21076.000000 0.0170414
21078.000000 0.0174788
21080.000000 0.0174673
21082.000000 0.0183815
21084.000000 0.018542
21086.000000 0.0169292
21088.000000 0.0182712
21090.000000 0.0176592
21092.000000 0.0197239
21094.000000 0.019913
21096.000000 0.0207875
21098.000000 0.0202097
21100.000000 0.0205039
21102.000000 0.0206583
21104.000000 0.0217149
21106.000000 0.0203461
21108.000000 0.0207403
21110.000000 0.0208643
21112.000000 0.0210075
21114.000000 0.0220274
21116.000000 0.0234517
21118.000000 0.0212465
21120.000000 0.022083
21122.000000 0.0220809
21124.000000 0.0225028
21126.000000 0.023595
21128.000000 0.0240642
21130.000000 0.0254455
21132.000000 0.0251754
21134.000000 0.024998
21136.000000 0.0245262
21138.000000 0.0241377
21140.000000 0.0236225
21142.000000 0.0254748
21144.000000 0.0258666
21146.000000 0.0259039
21148.000000 0.0262047
21150.000000 0.0271742
21152.000000 0.026683
21154.000000 0.0272613
21156.000000 0.0260605
21158.000000 0.0275707
21160.000000 0.0286189
21162.000000 0.029006
21164.000000 0.0287265
21166.000000 0.0287397
21168.000000 0.0296858
21170.000000 0.0296693
21172.000000 0.0296658
21174.000000 0.0306962
21176.000000 0.0298473
21178.000000 0.0303619
21180.000000 0.030969
21182.000000 0.0306508
21184.000000 0.0315288
21186.000000 0.0329766
21188.000000 0.0319541
21190.000000 0.0338213
21192.000000 0.0321208
21194.000000 0.0344199
21196.000000 0.0337949
21198.000000 0.0350109
21200.000000 0.0354383
21202.000000 0.0352208
21204.000000 0.0358856
21206.000000 0.0373391
21208.000000 0.0366297
21210.000000 0.0367516
21212.000000 0.0378374
21214.000000 0.0380846
21216.000000 0.0385769
21218.000000 0.039203
21220.000000 0.0384043
21222.000000 0.03996
21224.000000 0.0407977
21226.000000 0.0414121
21228.000000 0.0412803
21230.000000 0.042622
21232.000000 0.0415977
21234.000000 0.042884
21236.000000 0.0423531
21238.000000 0.0440307
21240.000000 0.0447595
21242.000000 0.0440398
21244.000000 0.045516
21246.000000 0.046315
21248.000000 0.0466521
21250.000000 0.0477137
21252.000000 0.0477031
21254.000000 0.0477325
21256.000000 0.0479679
21258.000000 0.0496824
21260.000000 0.0490063
21262.000000 0.0498772
21264.000000 0.0499848
21266.000000 0.0505381
21268.000000 0.0516454
21270.000000 0.0528748
21272.000000 0.0530354
21274.000000 0.0534935
21276.000000 0.0548349
21278.000000 0.054935
21280.000000 0.0563109
21282.000000 0.056218
21284.000000 0.0573221
21286.000000 0.0586727
21288.000000 0.0585812
21290.000000 0.0593991
21292.000000 0.0603681
21294.000000 0.0606212
21296.000000 0.0612289
21298.000000 0.0612483
21300.000000 0.062143
21302.000000 0.063407
21304.000000 0.0651447
21306.000000 0.0650323
21308.000000 0.065845
21310.000000 0.0662338
21312.000000 0.0678647
21314.000000 0.06832
21316.000000 0.0681885
21318.000000 0.0700638
21320.000000 0.0700245
21322.000000 0.0712849
21324.000000 0.0714864
21326.000000 0.0730694
21328.000000 0.0732407
21330.000000 0.0741736
21332.000000 0.074891
21334.000000 0.0755033
21336.000000 0.0770861
21338.000000 0.0773326
21340.000000 0.0793514
21342.000000 0.08033
21344.000000 0.0797318
21346.000000 0.0815662
21348.000000 0.0831755
21350.000000 0.0839615
21352.000000 0.0847668
21354.000000 0.0852105
21356.000000 0.0861321
21358.000000 0.0880771
21360.000000 0.0876348
21362.000000 0.0889662
21364.000000 0.0895359
21366.000000 0.0901337
21368.000000 0.0916685
21370.000000 0.0916692
21372.000000 0.0932384
21374.000000 0.0942539
21376.000000 0.0957663
21378.000000 0.0977212
21380.000000 0.098655
21382.000000 0.0989239
21384.000000 0.100425
21386.000000 0.100875
21388.000000 0.102843
21390.000000 0.102903
21392.000000 0.103667
21394.000000 0.105148
21396.000000 0.106363
21398.000000 0.108456
21400.000000 0.108533
21402.000000 0.109465
21404.000000 0.110691
21406.000000 0.112739
21408.000000 0.113962
21410.000000 0.114178
21412.000000 0.115055
21414.000000 0.1165
21416.000000 0.118119
21418.000000 0.119207
21420.000000 0.120024
21422.000000 0.120392
21424.000000 0.122299
21426.000000 0.123816
21428.000000 0.125127
21430.000000 0.126034
21432.000000 0.126978
21434.000000 0.128493
21436.000000 0.129065
21438.000000 0.130838
21440.000000 0.132024
21442.000000 0.13315
21444.000000 0.133908
21446.000000 0.135634
21448.000000 0.136847
21450.000000 0.137028
21452.000000 0.139402
21454.000000 0.140417
21456.000000 0.14248
21458.000000 0.143279
21460.000000 0.144209
21462.000000 0.145091
21464.000000 0.146909
21466.000000 0.147099
21468.000000 0.149683
21470.000000 0.150816
21472.000000 0.151849
21474.000000 0.152716
21476.000000 0.154638
21478.000000 0.155235
21480.000000 0.157388
21482.000000 0.158818
21484.000000 0.160633
21486.000000 0.160927
21488.000000 0.161947
21490.000000 0.163382
21492.000000 0.164351
21494.000000 0.166122
21496.000000 0.166505
21498.000000 0.168876
21500.000000 0.169627
21502.000000 0.171823
21504.000000 0.172185
21506.000000 0.173752
21508.000000 0.174142
21510.000000 0.176678
21512.000000 0.177737
21514.000000 0.178369
21516.000000 0.180137
21518.000000 0.18192
21520.000000 0.182779
21522.000000 0.18331
21524.000000 0.183953
21526.000000 0.185861
21528.000000 0.186821
21530.000000 0.187858
21532.000000 0.189688
21534.000000 0.189566
21536.000000 0.192104
21538.000000 0.193149
21540.000000 0.194321
21542.000000 0.195904
21544.000000 0.196188
21546.000000 0.198159
21548.000000 0.198724
21550.000000 0.200616
21552.000000 0.201346
21554.000000 0.20227
21556.000000 0.203801
21558.000000 0.204246
21560.000000 0.205776
21562.000000 0.208253
21564.000000 0.207592
21566.000000 0.208558
21568.000000 0.209109
21570.000000 0.210716
21572.000000 0.211521
21574.000000 0.212668
21576.000000 0.213614
21578.000000 0.214879
21580.000000 0.216198
21582.000000 0.217322
21584.000000 0.216804
21586.000000 0.219563
21588.000000 0.220764
21590.000000 0.219765
21592.000000 0.222483
21594.000000 0.222575
21596.000000 0.224354
21598.000000 0.224555
21600.000000 0.225649
21602.000000 0.226015
21604.000000 0.227877
21606.000000 0.228181
21608.000000 0.229024
21610.000000 0.229803
21612.000000 0.230212
21614.000000 0.23161
21616.000000 0.233014
21618.000000 0.233791
21620.000000 0.234043
21622.000000 0.233741
21624.000000 0.236197
21626.000000 0.236564
21628.000000 0.237455
21630.000000 0.237211
21632.000000 0.2381
21634.000000 0.239914
21636.000000 0.239486
21638.000000 0.239336
21640.000000 0.241255
21642.000000 0.240756
21644.000000 0.24288
21646.000000 0.24227
21648.000000 0.242919
21650.000000 0.24329
21652.000000 0.244241
21654.000000 0.247273
21656.000000 0.246448
21658.000000 0.246163
21660.000000 0.247045
21662.000000 0.247768
21664.000000 0.24796
21666.000000 0.248413
21668.000000 0.249547
21670.000000 0.248875
21672.000000 0.249712
21674.000000 0.251244
21676.000000 0.25089
21678.000000 0.251774
21680.000000 0.253396
21682.000000 0.2527
21684.000000 0.252862
21686.000000 0.254652
21688.000000 0.254481
21690.000000 0.25334
21692.000000 0.254869
21694.000000 0.256753
21696.000000 0.255219
21698.000000 0.255621
21700.000000 0.255805
21702.000000 0.255646
21704.000000 0.257541
21706.000000 0.257114
21708.000000 0.258163
21710.000000 0.258643
21712.000000 0.257735
21714.000000 0.258115
21716.000000 0.259828
21718.000000 0.259698
21720.000000 0.258847
21722.000000 0.260282
21724.000000 0.26085
21726.000000 0.260539
21728.000000 0.261448
21730.000000 0.26197
21732.000000 0.261927
21734.000000 0.261939
21736.000000 0.262946
21738.000000 0.263028
21740.000000 0.262473
21742.000000 0.263228
21744.000000 0.263328
21746.000000 0.263674
21748.000000 0.264175
21750.000000 0.263168
21752.000000 0.263981
21754.000000 0.265285
21756.000000 0.264796
21758.000000 0.26456
21760.000000 0.264217
21762.000000 0.265044
21764.000000 0.264502
21766.000000 0.264495
21768.000000 0.265171
21770.000000 0.265246
21772.000000 0.265425
21774.000000 0.265287
21776.000000 0.26692
21778.000000 0.265059
21780.000000 0.265758
21782.000000 0.266447
21784.000000 0.266584
21786.000000 0.265634
21788.000000 0.266396
21790.000000 0.265674
21792.000000 0.265815
21794.000000 0.265846
21796.000000 0.266638
21798.000000 0.265669
21800.000000 0.26685
21802.000000 0.267496
21804.000000 0.269297
21806.000000 0.268075
21808.000000 0.2685
21810.000000 0.268913
21812.000000 0.268085
21814.000000 0.267971
21816.000000 0.268706
21818.000000 0.268074
21820.000000 0.267865
21822.000000 0.268753
21824.000000 0.268066
21826.000000 0.267479
21828.000000 0.26888
21830.000000 0.268428
21832.000000 0.268435
21834.000000 0.268092
21836.000000 0.268518
21838.000000 0.268919
21840.000000 0.268153
21842.000000 0.268426
21844.000000 0.26829
21846.000000 0.268498
21848.000000 0.268414
21850.000000 0.267605
21852.000000 0.26782
21854.000000 0.267085
21856.000000 0.268532
21858.000000 0.267196
21860.000000 0.267586
21862.000000 0.26862
21864.000000 0.2681
21866.000000 0.269433
21868.000000 0.26801
21870.000000 0.268287
21872.000000 0.268532
21874.000000 0.267411
21876.000000 0.268333
21878.000000 0.267736
21880.000000 0.26749
21882.000000 0.267523
21884.000000 0.267647
21886.000000 0.267008
21888.000000 0.267145
21890.000000 0.268051
21892.000000 0.267048
21894.000000 0.266762
21896.000000 0.265684
21898.000000 0.265183
21900.000000 0.264976
21902.000000 0.265731
21904.000000 0.26562
21906.000000 0.265737
21908.000000 0.265438
21910.000000 0.265164
21912.000000 0.265465
21914.000000 0.26475
21916.000000 0.264156
21918.000000 0.264741
21920.000000 0.263942
21922.000000 0.263662
21924.000000 0.262449
21926.000000 0.262818
21928.000000 0.26274
21930.000000 0.26214
21932.000000 0.262477
21934.000000 0.262386
21936.000000 0.261576
21938.000000 0.261868
21940.000000 0.262009
21942.000000 0.261356
21944.000000 0.260806
21946.000000 0.261166
21948.000000 0.260492
21950.000000 0.260095
21952.000000 0.260138
21954.000000 0.258579
21956.000000 0.258982
21958.000000 0.25817
21960.000000 0.258921
21962.000000 0.258218
21964.000000 0.257705
21966.000000 0.256921
21968.000000 0.257375
21970.000000 0.255792
21972.000000 0.255916
21974.000000 0.256058
21976.000000 0.255478
21978.000000 0.254876
21980.000000 0.254637
21982.000000 0.253929
21984.000000 0.25399
21986.000000 0.254
21988.000000 0.25393
21990.000000 0.253367
21992.000000 0.252585
21994.000000 0.252011
21996.000000 0.251986
21998.000000 0.252187
22000.000000 0.251816
22002.000000 0.25122
22004.000000 0.249727
22006.000000 0.250127
22008.000000 0.251329
22010.000000 0.25058
22012.000000 0.250375
22014.000000 0.248975
22016.000000 0.249125
22018.000000 0.248867
22020.000000 0.24769
22022.000000 0.249267
22024.000000 0.247963
22026.000000 0.247742
22028.000000 0.247164
22030.000000 0.247979
22032.000000 0.246474
22034.000000 0.246744
22036.000000 0.246702
22038.000000 0.245924
22040.000000 0.245948
22042.000000 0.245157
22044.000000 0.245373
22046.000000 0.245196
22048.000000 0.24526
22050.000000 0.244823
22052.000000 0.244068
22054.000000 0.24409
22056.000000 0.245756
22058.000000 0.244516
22060.000000 0.243638
22062.000000 0.243227
22064.000000 0.24391
22066.000000 0.243137
22068.000000 0.241517
22070.000000 0.24347
22072.000000 0.24267
22074.000000 0.242951
22076.000000 0.24238
22078.000000 0.242704
22080.000000 0.24243
22082.000000 0.242935
22084.000000 0.242261
22086.000000 0.242045
22088.000000 0.2417
22090.000000 0.242479
22092.000000 0.241779
22094.000000 0.241944
22096.000000 0.242389
22098.000000 0.242668
22100.000000 0.240938
22102.000000 0.241931
22104.000000 0.240721
22106.000000 0.241391
22108.000000 0.241432
22110.000000 0.241371
22112.000000 0.240851
22114.000000 0.240026
22116.000000 0.241162
22118.000000 0.240682
22120.000000 0.241061
22122.000000 0.240961
22124.000000 0.241326
22126.000000 0.241315
22128.000000 0.2407
22130.000000 0.241797
22132.000000 0.241783
22134.000000 0.240881
22136.000000 0.241328
22138.000000 0.241819
22140.000000 0.241194
22142.000000 0.241505
22144.000000 0.241231
22146.000000 0.240917
22148.000000 0.241142
22150.000000 0.242104
22152.000000 0.240441
22154.000000 0.241226
22156.000000 0.241082
22158.000000 0.240934
22160.000000 0.242113
22162.000000 0.242981
22164.000000 0.240546
22166.000000 0.242142
22168.000000 0.241633
22170.000000 0.242214
22172.000000 0.241152
22174.000000 0.240687
22176.000000 0.242205
22178.000000 0.241624
22180.000000 0.241434
22182.000000 0.242347
22184.000000 0.241514
22186.000000 0.24271
22188.000000 0.241646
22190.000000 0.243015
22192.000000 0.242354
22194.000000 0.242901
22196.000000 0.243426
22198.000000 0.243726
22200.000000 0.243255
22202.000000 0.242277
22204.000000 0.243828
22206.000000 0.243442
22208.000000 0.242946
22210.000000 0.243795
22212.000000 0.243716
22214.000000 0.244204
22216.000000 0.2444
22218.000000 0.244238
22220.000000 0.242395
22222.000000 0.243958
22224.000000 0.243507
22226.000000 0.245484
22228.000000 0.244298
22230.000000 0.244633
22232.000000 0.244216
22234.000000 0.24405
22236.000000 0.245003
22238.000000 0.245451
22240.000000 0.244084
22242.000000 0.245564
22244.000000 0.244923
22246.000000 0.24417
22248.000000 0.245579
22250.000000 0.245006
22252.000000 0.245861
22254.000000 0.245041
22256.000000 0.245397
22258.000000 0.24485
22260.000000 0.246032
22262.000000 0.245846
22264.000000 0.247388
22266.000000 0.246809
22268.000000 0.2464
22270.000000 0.24659
22272.000000 0.247331
22274.000000 0.246192
22276.000000 0.246515
22278.000000 0.247901
22280.000000 0.245903
22282.000000 0.247897
22284.000000 0.246136
22286.000000 0.248018
22288.000000 0.247172
22290.000000 0.249316
22292.000000 0.24683
22294.000000 0.247213
22296.000000 0.246532
22298.000000 0.248215
22300.000000 0.248519
22302.000000 0.24637
22304.000000 0.248262
22306.000000 0.246432
22308.000000 0.24849
22310.000000 0.24725
22312.000000 0.248757
22314.000000 0.247147
22316.000000 0.250302
22318.000000 0.24717
22320.000000 0.247874
22322.000000 0.247288
22324.000000 0.248515
22326.000000 0.248287
22328.000000 0.247914
22330.000000 0.247406
22332.000000 0.250926
22334.000000 0.248857
22336.000000 0.248752
22338.000000 0.249083
22340.000000 0.249026
22342.000000 0.247832
22344.000000 0.248909
22346.000000 0.250644
22348.000000 0.249501
22350.000000 0.249964
22352.000000 0.249452
22354.000000 0.249697
22356.000000 0.249852
22358.000000 0.248923
22360.000000 0.248589
22362.000000 0.248318
22364.000000 0.249644
22366.000000 0.24966
22368.000000 0.250087
22370.000000 0.250351
22372.000000 0.250553
22374.000000 0.250965
22376.000000 0.250934
22378.000000 0.250887
22380.000000 0.251318
22382.000000 0.250129
22384.000000 0.25134
22386.000000 0.249522
22388.000000 0.249685
22390.000000 0.250517
22392.000000 0.25089
22394.000000 0.250187
22396.000000 0.249892
22398.000000 0.250348
22400.000000 0.250433
22402.000000 0.250869
22404.000000 0.250796
22406.000000 0.252148
22408.000000 0.250639
22410.000000 0.250363
22412.000000 0.251332
22414.000000 0.251874
22416.000000 0.252171
22418.000000 0.253634
22420.000000 0.25302
22422.000000 0.252372
22424.000000 0.252882
22426.000000 0.253598
22428.000000 0.252266
22430.000000 0.252613
22432.000000 0.252126
22434.000000 0.253087
22436.000000 0.250146
22438.000000 0.254272
22440.000000 0.252851
22442.000000 0.251801
22444.000000 0.252372
22446.000000 0.253072
22448.000000 0.252673
22450.000000 0.252545
22452.000000 0.252438
22454.000000 0.25436
22456.000000 0.251673
22458.000000 0.252639
22460.000000 0.252474
22462.000000 0.25395
22464.000000 0.253558
22466.000000 0.254441
22468.000000 0.253979
22470.000000 0.254622
22472.000000 0.255008
22474.000000 0.254688
22476.000000 0.255641
22478.000000 0.255324
22480.000000 0.255307
22482.000000 0.255226
22484.000000 0.255674
22486.000000 0.253992
22488.000000 0.255189
22490.000000 0.256243
22492.000000 0.254168
22494.000000 0.255701
22496.000000 0.25614
22498.000000 0.255586
22500.000000 0.255376
22502.000000 0.257069
22504.000000 0.255931
22506.000000 0.255936
22508.000000 0.255788
22510.000000 0.255762
22512.000000 0.255896
22514.000000 0.256228
22516.000000 0.255558
22518.000000 0.255223
22520.000000 0.257028
22522.000000 0.256021
22524.000000 0.255732
22526.000000 0.25521
22528.000000 0.255256
22530.000000 0.256153
22532.000000 0.256714
22534.000000 0.255576
22536.000000 0.255847
22538.000000 0.254524
22540.000000 0.256015
22542.000000 0.257229
22544.000000 0.255974
22546.000000 0.257327
22548.000000 0.256796
22550.000000 0.256371
22552.000000 0.25624
22554.000000 0.257662
22556.000000 0.256767
22558.000000 0.256691
22560.000000 0.258755
22562.000000 0.254828
22564.000000 0.257878
22566.000000 0.256849
22568.000000 0.255905
22570.000000 0.255729
22572.000000 0.256613
22574.000000 0.254669
22576.000000 0.255159
22578.000000 0.255762
22580.000000 0.258273
22582.000000 0.255628
22584.000000 0.255174
22586.000000 0.2561
22588.000000 0.256338
22590.000000 0.256459
22592.000000 0.255598
22594.000000 0.254983
22596.000000 0.254678
22598.000000 0.254227
22600.000000 0.253657
22602.000000 0.255067
22604.000000 0.254874
22606.000000 0.253898
22608.000000 0.253087
22610.000000 0.252405
22612.000000 0.254334
22614.000000 0.252668
22616.000000 0.253593
22618.000000 0.251684
22620.000000 0.252725
22622.000000 0.252883
22624.000000 0.249661
22626.000000 0.252166
22628.000000 0.253597
22630.000000 0.250812
22632.000000 0.25091
22634.000000 0.249892
22636.000000 0.250493
22638.000000 0.249105
22640.000000 0.248863
22642.000000 0.249239
22644.000000 0.250375
22646.000000 0.248128
22648.000000 0.247019
22650.000000 0.246947
22652.000000 0.246418
22654.000000 0.24659
22656.000000 0.248511
22658.000000 0.246117
22660.000000 0.244326
22662.000000 0.244885
22664.000000 0.245516
22666.000000 0.246041
22668.000000 0.246158
22670.000000 0.243672
22672.000000 0.24331
22674.000000 0.244859
22676.000000 0.242099
22678.000000 0.243248
22680.000000 0.24171
22682.000000 0.240174
22684.000000 0.240281
22686.000000 0.237886
22688.000000 0.239456
22690.000000 0.239204
22692.000000 0.23792
22694.000000 0.238848
22696.000000 0.239007
22698.000000 0.235345
22700.000000 0.234163
22702.000000 0.237191
22704.000000 0.234146
22706.000000 0.23373
22708.000000 0.235103
22710.000000 0.233859
22712.000000 0.233527
22714.000000 0.231965
22716.000000 0.228987
22718.000000 0.229245
22720.000000 0.228623
22722.000000 0.227429
22724.000000 0.22877
22726.000000 0.227586
22728.000000 0.224085
22730.000000 0.22411
22732.000000 0.225616
22734.000000 0.223953
22736.000000 0.222823
22738.000000 0.221203
22740.000000 0.220118
22742.000000 0.219634
22744.000000 0.220308
22746.000000 0.218176
22748.000000 0.217471
22750.000000 0.216047
22752.000000 0.216024
22754.000000 0.214404
22756.000000 0.212342
22758.000000 0.212695
22760.000000 0.211537
22762.000000 0.211337
22764.000000 0.210272
22766.000000 0.209537
22768.000000 0.207433
22770.000000 0.206637
22772.000000 0.206382
22774.000000 0.205058
22776.000000 0.205149
22778.000000 0.201724
22780.000000 0.203211
22782.000000 0.200986
22784.000000 0.199278
22786.000000 0.199513
22788.000000 0.198304
22790.000000 0.196245
22792.000000 0.195161
22794.000000 0.194386
22796.000000 0.192416
22798.000000 0.191031
22800.000000 0.190214
22802.000000 0.188649
22804.000000 0.187246
22806.000000 0.186318
22808.000000 0.186046
22810.000000 0.18508
22812.000000 0.183455
22814.000000 0.182196
22816.000000 0.181226
22818.000000 0.179767
22820.000000 0.179461
22822.000000 0.177597
22824.000000 0.177463
22826.000000 0.176151
22828.000000 0.174808
22830.000000 0.173761
22832.000000 0.172333
22834.000000 0.170568
22836.000000 0.169857
22838.000000 0.168271
22840.000000 0.167822
22842.000000 0.165601
22844.000000 0.164957
22846.000000 0.163917
22848.000000 0.163179
22850.000000 0.161362
22852.000000 0.160348
22854.000000 0.159564
22856.000000 0.157999
22858.000000 0.15679
22860.000000 0.155397
22862.000000 0.154149
22864.000000 0.153385
22866.000000 0.15149
22868.000000 0.15075
22870.000000 0.149358
22872.000000 0.148439
22874.000000 0.147522
22876.000000 0.146461
22878.000000 0.144685
22880.000000 0.142892
22882.000000 0.143461
22884.000000 0.14123
22886.000000 0.139902
22888.000000 0.139489
22890.000000 0.137813
22892.000000 0.136791
22894.000000 0.13566
22896.000000 0.135462
22898.000000 0.133877
22900.000000 0.133432
22902.000000 0.132002
22904.000000 0.13087
22906.000000 0.129554
22908.000000 0.127906
22910.000000 0.127078
22912.000000 0.125469
22914.000000 0.124968
22916.000000 0.123795
22918.000000 0.123231
22920.000000 0.122112
22922.000000 0.120699
22924.000000 0.120052
22926.000000 0.118063
22928.000000 0.117769
22930.000000 0.115729
22932.000000 0.115393
22934.000000 0.114502
22936.000000 0.113739
22938.000000 0.112719
22940.000000 0.111563
22942.000000 0.110788
22944.000000 0.109491
22946.000000 0.108436
22948.000000 0.107504
22950.000000 0.106547
22952.000000 0.105504
22954.000000 0.104266
22956.000000 0.103885
22958.000000 0.103225
22960.000000 0.101935
22962.000000 0.100856
22964.000000 0.10007
22966.000000 0.0986766
22968.000000 0.0983265
22970.000000 0.0975896
22972.000000 0.096266
22974.000000 0.0951157
22976.000000 0.0947557
22978.000000 0.0940697
22980.000000 0.0927712
22982.000000 0.0919301
22984.000000 0.0916058
22986.000000 0.0906687
22988.000000 0.0900926
22990.000000 0.0891731
22992.000000 0.0872104
22994.000000 0.0871038
22996.000000 0.0862227
22998.000000 0.0856179
23000.000000 0.0843472
23002.000000 0.0833687
23004.000000 0.0833951
23006.000000 0.0819221
23008.000000 0.0814951
23010.000000 0.0810129
23012.000000 0.0804374
23014.000000 0.0793628
23016.000000 0.0780727
23018.000000 0.077902
23020.000000 0.0774129
23022.000000 0.0761286
23024.000000 0.0759231
23026.000000 0.0750826
23028.000000 0.0743823
23030.000000 0.0742563
23032.000000 0.0732795
23034.000000 0.0717888
23036.000000 0.0709606
23038.000000 0.0709506
23040.000000 0.0700359
23042.000000 0.0692615
23044.000000 0.0689059
23046.000000 0.0679908
23048.000000 0.0672141
23050.000000 0.0667473
23052.000000 0.0670981
23054.000000 0.0657722
23056.000000 0.0653188
23058.000000 0.0648594
23060.000000 0.0638399
23062.000000 0.0634029
23064.000000 0.0628579
23066.000000 0.0624222
23068.000000 0.0617663
23070.000000 0.0613059
23072.000000 0.0604936
23074.000000 0.0598484
23076.000000 0.0582887
23078.000000 0.058708
23080.000000 0.0588146
23082.000000 0.0579484
23084.000000 0.0571737
23086.000000 0.0573424
23088.000000 0.0558014
23090.000000 0.0557039
23092.000000 0.0551787
23094.000000 0.0545855
23096.000000 0.0537627
23098.000000 0.0529985
23100.000000 0.0528874
23102.000000 0.0528878
23104.000000 0.0515531
23106.000000 0.0516052
23108.000000 0.0517327
23110.000000 0.0503127
23112.000000 0.0499645
23114.000000 0.0499563
23116.000000 0.0491372
23118.000000 0.0486737
23120.000000 0.0486067
23122.000000 0.0477484
23124.000000 0.0474747
23126.000000 0.0471355
23128.000000 0.0468969
23130.000000 0.0467945
23132.000000 0.0460616
23134.000000 0.0453223
23136.000000 0.0454374
23138.000000 0.0448845
23140.000000 0.0443353
23142.000000 0.0445988
23144.000000 0.0434956
23146.000000 0.0430842
23148.000000 0.0427481
23150.000000 0.041843
23152.000000 0.0429086
23154.000000 0.04157
23156.000000 0.0411588
23158.000000 0.0412482
23160.000000 0.0409577
23162.000000 0.0400747
23164.000000 0.0394583
23166.000000 0.0395188
23168.000000 0.0390189
23170.000000 0.0386957
23172.000000 0.0380972
23174.000000 0.0375083
23176.000000 0.0381708
23178.000000 0.0376232
23180.000000 0.036722
23182.000000 0.0366143
23184.000000 0.0369327
23186.000000 0.03645
23188.000000 0.0356677
23190.000000 0.0351686
23192.000000 0.0354804
23194.000000 0.034529
23196.000000 0.0344224
23198.000000 0.0344767
23200.000000 0.0342084
23202.000000 0.0332667
23204.000000 0.0333
23206.000000 0.0332449
23208.000000 0.0331117
23210.000000 0.0329795
23212.000000 0.0321144
23214.000000 0.0321163
23216.000000 0.0320361
23218.000000 0.0316084
23220.000000 0.0314238
23222.000000 0.0306423
23224.000000 0.0307387
23226.000000 0.0308025
23228.000000 0.0300749
23230.000000 0.0300191
23232.000000 0.0297025
23234.000000 0.0291597
23236.000000 0.0287934
23238.000000 0.0294364
23240.000000 0.02907
23242.000000 0.0288379
23244.000000 0.0281671
23246.000000 0.0277706
23248.000000 0.0280342
23250.000000 0.0275548
23252.000000 0.0274249
23254.000000 0.0271842
23256.000000 0.0268266
23258.000000 0.0267235
23260.000000 0.0263258
23262.000000 0.0260789
23264.000000 0.0258972
23266.000000 0.0257651
23268.000000 0.0252413
23270.000000 0.0253763
23272.000000 0.0254891
23274.000000 0.0249971
23276.000000 0.0248133
23278.000000 0.024547
23280.000000 0.0249269
23282.000000 0.0241485
23284.000000 0.0238368
23286.000000 0.0242696
23288.000000 0.0229495
23290.000000 0.0242578
23292.000000 0.0238295
23294.000000 0.022826
23296.000000 0.0229399
23298.000000 0.022476
23300.000000 0.0230991
23302.000000 0.0224809
23304.000000 0.0214978
23306.000000 0.0215704
23308.000000 0.0216493
23310.000000 0.0213312
23312.000000 0.021554
23314.000000 0.0216544
23316.000000 0.0207102
23318.000000 0.0219468
23320.000000 0.0211833
23322.000000 0.0206555
23324.000000 0.0207797
23326.000000 0.0200997
23328.000000 0.0208007
23330.000000 0.0197624
23332.000000 0.0203223
23334.000000 0.0207285
23336.000000 0.0200339
23338.000000 0.0191495
23340.000000 0.0196203
23342.000000 0.0193366
23344.000000 0.0189334
23346.000000 0.0190119
23348.000000 0.0188914
23350.000000 0.0179433
23352.000000 0.0188395
23354.000000 0.0185778
23356.000000 0.0183073
23358.000000 0.0178651
23360.000000 0.0180426
23362.000000 0.0175037
23364.000000 0.0177952
23366.000000 0.0173251
23368.000000 0.0173068
23370.000000 0.0172989
23372.000000 0.0166928
23374.000000 0.0175894
23376.000000 0.0165856
23378.000000 0.0169006
23380.000000 0.0166872
23382.000000 0.0164755
23384.000000 0.0165927
23386.000000 0.0156841
23388.000000 0.015992
23390.000000 0.0161442
23392.000000 0.0164096
23394.000000 0.0157113
23396.000000 0.0153002
23398.000000 0.0160823
23400.000000 0.0154437
23402.000000 0.0150441
23404.000000 0.0147945
23406.000000 0.0158175
23408.000000 0.0149548
23410.000000 0.015202
23412.000000 0.0151291
23414.000000 0.0144676
23416.000000 0.0147472
23418.000000 0.0155083
23420.000000 0.0147311
23422.000000 0.014983
23424.000000 0.0143095
23426.000000 0.0135796
23428.000000 0.0138384
23430.000000 0.0142563
23432.000000 0.0139866
23434.000000 0.013738
23436.000000 0.0136901
23438.000000 0.0138955
23440.000000 0.0129442
23442.000000 0.013222
23444.000000 0.0132203
23446.000000 0.0138571
23448.000000 0.0133719
23450.000000 0.0125647
23452.000000 0.0127793
23454.000000 0.0127131
23456.000000 0.0123881
23458.000000 0.0125901
23460.000000 0.0125073
23462.000000 0.0129218
23464.000000 0.0121808
23466.000000 0.0117265
23468.000000 0.0121174
23470.000000 0.0109718
23472.000000 0.011818
23474.000000 0.0119549
23476.000000 0.0117641
23478.000000 0.0115291
23480.000000 0.011442
23482.000000 0.0107469
23484.000000 0.0110862
23486.000000 0.0107068
23488.000000 0.0121224
23490.000000 0.0107578
23492.000000 0.0103917
23494.000000 0.0110808
23496.000000 0.0110091
23498.000000 0.0102289
23500.000000 0.0111593
23502.000000 0.0111848
23504.000000 0.0108546
23506.000000 0.011136
23508.000000 0.0100078
23510.000000 0.00981573
23512.000000 0.0098838
23514.000000 0.0105843
23516.000000 0.00988945
23518.000000 0.00964836
23520.000000 0.0104674
23522.000000 0.0095903
23524.000000 0.00881744
23526.000000 0.0103276
23528.000000 0.00935796
23530.000000 0.0102547
23532.000000 0.00933109
23534.000000 0.0100643
23536.000000 0.00967387
23538.000000 0.00960015
23540.000000 0.00861316
23542.000000 0.00994433
23544.000000 0.00953053
23546.000000 0.00936573
23548.000000 0.00866993
23550.000000 0.00886809
23552.000000 0.00996264
23554.000000 0.00831132
23556.000000 0.0087998
23558.000000 0.0089742
23560.000000 0.00837471
23562.000000 0.00785279
23564.000000 0.00868007
23566.000000 0.00813056
23568.000000 0.00971172
23570.000000 0.00828478
23572.000000 0.00824777
23574.000000 0.00875308
23576.000000 0.0095247
23578.000000 0.00681735
23580.000000 0.00830289
23582.000000 0.00890943
23584.000000 0.00835148
23586.000000 0.00692726
23588.000000 0.00657125
23590.000000 0.00705701
23592.000000 0.00806326
23594.000000 0.00716831
23596.000000 0.00654466
23598.000000 0.00763967
23600.000000 0.00680634
23602.000000 0.00812637
23604.000000 0.00768773
23606.000000 0.00610483
23608.000000 0.00666964
23610.000000 0.00615445
23612.000000 0.00613559
23614.000000 0.00681449
23616.000000 0.00669021
23618.000000 0.00784974
23620.000000 0.00701126
23622.000000 0.00723336
23624.000000 0.00624463
23626.000000 0.00688229
23628.000000 0.00620503
23630.000000 0.00663477
23632.000000 0.00651038
23634.000000 0.00547
23636.000000 0.0061147
23638.000000 0.00616218
23640.000000 0.00486247
23642.000000 0.00560156
23644.000000 0.00709926
23646.000000 0.00498385
23648.000000 0.00616276
23650.000000 0.00643495
23652.000000 0.00653699
23654.000000 0.00607607
23656.000000 0.00588971
23658.000000 0.00523048
23660.000000 0.00508481
23662.000000 0.00596567
23664.000000 0.00558829
23666.000000 0.00536759
23668.000000 0.00660805
23670.000000 0.00516944
23672.000000 0.00456252
23674.000000 0.00485555
23676.000000 0.00678769
23678.000000 0.00500609
23680.000000 0.00446467
23682.000000 0.00496954
23684.000000 0.00554311
23686.000000 0.00466584
23688.000000 0.0046837
23690.000000 0.00395787
23692.000000 0.00551005
23694.000000 0.00432454
23696.000000 0.004557
23698.000000 0.00428683
23700.000000 0.00447907
23702.000000 0.00425696
23704.000000 0.00468113
23706.000000 0.00590616
23708.000000 0.0041437
23710.000000 0.00398984
23712.000000 0.00536907
23714.000000 0.00500952
23716.000000 0.00422696
23718.000000 0.00469041
23720.000000 0.00325316
23722.000000 0.00403409
23724.000000 0.00376023
23726.000000 0.00464387
23728.000000 0.00447978
23730.000000 0.00326045
23732.000000 0.00341052
23734.000000 0.00200825
23736.000000 0.00297825
23738.000000 0.00389491
23740.000000 0.00374203
23742.000000 0.00388319
23744.000000 0.00291149
23746.000000 0.00353741
23748.000000 0.00460021
23750.000000 0.00371651
23752.000000 0.00302724
23754.000000 0.00415556
23756.000000 0.00288356
23758.000000 0.00266769
23760.000000 0.00313478
23762.000000 0.00281457
23764.000000 0.00260729
23766.000000 0.00343598
23768.000000 0.00409004
23770.000000 0.00269845
23772.000000 0.00256455
23774.000000 0.00414499
23776.000000 0.00445524
23778.000000 0.000919495
23780.000000 0.00307586
23782.000000 0.00258271
23784.000000 0.00307242
23786.000000 0.00458955
23788.000000 0.0023459
23790.000000 0.00310039
23792.000000 0.00296235
23794.000000 0.00240624
23796.000000 0.00173437
23798.000000 0.00213945
23800.000000 0.00125227
23802.000000 0.00240111
23804.000000 0.0019915
23806.000000 0.00315205
23808.000000 0.00404138
23810.000000 0.00187044
23812.000000 0.00226206
23814.000000 0.00285165
23816.000000 0.00160341
23818.000000 0.00171616
23820.000000 0.00226648
23824.000000 0.00254879
23826.000000 0.00340282
23828.000000 0.00272212
23830.000000 0.00147495
23832.000000 0.00362813
23834.000000 0.00265571
23836.000000 0.00147385
23838.000000 0.00278724
23840.000000 0.00114101
23842.000000 0.00191297
23844.000000 0.00285765
23846.000000 0.000967744
23848.000000 0.00220483
23850.000000 0.000189147
23852.000000 0.00091356
23854.000000 0.0016713
23856.000000 0.00219108
23858.000000 0.000712122
23860.000000 0.00169103
23862.000000 0.000657972
23864.000000 0.00295802
23866.000000 0.00284913
23868.000000 0.000808946
23870.000000 0.00144265
23872.000000 0.0018872
23874.000000 0.00102677
23876.000000 0.00163568
23878.000000 0.00126802
23880.000000 0.00144618
23884.000000 0.00327055
23886.000000 0.0010955
23888.000000 0.00146227
23890.000000 0.00181721
23892.000000 0.00074333
23894.000000 0.00073945
23896.000000 0.00206293
23898.000000 0.00138548
23900.000000 0.0012125
23902.000000 0.00158326
23904.000000 0.00186296
23908.000000 0.000975637
23912.000000 0.0024265
23914.000000 0.000663188
23916.000000 0.000762006
23918.000000 0.000597082
23920.000000 0.00144722
23922.000000 0.000864556
23924.000000 0.00155494
23926.000000 0.00105152
23928.000000 0.00183313
23930.000000 0.00153074
23932.000000 0.00162905
23934.000000 0.00127935
23936.000000 0.000676617
23938.000000 0.000215554
23940.000000 0.00107103
23942.000000 0.00135399
23944.000000 0.00164973
23946.000000 0.00149049
23948.000000 0.00197086
23952.000000 0.000106732
23954.000000 0.000113856
23956.000000 0.00129102
23958.000000 0.00208736
23960.000000 0.000445887
23962.000000 0.00284666
23964.000000 0.000694068
23970.000000 0.00148499
23976.000000 0.000410657
23978.000000 0.000934158
23980.000000 0.00140405
23982.000000 0.000802577
23986.000000 0.000430372
23990.000000 0.00281054
23992.000000 0.00172464
23994.000000 0.000710226
23998.000000 0.000212219
24000.000000 0.000514986
