# ctio.decam.i
# photon
# CTIO DECam i total system throughput DR1 from SVO Filter Profile Service: https://svo2.cab.inta-csic.es/theory/fps3/fps.php?ID=CTIO/DECam.i
6750.000000 0
6755.000000 0.0004
6760.000000 0.00079
6765.000000 0.00085
6770.000000 0.00091
6775.000000 0.00098
6780.000000 0.00104
6785.000000 0.0011
6790.000000 0.00116
6795.000000 0.00122
6800.000000 0.00128
6805.000000 0.00135
6810.000000 0.00143
6815.000000 0.00151
6820.000000 0.00159
6825.000000 0.00169
6830.000000 0.00179
6835.000000 0.00189
6840.000000 0.00199
6845.000000 0.00212
6850.000000 0.00226
6855.000000 0.0024
6860.000000 0.00252
6865.000000 0.00256
6870.000000 0.00237
6875.000000 0.00233
6880.000000 0.00269
6885.000000 0.00308
6890.000000 0.00323
6895.000000 0.00342
6900.000000 0.00371
6905.000000 0.00408
6910.000000 0.00447
6915.000000 0.00485
6920.000000 0.00523
6925.000000 0.00586
6930.000000 0.00649
6935.000000 0.00709
6940.000000 0.00767
6945.000000 0.00886
6950.000000 0.01007
6955.000000 0.01126
6960.000000 0.01244
6965.000000 0.01533
6970.000000 0.01827
6975.000000 0.02116
6980.000000 0.024
6985.000000 0.03067
6990.000000 0.03727
6995.000000 0.04398
7000.000000 0.05079
7005.000000 0.06447
7010.000000 0.07812
7015.000000 0.09183
7020.000000 0.10555
7025.000000 0.12855
7030.000000 0.15174
7035.000000 0.17536
7040.000000 0.19842
7045.000000 0.23097
7050.000000 0.26352
7055.000000 0.29593
7060.000000 0.32869
7065.000000 0.36658
7070.000000 0.40455
7075.000000 0.44228
7080.000000 0.48002
7085.000000 0.5167
7090.000000 0.55327
7095.000000 0.58971
7100.000000 0.62584
7105.000000 0.65608
7110.000000 0.68653
7115.000000 0.71701
7120.000000 0.74738
7125.000000 0.76824
7130.000000 0.78886
7135.000000 0.80987
7140.000000 0.83081
7145.000000 0.84181
7150.000000 0.85254
7155.000000 0.86377
7160.000000 0.87393
7165.000000 0.87273
7170.000000 0.86327
7175.000000 0.85399
7180.000000 0.85202
7185.000000 0.84091
7190.000000 0.83438
7195.000000 0.83722
7200.000000 0.83988
7205.000000 0.84741
7210.000000 0.86688
7215.000000 0.88573
7220.000000 0.89164
7225.000000 0.89013
7230.000000 0.87865
7235.000000 0.86061
7240.000000 0.85934
7245.000000 0.86241
7250.000000 0.86832
7255.000000 0.87343
7260.000000 0.88157
7265.000000 0.88321
7270.000000 0.88411
7275.000000 0.8802
7280.000000 0.88136
7285.000000 0.89426
7290.000000 0.89364
7295.000000 0.89628
7300.000000 0.90291
7305.000000 0.89962
7310.000000 0.8994
7315.000000 0.90103
7320.000000 0.90515
7325.000000 0.91189
7330.000000 0.91389
7335.000000 0.91275
7340.000000 0.91364
7345.000000 0.91386
7350.000000 0.91288
7355.000000 0.91274
7360.000000 0.91158
7365.000000 0.91217
7370.000000 0.91367
7375.000000 0.91657
7380.000000 0.91891
7385.000000 0.9208
7390.000000 0.92306
7395.000000 0.92514
7400.000000 0.9274
7405.000000 0.9296
7410.000000 0.93115
7415.000000 0.93252
7420.000000 0.93407
7425.000000 0.93428
7430.000000 0.93487
7435.000000 0.93565
7440.000000 0.93596
7445.000000 0.93551
7450.000000 0.93535
7455.000000 0.93499
7460.000000 0.93482
7465.000000 0.93469
7470.000000 0.93447
7475.000000 0.93414
7480.000000 0.93392
7485.000000 0.93437
7490.000000 0.93472
7495.000000 0.93517
7500.000000 0.93553
7505.000000 0.93581
7510.000000 0.93637
7515.000000 0.93684
7520.000000 0.93721
7525.000000 0.93758
7530.000000 0.93795
7535.000000 0.93822
7540.000000 0.93849
7545.000000 0.93799
7550.000000 0.93757
7555.000000 0.93716
7560.000000 0.93656
7565.000000 0.93577
7570.000000 0.93488
7575.000000 0.93399
7580.000000 0.93292
7585.000000 0.92458
7590.000000 0.87577
7595.000000 0.69387
7600.000000 0.43592
7605.000000 0.30247
7610.000000 0.31846
7615.000000 0.45553
7620.000000 0.59922
7625.000000 0.57903
7630.000000 0.50073
7635.000000 0.50198
7640.000000 0.54583
7645.000000 0.59945
7650.000000 0.66282
7655.000000 0.7203
7660.000000 0.76678
7665.000000 0.80615
7670.000000 0.8479
7675.000000 0.87574
7680.000000 0.89168
7685.000000 0.90152
7690.000000 0.90828
7695.000000 0.91467
7700.000000 0.92255
7705.000000 0.92826
7710.000000 0.93089
7715.000000 0.93213
7720.000000 0.93299
7725.000000 0.93377
7730.000000 0.93436
7735.000000 0.93513
7740.000000 0.93582
7745.000000 0.93769
7750.000000 0.93928
7755.000000 0.94106
7760.000000 0.94255
7765.000000 0.94341
7770.000000 0.94408
7775.000000 0.94484
7780.000000 0.94542
7785.000000 0.94565
7790.000000 0.94589
7795.000000 0.94603
7800.000000 0.94636
7805.000000 0.94585
7810.000000 0.94544
7815.000000 0.94502
7820.000000 0.94461
7825.000000 0.94416
7830.000000 0.94372
7835.000000 0.94328
7840.000000 0.94293
7845.000000 0.9431
7850.000000 0.94317
7855.000000 0.94334
7860.000000 0.94341
7865.000000 0.94287
7870.000000 0.94242
7875.000000 0.94245
7880.000000 0.9421
7885.000000 0.94053
7890.000000 0.93802
7895.000000 0.93561
7900.000000 0.93423
7905.000000 0.93268
7910.000000 0.93122
7915.000000 0.93032
7920.000000 0.92866
7925.000000 0.92531
7930.000000 0.92344
7935.000000 0.92398
7940.000000 0.92331
7945.000000 0.92085
7950.000000 0.91784
7955.000000 0.91429
7960.000000 0.90835
7965.000000 0.90649
7970.000000 0.90857
7975.000000 0.90963
7980.000000 0.90987
7985.000000 0.91158
7990.000000 0.91356
7995.000000 0.91564
8000.000000 0.91606
8005.000000 0.91731
8010.000000 0.91912
8015.000000 0.92194
8020.000000 0.92495
8025.000000 0.926
8030.000000 0.92704
8035.000000 0.92911
8040.000000 0.93081
8045.000000 0.93097
8050.000000 0.93234
8055.000000 0.93363
8060.000000 0.93369
8065.000000 0.93361
8070.000000 0.93382
8075.000000 0.93393
8080.000000 0.93395
8085.000000 0.9314
8090.000000 0.92894
8095.000000 0.92574
8100.000000 0.92394
8105.000000 0.92017
8110.000000 0.91409
8115.000000 0.91445
8120.000000 0.91545
8125.000000 0.91409
8130.000000 0.90792
8135.000000 0.89667
8140.000000 0.89208
8145.000000 0.89056
8150.000000 0.88366
8155.000000 0.87536
8160.000000 0.86715
8165.000000 0.8642
8170.000000 0.87828
8175.000000 0.8783
8180.000000 0.86442
8185.000000 0.87285
8190.000000 0.87899
8195.000000 0.87829
8200.000000 0.87675
8205.000000 0.89393
8210.000000 0.90654
8215.000000 0.9037
8220.000000 0.89252
8225.000000 0.85949
8230.000000 0.816
8235.000000 0.83352
8240.000000 0.87465
8245.000000 0.88949
8250.000000 0.89264
8255.000000 0.88976
8260.000000 0.88743
8265.000000 0.89799
8270.000000 0.90134
8275.000000 0.88519
8280.000000 0.87604
8285.000000 0.88457
8290.000000 0.88637
8295.000000 0.89122
8300.000000 0.90186
8305.000000 0.90873
8310.000000 0.92193
8315.000000 0.92258
8320.000000 0.91399
8325.000000 0.92088
8330.000000 0.9308
8335.000000 0.93033
8340.000000 0.9326
8345.000000 0.93716
8350.000000 0.93754
8355.000000 0.935
8360.000000 0.93379
8365.000000 0.93361
8370.000000 0.9338
8375.000000 0.93287
8380.000000 0.93183
8385.000000 0.93231
8390.000000 0.93222
8395.000000 0.93032
8400.000000 0.92795
8405.000000 0.92771
8410.000000 0.92746
8415.000000 0.92861
8420.000000 0.92948
8425.000000 0.93048
8430.000000 0.93073
8435.000000 0.933
8440.000000 0.93582
8445.000000 0.93653
8450.000000 0.93704
8455.000000 0.93756
8460.000000 0.93751
8465.000000 0.94124
8470.000000 0.94554
8475.000000 0.94937
8480.000000 0.95262
8485.000000 0.95498
8490.000000 0.95754
8495.000000 0.96028
8500.000000 0.96293
8505.000000 0.95534
8510.000000 0.94756
8515.000000 0.93987
8520.000000 0.93266
8525.000000 0.89956
8530.000000 0.86616
8535.000000 0.83249
8540.000000 0.79865
8545.000000 0.73196
8550.000000 0.66546
8555.000000 0.59886
8560.000000 0.53223
8565.000000 0.40074
8570.000000 0.26914
8575.000000 0.2702
8580.000000 0.27134
8585.000000 0.1895
8590.000000 0.10757
8595.000000 0.10735
8600.000000 0.10714
8605.000000 0.07299
8610.000000 0.03883
8615.000000 0.03892
8620.000000 0.03901
8625.000000 0.02657
8630.000000 0.01414
8635.000000 0.01432
8640.000000 0.0145
8645.000000 0.01021
8650.000000 0.00592
8655.000000 0.00583
8660.000000 0.00575
8665.000000 0.00423
8670.000000 0.00271
8675.000000 0.00247
8680.000000 0.00224
8685.000000 0.002
8690.000000 0.00177
8695.000000 0.00089
8700.000000 0
