# ctio.decam.g
# photon
# CTIO DECam g total system throughput DR1 from SVO Filter Profile Service: https://svo2.cab.inta-csic.es/theory/fps3/fps.php?ID=CTIO/DECam.g
3815.000000 0.00054
3820.000000 0.0006
3825.000000 0.0006
3830.000000 0.0006
3835.000000 0.0007
3840.000000 0.00079
3845.000000 0.00087
3850.000000 0.00095
3855.000000 0.00103
3860.000000 0.00111
3865.000000 0.00123
3870.000000 0.00135
3875.000000 0.00147
3880.000000 0.00159
3885.000000 0.00178
3890.000000 0.00198
3895.000000 0.00218
3900.000000 0.00238
3905.000000 0.00237
3910.000000 0.00235
3915.000000 0.00334
3920.000000 0.00434
3925.000000 0.00659
3930.000000 0.00885
3935.000000 0.01112
3940.000000 0.01341
3945.000000 0.01368
3950.000000 0.01396
3955.000000 0.04649
3960.000000 0.07916
3965.000000 0.11349
3970.000000 0.14792
3975.000000 0.18245
3980.000000 0.2171
3985.000000 0.21702
3990.000000 0.21702
3995.000000 0.22946
4000.000000 0.24196
4005.000000 0.24782
4010.000000 0.25377
4015.000000 0.2597
4020.000000 0.2657
4025.000000 0.26781
4030.000000 0.26989
4035.000000 0.27218
4040.000000 0.27447
4045.000000 0.27518
4050.000000 0.27589
4055.000000 0.27918
4060.000000 0.28255
4065.000000 0.28453
4070.000000 0.28645
4075.000000 0.29074
4080.000000 0.29494
4085.000000 0.29568
4090.000000 0.29645
4095.000000 0.29904
4100.000000 0.30158
4105.000000 0.30343
4110.000000 0.3053
4115.000000 0.30721
4120.000000 0.30906
4125.000000 0.31047
4130.000000 0.31185
4135.000000 0.31427
4140.000000 0.31681
4145.000000 0.31835
4150.000000 0.31986
4155.000000 0.32481
4160.000000 0.3297
4165.000000 0.33271
4170.000000 0.33565
4175.000000 0.3386
4180.000000 0.3416
4185.000000 0.34255
4190.000000 0.34357
4195.000000 0.34423
4200.000000 0.34485
4205.000000 0.34558
4210.000000 0.3463
4215.000000 0.3487
4220.000000 0.35111
4225.000000 0.35181
4230.000000 0.35251
4235.000000 0.35847
4240.000000 0.36437
4245.000000 0.36638
4250.000000 0.36858
4255.000000 0.37083
4260.000000 0.37296
4265.000000 0.37474
4270.000000 0.37645
4275.000000 0.38042
4280.000000 0.38446
4285.000000 0.38514
4290.000000 0.38577
4295.000000 0.3901
4300.000000 0.39429
4305.000000 0.39591
4310.000000 0.39765
4315.000000 0.39947
4320.000000 0.40138
4325.000000 0.40363
4330.000000 0.40572
4335.000000 0.40773
4340.000000 0.40987
4345.000000 0.41237
4350.000000 0.41477
4355.000000 0.4174
4360.000000 0.42011
4365.000000 0.42246
4370.000000 0.4248
4375.000000 0.42716
4380.000000 0.42925
4385.000000 0.43198
4390.000000 0.43457
4395.000000 0.43744
4400.000000 0.44048
4405.000000 0.44259
4410.000000 0.44464
4415.000000 0.44652
4420.000000 0.44844
4425.000000 0.45003
4430.000000 0.4516
4435.000000 0.45327
4440.000000 0.45489
4445.000000 0.45631
4450.000000 0.45782
4455.000000 0.45951
4460.000000 0.46135
4465.000000 0.46304
4470.000000 0.4645
4475.000000 0.46591
4480.000000 0.46705
4485.000000 0.46858
4490.000000 0.47038
4495.000000 0.47238
4500.000000 0.4742
4505.000000 0.47581
4510.000000 0.47739
4515.000000 0.47891
4520.000000 0.48054
4525.000000 0.48262
4530.000000 0.48474
4535.000000 0.48693
4540.000000 0.48916
4545.000000 0.49047
4550.000000 0.49163
4555.000000 0.49273
4560.000000 0.49394
4565.000000 0.49471
4570.000000 0.49548
4575.000000 0.4962
4580.000000 0.49672
4585.000000 0.49849
4590.000000 0.50045
4595.000000 0.50247
4600.000000 0.50439
4605.000000 0.50623
4610.000000 0.50808
4615.000000 0.50997
4620.000000 0.51202
4625.000000 0.51366
4630.000000 0.51521
4635.000000 0.51661
4640.000000 0.5181
4645.000000 0.51951
4650.000000 0.52097
4655.000000 0.52254
4660.000000 0.52401
4665.000000 0.52444
4670.000000 0.5246
4675.000000 0.52483
4680.000000 0.52515
4685.000000 0.52605
4690.000000 0.52689
4695.000000 0.52779
4700.000000 0.52875
4705.000000 0.53006
4710.000000 0.53144
4715.000000 0.53286
4720.000000 0.53424
4725.000000 0.53612
4730.000000 0.538
4735.000000 0.53977
4740.000000 0.54143
4745.000000 0.54329
4750.000000 0.54536
4755.000000 0.54744
4760.000000 0.54952
4765.000000 0.55017
4770.000000 0.55076
4775.000000 0.55135
4780.000000 0.5519
4785.000000 0.55239
4790.000000 0.55278
4795.000000 0.55304
4800.000000 0.55354
4805.000000 0.55507
4810.000000 0.55654
4815.000000 0.55802
4820.000000 0.55956
4825.000000 0.56039
4830.000000 0.56129
4835.000000 0.56213
4840.000000 0.56298
4845.000000 0.56307
4850.000000 0.56311
4855.000000 0.5632
4860.000000 0.56328
4865.000000 0.56493
4870.000000 0.56658
4875.000000 0.56799
4880.000000 0.56959
4885.000000 0.57107
4890.000000 0.57277
4895.000000 0.57477
4900.000000 0.5767
4905.000000 0.57769
4910.000000 0.57862
4915.000000 0.57949
4920.000000 0.58037
4925.000000 0.58019
4930.000000 0.58008
4935.000000 0.5799
4940.000000 0.57973
4945.000000 0.58022
4950.000000 0.58076
4955.000000 0.58136
4960.000000 0.58179
4965.000000 0.58399
4970.000000 0.58612
4975.000000 0.58838
4980.000000 0.59058
4985.000000 0.59205
4990.000000 0.59328
4995.000000 0.59452
5000.000000 0.59582
5005.000000 0.5967
5010.000000 0.5977
5015.000000 0.59871
5020.000000 0.59965
5025.000000 0.5999
5030.000000 0.60016
5035.000000 0.60035
5040.000000 0.60072
5045.000000 0.60175
5050.000000 0.60291
5055.000000 0.60387
5060.000000 0.60491
5065.000000 0.60653
5070.000000 0.60828
5075.000000 0.6099
5080.000000 0.61165
5085.000000 0.61281
5090.000000 0.61397
5095.000000 0.61513
5100.000000 0.61623
5105.000000 0.6161
5110.000000 0.61604
5115.000000 0.61579
5120.000000 0.61548
5125.000000 0.61604
5130.000000 0.61667
5135.000000 0.61742
5140.000000 0.61799
5145.000000 0.61959
5150.000000 0.62119
5155.000000 0.62279
5160.000000 0.62439
5165.000000 0.62523
5170.000000 0.62594
5175.000000 0.62672
5180.000000 0.6275
5185.000000 0.62846
5190.000000 0.62955
5195.000000 0.63064
5200.000000 0.63187
5205.000000 0.63349
5210.000000 0.63531
5215.000000 0.63713
5220.000000 0.63888
5225.000000 0.64029
5230.000000 0.64163
5235.000000 0.64296
5240.000000 0.64423
5245.000000 0.64493
5250.000000 0.64557
5255.000000 0.64628
5260.000000 0.64705
5265.000000 0.64723
5270.000000 0.64741
5275.000000 0.64772
5280.000000 0.64783
5285.000000 0.6482
5290.000000 0.64857
5295.000000 0.649
5300.000000 0.64943
5305.000000 0.65046
5310.000000 0.6515
5315.000000 0.65246
5320.000000 0.65356
5325.000000 0.65459
5330.000000 0.65569
5335.000000 0.65679
5340.000000 0.6579
5345.000000 0.65922
5350.000000 0.66062
5355.000000 0.66195
5360.000000 0.66329
5365.000000 0.66277
5370.000000 0.66232
5375.000000 0.6618
5380.000000 0.66122
5385.000000 0.65961
5390.000000 0.65812
5395.000000 0.65651
5400.000000 0.65496
5405.000000 0.65642
5410.000000 0.65767
5415.000000 0.65907
5420.000000 0.66045
5425.000000 0.66485
5430.000000 0.66925
5435.000000 0.67344
5440.000000 0.67785
5445.000000 0.6556
5450.000000 0.63328
5455.000000 0.61088
5460.000000 0.58855
5465.000000 0.50518
5470.000000 0.4219
5475.000000 0.33838
5480.000000 0.25488
5485.000000 0.20347
5490.000000 0.152
5495.000000 0.10052
5500.000000 0.049
5505.000000 0.0395
5510.000000 0.03
5515.000000 0.02049
5520.000000 0.01099
5525.000000 0.00887
5530.000000 0.00676
5535.000000 0.00464
5540.000000 0.00253
5545.000000 0.00213
5550.000000 0.00174
5555.000000 0.00134
5560.000000 0.00095
5565.000000 0.00085
5570.000000 0.00075
5575.000000 0.00065
5580.000000 0.00055
5585.000000 0.00051
